,input_dim1,pred_dim1,input_dim2,pred_dim2,input_dim3,pred_dim3,label
0,13.330034,1.0,0.007633588,1.0,,,1.0
1,60.33253,1.0,0.007017544,1.0,,,1.0
2,15.583794,1.0,0.0,1.0,,,1.0
3,49.789387,1.0,0.004901961,1.0,,,1.0
4,66.91373,1.0,0.0,1.0,,,1.0
5,20.729706,1.0,0.004830918,1.0,,,1.0
6,29.006056,1.0,0.010989011,1.0,,,1.0
7,33.302765,1.0,0.00625,1.0,,,1.0
8,43.880405,1.0,0.009708738,1.0,,,1.0
9,17.246632,1.0,0.008928572,1.0,,,1.0
10,14.054416,1.0,0.014925373,1.0,,,1.0
11,20.253557,1.0,0.0056818184,1.0,,,1.0
12,66.482666,1.0,0.003921569,1.0,,,1.0
13,23.464256,1.0,0.006430868,1.0,,,1.0
14,23.567036,1.0,0.0063897762,1.0,,,1.0
15,25.471416,1.0,0.0,1.0,,,1.0
16,6.137578,1.0,0.0,1.0,,,1.0
17,102.72474,1.0,0.0056338026,1.0,,,1.0
18,38.96952,1.0,0.027777778,1.0,,,1.0
19,48.545094,1.0,0.005235602,1.0,,,1.0
20,56.433765,1.0,0.005524862,1.0,,,1.0
21,18.898735,1.0,0.009345794,1.0,,,1.0
22,19.165085,1.0,0.021276595,1.0,,,1.0
23,50.058445,1.0,0.004454343,1.0,,,1.0
24,23.18951,1.0,0.003960396,1.0,,,1.0
25,78.47665,1.0,0.0036101083,1.0,,,1.0
26,15.569077,1.0,0.0,1.0,,,1.0
27,31.186705,1.0,0.012048192,1.0,,,1.0
28,88.84265,1.0,0.007380074,1.0,,,1.0
29,25.57826,1.0,0.010752688,1.0,,,1.0
30,8.013602,1.0,0.0,1.0,,,1.0
31,8.313794,1.0,0.003164557,1.0,,,1.0
32,29.234522,1.0,0.008368201,1.0,,,1.0
33,17.875727,1.0,0.006849315,1.0,,,1.0
34,11.762051,1.0,0.0,1.0,,,1.0
35,16.745567,1.0,0.0,1.0,,,1.0
36,43.38592,1.0,0.0,1.0,,,1.0
37,37.984512,1.0,0.007142857,1.0,,,1.0
38,37.0169,1.0,0.004310345,1.0,,,1.0
39,11.223997,1.0,0.0013315579,1.0,,,1.0
40,10.21602,1.0,0.0,1.0,,,1.0
41,6.2028284,1.0,0.0,1.0,,,1.0
42,86.44912,1.0,0.0032573289,1.0,,,1.0
43,31.790745,1.0,0.010638298,1.0,,,1.0
44,21.140133,1.0,0.0,1.0,,,1.0
45,15.589736,1.0,0.014084507,1.0,,,1.0
46,94.40702,1.0,0.004032258,1.0,,,1.0
47,4.0559335,1.0,0.023255814,1.0,,,1.0
48,19.011799,1.0,0.0028985508,1.0,,,1.0
49,73.504425,1.0,0.0072727273,1.0,,,1.0
50,17.862709,1.0,0.00591716,1.0,,,1.0
51,26.038668,1.0,0.008,1.0,,,1.0
52,24.420267,1.0,0.0066225166,1.0,,,1.0
53,99.35336,1.0,0.006968641,1.0,,,1.0
54,32.96296,1.0,0.015151516,1.0,,,1.0
55,20.501278,1.0,0.0,1.0,,,1.0
56,8.467684,1.0,0.0,1.0,,,1.0
57,54.31632,1.0,0.005524862,1.0,,,1.0
58,5.4948792,1.0,0.0,1.0,,,1.0
59,20.80803,1.0,0.0076923077,1.0,,,1.0
60,124.35362,1.0,0.008547009,1.0,,,1.0
61,89.530876,1.0,0.007194245,1.0,,,1.0
62,41.83559,1.0,0.013157895,1.0,,,1.0
63,27.576813,1.0,0.01980198,1.0,,,1.0
64,1.971703,1.0,0.0,1.0,,,1.0
65,9.569617,1.0,0.011049724,1.0,,,1.0
66,3.2597945,1.0,0.0,1.0,,,1.0
67,32.76053,1.0,0.023809524,1.0,,,1.0
68,14.504583,1.0,0.018181818,1.0,,,1.0
69,13.538914,1.0,0.0,1.0,,,1.0
70,34.280518,1.0,0.00952381,1.0,,,1.0
71,20.514862,1.0,0.006472492,1.0,,,1.0
72,15.829303,1.0,0.007067138,1.0,,,1.0
73,6.262397,1.0,0.0037453184,1.0,,,1.0
74,85.39203,1.0,0.00862069,1.0,,,1.0
75,49.789387,1.0,0.0039525693,1.0,,,1.0
76,22.288519,1.0,0.0,1.0,,,1.0
77,45.776028,1.0,0.0071174377,1.0,,,1.0
78,15.120454,1.0,0.007380074,1.0,,,1.0
79,26.111038,1.0,0.054054055,1.0,,,1.0
80,14.605317,1.0,0.013333334,1.0,,,1.0
81,21.516731,1.0,0.0,1.0,,,1.0
82,14.740854,1.0,0.024390243,1.0,,,1.0
83,19.562376,1.0,0.00990099,1.0,,,1.0
84,62.83131,1.0,0.027027028,1.0,,,1.0
85,26.618895,1.0,0.009345794,1.0,,,1.0
86,37.243046,1.0,0.0037453184,1.0,,,1.0
87,52.333042,1.0,0.0028818443,1.0,,,1.0
88,35.703056,1.0,0.006369427,1.0,,,1.0
89,17.857367,1.0,0.025,1.0,,,1.0
90,7.9717326,1.0,0.0,1.0,,,1.0
91,25.733253,1.0,0.010638298,1.0,,,1.0
92,26.358833,1.0,0.010752688,1.0,,,1.0
93,51.034954,1.0,0.010989011,1.0,,,1.0
94,46.373108,1.0,0.0043010754,1.0,,,1.0
95,78.47665,1.0,0.01369863,1.0,,,1.0
96,16.645365,1.0,0.0,1.0,,,1.0
97,41.893364,1.0,0.0,1.0,,,1.0
98,86.02153,1.0,0.006968641,1.0,,,1.0
99,9.886144,1.0,0.0025125628,1.0,,,1.0
100,104.3949,1.0,0.007194245,1.0,,,1.0
101,31.779602,1.0,0.0,1.0,,,1.0
102,16.289019,1.0,0.0,1.0,,,1.0
103,26.37467,1.0,0.020408163,1.0,,,1.0
104,31.694244,1.0,0.012578616,1.0,,,1.0
105,30.149088,1.0,0.0,1.0,,,1.0
106,79.106575,1.0,0.0,1.0,,,1.0
107,19.516108,1.0,0.011494253,1.0,,,1.0
108,78.334885,1.0,0.004219409,1.0,,,1.0
109,27.43373,1.0,0.0,1.0,,,1.0
110,13.011626,1.0,0.0,1.0,,,1.0
111,15.175941,1.0,0.03846154,1.0,,,1.0
112,10.139115,1.0,0.04255319,1.0,,,1.0
113,16.9954,1.0,0.0,1.0,,,1.0
114,124.35362,1.0,0.0074626864,1.0,,,1.0
115,94.0619,1.0,0.0041753654,1.0,,,1.0
116,14.577487,1.0,0.012658228,1.0,,,1.0
117,36.056908,1.0,0.005291005,1.0,,,1.0
118,23.634144,1.0,0.0024937657,1.0,,,1.0
119,53.88359,1.0,0.0078125,1.0,,,1.0
120,66.482666,1.0,0.008130081,1.0,,,1.0
121,23.667639,1.0,0.013333334,1.0,,,1.0
122,26.069431,1.0,0.0065789474,1.0,,,1.0
123,78.22397,1.0,0.015151516,1.0,,,1.0
124,47.659477,1.0,0.0,1.0,,,1.0
125,8.992772,1.0,0.00152207,1.0,,,1.0
126,53.14647,1.0,0.010416667,1.0,,,1.0
127,50.466843,1.0,0.01923077,1.0,,,1.0
128,26.088165,1.0,0.0,1.0,,,1.0
129,33.345943,1.0,0.006329114,1.0,,,1.0
130,11.6617565,1.0,0.0,1.0,,,1.0
131,5.5356035,1.0,0.0,1.0,,,1.0
132,60.302986,1.0,0.0033670033,1.0,,,1.0
133,23.464256,1.0,0.0078125,1.0,,,1.0
134,78.47665,1.0,0.010869565,1.0,,,1.0
135,13.154562,1.0,0.010309278,1.0,,,1.0
136,9.558575,1.0,0.010526316,1.0,,,1.0
137,14.280531,1.0,0.0057636886,1.0,,,1.0
138,24.614609,1.0,0.0,1.0,,,1.0
139,16.55163,1.0,0.0,1.0,,,1.0
140,18.71661,1.0,0.041666668,1.0,,,1.0
141,1.1242651,1.0,0.0,1.0,,,1.0
142,26.105045,1.0,0.0060790274,1.0,,,1.0
143,50.058445,1.0,0.0121951215,1.0,,,1.0
144,14.3829975,1.0,0.009009009,1.0,,,1.0
145,39.993114,1.0,0.0064102565,1.0,,,1.0
146,96.84659,1.0,0.004016064,1.0,,,1.0
147,58.676807,1.0,0.008130081,1.0,,,1.0
148,94.27873,1.0,0.004474273,1.0,,,1.0
149,51.433937,1.0,0.00952381,1.0,,,1.0
150,35.67227,1.0,0.022222223,1.0,,,1.0
151,1.0733941,1.0,0.0,1.0,,,1.0
152,2.1912005,1.0,0.0,1.0,,,1.0
153,117.691864,1.0,0.005221932,1.0,,,1.0
154,29.060438,1.0,0.0,1.0,,,1.0
155,47.930298,1.0,0.006369427,1.0,,,1.0
156,43.430492,1.0,0.003649635,1.0,,,1.0
157,49.67842,1.0,0.010695187,1.0,,,1.0
158,7.687755,1.0,0.0,1.0,,,1.0
159,9.693792,1.0,0.01438849,1.0,,,1.0
160,57.555965,1.0,0.00486618,1.0,,,1.0
161,20.210707,1.0,0.0,1.0,,,1.0
162,23.718357,1.0,0.0,1.0,,,1.0
163,69.13106,1.0,0.004237288,1.0,,,1.0
164,15.822903,1.0,0.0,1.0,,,1.0
165,85.39203,1.0,0.004347826,1.0,,,1.0
166,20.032597,1.0,0.017094018,1.0,,,1.0
167,63.723694,1.0,0.0,1.0,,,1.0
168,85.39203,1.0,0.009708738,1.0,,,1.0
169,14.057926,1.0,0.006006006,1.0,,,1.0
170,28.877544,1.0,0.0088495575,1.0,,,1.0
171,37.45758,1.0,0.01058201,1.0,,,1.0
172,50.29413,1.0,0.0043668123,1.0,,,1.0
173,102.72474,1.0,0.006042296,1.0,,,1.0
174,20.132132,1.0,0.010989011,1.0,,,1.0
175,40.459732,1.0,0.00913242,1.0,,,1.0
176,48.068512,1.0,0.010204081,1.0,,,1.0
177,88.882866,1.0,0.006430868,1.0,,,1.0
178,17.241955,1.0,0.0056818184,1.0,,,1.0
179,32.082397,1.0,0.00952381,1.0,,,1.0
180,14.740854,1.0,0.0,1.0,,,1.0
181,14.123951,1.0,0.0,1.0,,,1.0
182,38.48022,1.0,0.0,1.0,,,1.0
183,4.5264177,1.0,0.0,1.0,,,1.0
184,15.267415,1.0,0.009756098,1.0,,,1.0
185,53.428047,1.0,0.02,1.0,,,1.0
186,30.827036,1.0,0.01369863,1.0,,,1.0
187,67.38223,1.0,0.00877193,1.0,,,1.0
188,14.914217,1.0,0.003322259,1.0,,,1.0
189,69.420654,1.0,0.0029069767,1.0,,,1.0
190,9.50374,1.0,0.0,1.0,,,1.0
191,24.81853,1.0,0.014492754,1.0,,,1.0
192,13.316573,1.0,0.005063291,1.0,,,1.0
193,26.464878,1.0,0.0,1.0,,,1.0
194,17.75629,1.0,0.0,1.0,,,1.0
195,26.326637,1.0,0.0028248588,1.0,,,1.0
196,40.818283,1.0,0.0,1.0,,,1.0
197,17.862709,1.0,0.0,1.0,,,1.0
198,54.970505,1.0,0.0032051282,1.0,,,1.0
199,14.225011,1.0,0.006042296,1.0,,,1.0
200,23.065699,1.0,0.0,1.0,,,1.0
201,32.420284,1.0,0.020408163,1.0,,,1.0
202,19.67453,1.0,0.008196721,1.0,,,1.0
203,81.40033,1.0,0.0,1.0,,,1.0
204,48.97928,1.0,0.0038095238,1.0,,,1.0
205,35.344078,1.0,0.0035971224,1.0,,,1.0
206,24.535927,1.0,0.0,1.0,,,1.0
207,29.348307,1.0,0.0015898251,1.0,,,1.0
208,11.460513,1.0,0.009708738,1.0,,,1.0
209,6.48137,1.0,0.06451613,1.0,,,1.0
210,100.57325,1.0,0.0,1.0,,,1.0
211,14.191603,1.0,0.025316456,1.0,,,1.0
212,11.341791,1.0,0.008333334,1.0,,,1.0
213,50.058445,1.0,0.0,1.0,,,1.0
214,47.14422,1.0,0.0,1.0,,,1.0
215,33.16621,1.0,0.0,1.0,,,1.0
216,17.36989,1.0,0.010928961,1.0,,,1.0
217,50.0121,1.0,0.0,1.0,,,1.0
218,20.548378,1.0,0.004494382,1.0,,,1.0
219,50.108963,1.0,0.0040983604,1.0,,,1.0
220,3.1500552,1.0,0.0,1.0,,,1.0
221,21.050339,1.0,0.011494253,1.0,,,1.0
222,53.98461,1.0,0.0018281536,1.0,,,1.0
223,20.090929,1.0,0.008888889,1.0,,,1.0
224,10.502148,1.0,0.0,1.0,,,1.0
225,66.482666,1.0,0.008333334,1.0,,,1.0
226,4.7114096,1.0,0.001984127,1.0,,,1.0
227,69.73952,1.0,0.0049261083,1.0,,,1.0
228,53.428047,1.0,0.006329114,1.0,,,1.0
229,72.92864,1.0,0.0032573289,1.0,,,1.0
230,53.51324,1.0,0.011494253,1.0,,,1.0
231,66.76958,1.0,0.007246377,1.0,,,1.0
232,7.4912186,1.0,0.0,1.0,,,1.0
233,14.716344,1.0,0.0,1.0,,,1.0
234,49.069714,1.0,0.012903226,1.0,,,1.0
235,23.422447,1.0,0.055555556,1.0,,,1.0
236,7.8280964,1.0,0.0,1.0,,,1.0
237,59.164825,1.0,0.015151516,1.0,,,1.0
238,60.758087,1.0,0.007751938,1.0,,,1.0
239,25.712378,1.0,0.0,1.0,,,1.0
240,21.15729,1.0,0.022222223,1.0,,,1.0
241,40.91748,1.0,0.009009009,1.0,,,1.0
242,68.1871,1.0,0.006849315,1.0,,,1.0
243,5.3067546,1.0,0.013888889,1.0,,,1.0
244,12.933343,1.0,0.015873017,1.0,,,1.0
245,9.248142,1.0,0.008474576,1.0,,,1.0
246,38.999184,1.0,0.011764706,1.0,,,1.0
247,56.376305,1.0,0.0038387715,1.0,,,1.0
248,32.4712,1.0,0.01754386,1.0,,,1.0
249,36.150814,1.0,0.011428571,1.0,,,1.0
250,19.744022,1.0,0.0,1.0,,,1.0
251,66.91373,1.0,0.012048192,1.0,,,1.0
252,32.872955,1.0,0.007518797,1.0,,,1.0
253,34.98378,1.0,0.0058479533,1.0,,,1.0
254,26.844906,1.0,0.012345679,1.0,,,1.0
255,33.56526,1.0,0.0,1.0,,,1.0
256,20.45756,1.0,0.0,1.0,,,1.0
257,2.279132,1.0,0.0,1.0,,,1.0
258,13.931203,1.0,0.0,1.0,,,1.0
259,32.38077,1.0,0.00862069,1.0,,,1.0
260,7.3838487,1.0,0.007633588,1.0,,,1.0
261,22.30381,1.0,0.0,1.0,,,1.0
262,8.306826,1.0,0.0,1.0,,,1.0
263,28.188417,1.0,0.0,1.0,,,1.0
264,20.080896,1.0,0.0031948881,1.0,,,1.0
265,40.323025,1.0,0.0033003301,1.0,,,1.0
266,15.213625,1.0,0.0023094688,1.0,,,1.0
267,29.00706,1.0,0.014084507,1.0,,,1.0
268,59.268677,1.0,0.0,1.0,,,1.0
269,48.97928,1.0,0.003944773,1.0,,,1.0
270,59.60921,1.0,0.003021148,1.0,,,1.0
271,2.273034,1.0,0.0,1.0,,,1.0
272,16.159159,1.0,0.004889976,1.0,,,1.0
273,25.848986,1.0,0.005181347,1.0,,,1.0
274,31.155952,1.0,0.035714287,1.0,,,1.0
275,79.59619,1.0,0.0,1.0,,,1.0
276,82.19594,1.0,0.0044345898,1.0,,,1.0
277,21.050339,1.0,0.007194245,1.0,,,1.0
278,25.371714,1.0,0.011904762,1.0,,,1.0
279,35.402996,1.0,0.005319149,1.0,,,1.0
280,32.141705,1.0,0.016528925,1.0,,,1.0
281,53.01311,1.0,0.027027028,1.0,,,1.0
282,75.65525,1.0,0.0,1.0,,,1.0
283,66.09364,1.0,0.0,1.0,,,1.0
284,31.582201,1.0,0.0073260074,1.0,,,1.0
285,1.3011109,1.0,0.0,1.0,,,1.0
286,25.388958,1.0,0.013157895,1.0,,,1.0
287,40.93188,1.0,0.0125,1.0,,,1.0
288,27.33528,1.0,0.0020533882,1.0,,,1.0
289,14.503614,1.0,0.0,1.0,,,1.0
290,75.32171,1.0,0.003921569,1.0,,,1.0
291,30.739561,1.0,0.0058479533,1.0,,,1.0
292,25.376677,1.0,0.0,1.0,,,1.0
293,73.504425,1.0,0.003960396,1.0,,,1.0
294,24.143202,1.0,0.011904762,1.0,,,1.0
295,46.251812,1.0,0.007662835,1.0,,,1.0
296,6.524186,1.0,0.0,1.0,,,1.0
297,41.56607,1.0,0.01438849,1.0,,,1.0
298,10.215134,1.0,0.0,1.0,,,1.0
299,32.43507,1.0,0.0070921984,1.0,,,1.0
300,24.535927,1.0,0.0,1.0,,,1.0
301,18.838991,1.0,0.0,1.0,,,1.0
302,41.70995,1.0,0.020408163,1.0,,,1.0
303,65.11482,1.0,0.0024875621,1.0,,,1.0
304,15.445959,1.0,0.013245033,1.0,,,1.0
305,44.71085,1.0,0.0068965517,1.0,,,1.0
306,8.061421,1.0,0.0,1.0,,,1.0
307,89.642334,1.0,0.015267176,1.0,,,1.0
308,30.952871,1.0,0.011299435,1.0,,,1.0
309,27.837341,1.0,0.006060606,1.0,,,1.0
310,102.72474,1.0,0.007142857,1.0,,,1.0
311,31.38394,1.0,0.0,1.0,,,1.0
312,73.85746,1.0,0.005449591,1.0,,,1.0
313,69.219315,1.0,0.011111111,1.0,,,1.0
314,23.451645,1.0,0.020408163,1.0,,,1.0
315,63.311985,1.0,0.0,1.0,,,1.0
316,5.072774,1.0,0.0,1.0,,,1.0
317,63.03454,1.0,0.015503876,1.0,,,1.0
318,68.1871,1.0,0.0062111802,1.0,,,1.0
319,14.702167,1.0,0.0,1.0,,,1.0
320,13.177577,1.0,0.006666667,1.0,,,1.0
321,16.748564,1.0,0.0045454544,1.0,,,1.0
322,6.9101405,1.0,0.0,1.0,,,1.0
323,22.519741,1.0,0.013513514,1.0,,,1.0
324,31.030573,1.0,0.021276595,1.0,,,1.0
325,41.57881,1.0,0.0027100272,1.0,,,1.0
326,34.33227,1.0,0.016949153,1.0,,,1.0
327,16.533636,1.0,0.0,1.0,,,1.0
328,44.327282,1.0,0.014705882,1.0,,,1.0
329,75.32171,1.0,0.0018867925,1.0,,,1.0
330,8.756606,1.0,0.010989011,1.0,,,1.0
331,36.686306,1.0,0.012658228,1.0,,,1.0
332,37.936806,1.0,0.007905139,1.0,,,1.0
333,17.079262,1.0,0.014492754,1.0,,,1.0
334,7.093352,1.0,0.015503876,1.0,,,1.0
335,8.45845,1.0,0.0,1.0,,,1.0
336,59.17654,1.0,0.007142857,1.0,,,1.0
337,30.533783,1.0,0.01923077,1.0,,,1.0
338,7.093839,1.0,0.005524862,1.0,,,1.0
339,4.648634,1.0,0.0053475937,1.0,,,1.0
340,48.90541,1.0,0.009708738,1.0,,,1.0
341,15.733662,1.0,0.00990099,1.0,,,1.0
342,116.13675,1.0,0.0068259384,1.0,,,1.0
343,21.068514,1.0,0.008510638,1.0,,,1.0
344,41.39017,1.0,0.022988506,1.0,,,1.0
345,59.783806,1.0,0.0038910506,1.0,,,1.0
346,77.30586,1.0,0.0063492064,1.0,,,1.0
347,23.83791,1.0,0.0,1.0,,,1.0
348,10.291454,1.0,0.0,1.0,,,1.0
349,31.928665,1.0,0.008196721,1.0,,,1.0
350,14.40265,1.0,0.0,1.0,,,1.0
351,80.49888,1.0,0.0025641026,1.0,,,1.0
352,27.91127,1.0,0.016949153,1.0,,,1.0
353,4.7240286,1.0,0.0,1.0,,,1.0
354,9.83942,1.0,0.004405286,1.0,,,1.0
355,54.561714,1.0,0.008032128,1.0,,,1.0
356,40.332603,1.0,0.0,1.0,,,1.0
357,22.022913,1.0,0.0,1.0,,,1.0
358,26.311289,1.0,0.009433962,1.0,,,1.0
359,56.421745,1.0,0.0,1.0,,,1.0
360,26.010574,1.0,0.004878049,1.0,,,1.0
361,18.330606,1.0,0.0,1.0,,,1.0
362,7.014473,1.0,0.012345679,1.0,,,1.0
363,37.94156,1.0,0.0043290043,1.0,,,1.0
364,117.691864,1.0,0.006849315,1.0,,,1.0
365,36.67081,1.0,0.0,1.0,,,1.0
366,46.917625,1.0,0.013333334,1.0,,,1.0
367,53.408028,1.0,0.01754386,1.0,,,1.0
368,7.3102937,1.0,0.0,1.0,,,1.0
369,16.146418,1.0,0.025,1.0,,,1.0
370,6.6911716,1.0,0.0,1.0,,,1.0
371,26.936724,1.0,0.0054054055,1.0,,,1.0
372,92.882454,1.0,0.0,1.0,,,1.0
373,31.57911,1.0,0.016528925,1.0,,,1.0
374,65.50862,1.0,0.0038314175,1.0,,,1.0
375,7.226095,1.0,0.0064102565,1.0,,,1.0
376,14.838143,1.0,0.0,1.0,,,1.0
377,51.696503,1.0,0.011363637,1.0,,,1.0
378,19.827127,1.0,0.0,1.0,,,1.0
379,102.72474,1.0,0.0,1.0,,,1.0
380,15.670576,1.0,0.008403362,1.0,,,1.0
381,30.785923,1.0,0.011173184,1.0,,,1.0
382,33.197285,1.0,0.0,1.0,,,1.0
383,30.882236,1.0,0.010869565,1.0,,,1.0
384,137.15147,1.0,0.005141388,1.0,,,1.0
385,61.210323,1.0,0.011904762,1.0,,,1.0
386,14.75162,1.0,0.016806724,1.0,,,1.0
387,1.3641825,1.0,0.020408163,1.0,,,1.0
388,45.026672,1.0,0.010416667,1.0,,,1.0
389,48.833973,1.0,0.013245033,1.0,,,1.0
390,11.93097,1.0,0.0,1.0,,,1.0
391,19.720758,1.0,0.004761905,1.0,,,1.0
392,50.20582,1.0,0.0055710305,1.0,,,1.0
393,39.791824,1.0,0.0,1.0,,,1.0
394,13.113895,1.0,0.0,1.0,,,1.0
395,14.911922,1.0,0.0,1.0,,,1.0
396,35.48768,1.0,0.012658228,1.0,,,1.0
397,23.168713,1.0,0.008403362,1.0,,,1.0
398,43.552227,1.0,0.0056818184,1.0,,,1.0
399,6.2320695,1.0,0.029411765,1.0,,,1.0
400,66.737206,1.0,0.0032626428,1.0,,,1.0
401,43.957962,1.0,0.0031152647,1.0,,,1.0
402,15.670576,1.0,0.0,1.0,,,1.0
403,4.378418,1.0,0.0031746032,1.0,,,1.0
404,17.255814,1.0,0.015625,1.0,,,1.0
405,30.927547,1.0,0.0053475937,1.0,,,1.0
406,25.417427,1.0,0.0,1.0,,,1.0
407,40.818283,1.0,0.008403362,1.0,,,1.0
408,20.080896,1.0,0.006134969,1.0,,,1.0
409,29.022688,1.0,0.011235955,1.0,,,1.0
410,106.4167,1.0,0.0035211267,1.0,,,1.0
411,44.9093,1.0,0.016,1.0,,,1.0
412,47.21923,1.0,0.003937008,1.0,,,1.0
413,50.0121,1.0,0.008064516,1.0,,,1.0
414,19.816198,1.0,0.0,1.0,,,1.0
415,13.154562,1.0,0.0033783785,1.0,,,1.0
416,21.63801,1.0,0.0074074073,1.0,,,1.0
417,4.547707,1.0,0.030303031,1.0,,,1.0
418,78.47665,1.0,0.0,1.0,,,1.0
419,43.303555,1.0,0.015151516,1.0,,,1.0
420,55.554306,1.0,0.0,1.0,,,1.0
421,40.885918,1.0,0.0074626864,1.0,,,1.0
422,17.047565,1.0,0.0043668123,1.0,,,1.0
423,109.534454,1.0,0.0024630541,1.0,,,1.0
424,11.931302,1.0,0.012820513,1.0,,,1.0
425,24.164724,1.0,0.0045871558,1.0,,,1.0
426,25.570244,1.0,0.08695652,1.0,,,1.0
427,26.936317,1.0,0.00591716,1.0,,,1.0
428,32.712833,1.0,0.0,1.0,,,1.0
429,29.832024,1.0,0.006849315,1.0,,,1.0
430,42.61605,1.0,0.014084507,1.0,,,1.0
431,26.105045,1.0,0.007380074,1.0,,,1.0
432,66.482666,1.0,0.0,1.0,,,1.0
433,33.76887,1.0,0.0,1.0,,,1.0
434,12.584988,1.0,0.0,1.0,,,1.0
435,17.898958,1.0,0.011111111,1.0,,,1.0
436,3.843586,1.0,0.0,1.0,,,1.0
437,5.8985004,1.0,0.0,1.0,,,1.0
438,11.721633,1.0,0.032258064,1.0,,,1.0
439,7.2581186,1.0,0.0,1.0,,,1.0
440,6.216805,1.0,0.0,1.0,,,1.0
441,49.75811,1.0,0.01980198,1.0,,,1.0
442,14.896596,1.0,0.0,1.0,,,1.0
443,73.267296,1.0,0.008658009,1.0,,,1.0
444,27.808462,1.0,0.024390243,1.0,,,1.0
445,18.793482,1.0,0.011111111,1.0,,,1.0
446,35.767365,1.0,0.021276595,1.0,,,1.0
447,69.440056,1.0,0.006024096,1.0,,,1.0
448,35.419224,1.0,0.004405286,1.0,,,1.0
449,51.027836,1.0,0.011111111,1.0,,,1.0
450,39.844975,1.0,0.0051020407,1.0,,,1.0
451,20.999744,1.0,0.0,1.0,,,1.0
452,15.606319,1.0,0.0,1.0,,,1.0
453,26.61415,1.0,0.0,1.0,,,1.0
454,52.481228,1.0,0.008196721,1.0,,,1.0
455,73.267296,1.0,0.005952381,1.0,,,1.0
456,117.691864,1.0,0.0043290043,1.0,,,1.0
457,45.81982,1.0,0.011904762,1.0,,,1.0
458,59.60921,1.0,0.005602241,1.0,,,1.0
459,28.904232,1.0,0.051282052,1.0,,,1.0
460,15.251229,1.0,0.0,1.0,,,1.0
461,16.333164,1.0,0.01923077,1.0,,,1.0
462,6.3659863,1.0,0.0,1.0,,,1.0
463,24.143202,1.0,0.0,1.0,,,1.0
464,19.01568,1.0,0.0,1.0,,,1.0
465,18.867086,1.0,0.006802721,1.0,,,1.0
466,55.130615,1.0,0.0078125,1.0,,,1.0
467,5.1780763,1.0,0.009803922,1.0,,,1.0
468,25.681833,1.0,0.005277045,1.0,,,1.0
469,66.482666,1.0,0.0015797789,1.0,,,1.0
470,26.320282,1.0,0.0,1.0,,,1.0
471,23.451645,1.0,0.011299435,1.0,,,1.0
472,34.063393,1.0,0.0,1.0,,,1.0
473,92.882454,1.0,0.0074626864,1.0,,,1.0
474,15.644454,1.0,0.013605442,1.0,,,1.0
475,33.008106,1.0,0.021276595,1.0,,,1.0
476,87.21102,1.0,0.00952381,1.0,,,1.0
477,14.218651,1.0,0.0040983604,1.0,,,1.0
478,7.0331216,1.0,0.0,1.0,,,1.0
479,28.285381,1.0,0.009661836,1.0,,,1.0
480,103.64353,1.0,0.010638298,1.0,,,1.0
481,36.565575,1.0,0.0121951215,1.0,,,1.0
482,80.49888,1.0,0.0050125313,1.0,,,1.0
483,54.69655,1.0,0.012578616,1.0,,,1.0
484,48.740227,1.0,0.008130081,1.0,,,1.0
485,114.3943,1.0,0.005050505,1.0,,,1.0
486,125.9227,1.0,0.0034482758,1.0,,,1.0
487,8.867244,1.0,0.007194245,1.0,,,1.0
488,38.860962,1.0,0.0056497175,1.0,,,1.0
489,55.052856,1.0,0.010152284,1.0,,,1.0
490,25.780207,1.0,0.032258064,1.0,,,1.0
491,12.403583,1.0,0.0072202166,1.0,,,1.0
492,26.826265,1.0,0.0,1.0,,,1.0
493,67.00446,1.0,0.008474576,1.0,,,1.0
494,53.83871,1.0,0.008583691,1.0,,,1.0
495,47.07799,1.0,0.015873017,1.0,,,1.0
496,24.44268,1.0,0.025316456,1.0,,,1.0
497,105.86188,1.0,0.015267176,1.0,,,1.0
498,16.090673,1.0,0.0,1.0,,,1.0
499,7.374527,1.0,0.0,1.0,,,1.0
500,16.02964,1.0,0.0,1.0,,,1.0
501,14.689215,1.0,0.011235955,1.0,,,1.0
502,50.623646,1.0,0.0,1.0,,,1.0
503,42.90579,1.0,0.013986014,1.0,,,1.0
504,16.010595,1.0,0.006329114,1.0,,,1.0
505,50.02684,1.0,0.0062111802,1.0,,,1.0
506,44.79699,1.0,0.0,1.0,,,1.0
507,55.130615,1.0,0.004032258,1.0,,,1.0
508,16.23779,1.0,0.0062111802,1.0,,,1.0
509,32.205074,1.0,0.01923077,1.0,,,1.0
510,35.42131,1.0,0.0,1.0,,,1.0
511,38.487034,1.0,0.007434944,1.0,,,1.0
512,3.8191617,1.0,0.006756757,1.0,,,1.0
513,53.428047,1.0,0.008097166,1.0,,,1.0
514,3.696528,1.0,0.0078125,1.0,,,1.0
515,2.9897485,1.0,0.007751938,1.0,,,1.0
516,21.070078,1.0,0.018867925,1.0,,,1.0
517,21.124664,1.0,0.0020703934,1.0,,,1.0
518,2.4915216,1.0,0.0,1.0,,,1.0
519,9.356902,1.0,0.04255319,1.0,,,1.0
520,37.1636,1.0,0.00952381,1.0,,,1.0
521,10.965063,1.0,0.004115226,1.0,,,1.0
522,5.6471887,1.0,0.0057471264,1.0,,,1.0
523,73.33114,1.0,0.003717472,1.0,,,1.0
524,11.885226,1.0,0.005,1.0,,,1.0
525,4.4325237,1.0,0.0076923077,1.0,,,1.0
526,59.14153,1.0,0.003502627,1.0,,,1.0
527,32.32401,1.0,0.0,1.0,,,1.0
528,87.21102,1.0,0.004056795,1.0,,,1.0
529,32.716557,1.0,0.009009009,1.0,,,1.0
530,34.796047,1.0,0.0025,1.0,,,1.0
531,53.51324,1.0,0.025641026,1.0,,,1.0
532,48.210796,1.0,0.003327787,1.0,,,1.0
533,40.798725,1.0,0.021276595,1.0,,,1.0
534,24.44268,1.0,0.009345794,1.0,,,1.0
535,29.71264,1.0,0.0,1.0,,,1.0
536,31.352495,1.0,0.007518797,1.0,,,1.0
537,9.886144,1.0,0.01904762,1.0,,,1.0
538,23.464256,1.0,0.0054644807,1.0,,,1.0
539,26.42394,1.0,0.012658228,1.0,,,1.0
540,11.922067,1.0,0.006060606,1.0,,,1.0
541,15.7381935,1.0,0.008064516,1.0,,,1.0
542,60.845142,1.0,0.004524887,1.0,,,1.0
543,6.5619683,1.0,0.0,1.0,,,1.0
544,10.313864,1.0,0.01904762,1.0,,,1.0
545,32.351654,1.0,0.002469136,1.0,,,1.0
546,4.4523425,1.0,0.0,1.0,,,1.0
547,37.097908,1.0,0.0,1.0,,,1.0
548,62.83131,1.0,0.0013755158,1.0,,,1.0
549,28.60421,1.0,0.00729927,1.0,,,1.0
550,58.39109,1.0,0.0054945056,1.0,,,1.0
551,9.405348,1.0,0.0064935065,1.0,,,1.0
552,5.332601,1.0,0.0,1.0,,,1.0
553,18.47501,1.0,0.013513514,1.0,,,1.0
554,102.88374,1.0,0.009259259,1.0,,,1.0
555,16.441637,1.0,0.009756098,1.0,,,1.0
556,15.269017,1.0,0.012658228,1.0,,,1.0
557,34.953686,1.0,0.0025316456,1.0,,,1.0
558,24.86785,1.0,0.0,1.0,,,1.0
559,12.639575,1.0,0.0,1.0,,,1.0
560,56.421745,1.0,0.008264462,1.0,,,1.0
561,117.691864,1.0,0.005263158,1.0,,,1.0
562,18.297255,1.0,0.0121951215,1.0,,,1.0
563,58.939903,1.0,0.0050251256,1.0,,,1.0
564,33.16621,1.0,0.009615385,1.0,,,1.0
565,18.19593,1.0,0.0125,1.0,,,1.0
566,21.040337,1.0,0.02631579,1.0,,,1.0
567,42.90579,1.0,0.0043956046,1.0,,,1.0
568,39.815937,1.0,0.025641026,1.0,,,1.0
569,43.880405,1.0,0.005319149,1.0,,,1.0
570,89.298325,1.0,0.005479452,1.0,,,1.0
571,26.944296,1.0,0.008,1.0,,,1.0
572,24.144878,1.0,0.0,1.0,,,1.0
573,15.070269,1.0,0.0,1.0,,,1.0
574,45.124302,1.0,0.0058139535,1.0,,,1.0
575,44.306957,1.0,0.013513514,1.0,,,1.0
576,13.497996,1.0,0.0076923077,1.0,,,1.0
577,18.509954,1.0,0.13333334,1.0,,,1.0
578,102.05991,1.0,0.015384615,1.0,,,1.0
579,22.068768,1.0,0.013157895,1.0,,,1.0
580,13.226166,1.0,0.00591716,1.0,,,1.0
581,49.10451,1.0,0.0,1.0,,,1.0
582,46.567665,1.0,0.012269938,1.0,,,1.0
583,51.34904,1.0,0.0,1.0,,,1.0
584,32.648952,1.0,0.023809524,1.0,,,1.0
585,31.779602,1.0,0.0057471264,1.0,,,1.0
586,102.72474,1.0,0.0036363637,1.0,,,1.0
587,7.7481165,1.0,0.020618556,1.0,,,1.0
588,42.433804,1.0,0.01,1.0,,,1.0
589,7.497587,1.0,0.004608295,1.0,,,1.0
590,31.527805,1.0,0.0,1.0,,,1.0
591,14.943771,1.0,0.007490637,1.0,,,1.0
592,105.86188,1.0,0.0091743115,1.0,,,1.0
593,58.585804,1.0,0.00456621,1.0,,,1.0
594,37.668835,1.0,0.004201681,1.0,,,1.0
595,40.16903,1.0,0.0054054055,1.0,,,1.0
596,50.058445,1.0,0.0028328612,1.0,,,1.0
597,27.206306,1.0,0.0125,1.0,,,1.0
598,6.7830195,1.0,0.0,1.0,,,1.0
599,5.232582,1.0,0.0,1.0,,,1.0
600,17.886536,1.0,0.029850746,1.0,,,1.0
601,33.70337,1.0,0.0031347962,1.0,,,1.0
602,3.8234499,1.0,0.0,1.0,,,1.0
603,40.84468,1.0,0.0050125313,1.0,,,1.0
604,21.073587,1.0,0.008547009,1.0,,,1.0
605,38.605515,1.0,0.003236246,1.0,,,1.0
606,40.46492,1.0,0.004597701,1.0,,,1.0
607,10.824467,1.0,0.012121212,1.0,,,1.0
608,37.81681,1.0,0.007067138,1.0,,,1.0
609,41.22983,1.0,0.001996008,1.0,,,1.0
610,30.523783,1.0,0.005376344,1.0,,,1.0
611,104.04593,1.0,0.004555809,1.0,,,1.0
612,59.60921,1.0,0.0045045046,1.0,,,1.0
613,70.53568,1.0,0.010416667,1.0,,,1.0
614,12.780081,1.0,0.02,1.0,,,1.0
615,17.42918,1.0,0.01754386,1.0,,,1.0
616,13.090028,1.0,0.0,1.0,,,1.0
617,50.20582,1.0,0.0,1.0,,,1.0
618,42.90579,1.0,0.006557377,1.0,,,1.0
619,12.050363,1.0,0.0,1.0,,,1.0
620,73.266136,1.0,0.0,1.0,,,1.0
621,22.13959,1.0,0.0039525693,1.0,,,1.0
622,49.064255,1.0,0.0,1.0,,,1.0
623,73.267296,1.0,0.0062695923,1.0,,,1.0
624,17.45198,1.0,0.0056657223,1.0,,,1.0
625,17.310328,1.0,0.0054644807,1.0,,,1.0
626,7.2491245,1.0,0.0,1.0,,,1.0
627,10.417367,1.0,0.0,1.0,,,1.0
628,25.465132,1.0,0.0,1.0,,,1.0
629,15.519409,1.0,0.0,1.0,,,1.0
630,53.51324,1.0,0.00729927,1.0,,,1.0
631,9.346284,1.0,0.0,1.0,,,1.0
632,23.470491,1.0,0.0,1.0,,,1.0
633,42.57018,1.0,0.010928961,1.0,,,1.0
634,1.0981221,1.0,0.0,1.0,,,1.0
635,59.106697,1.0,0.004950495,1.0,,,1.0
636,6.1087904,1.0,0.009090909,1.0,,,1.0
637,8.312594,1.0,0.0,1.0,,,1.0
638,11.87985,1.0,0.0,1.0,,,1.0
639,64.03762,1.0,0.0070422534,1.0,,,1.0
640,4.7114096,1.0,0.0074074073,1.0,,,1.0
641,20.600653,1.0,0.002538071,1.0,,,1.0
642,39.81936,1.0,0.0,1.0,,,1.0
643,96.03766,1.0,0.015748031,1.0,,,1.0
644,4.036477,1.0,0.0,1.0,,,1.0
645,23.061047,1.0,0.007751938,1.0,,,1.0
646,29.793516,1.0,0.009345794,1.0,,,1.0
647,14.3829975,1.0,0.0066225166,1.0,,,1.0
648,57.555965,1.0,0.003533569,1.0,,,1.0
649,28.149693,1.0,0.021276595,1.0,,,1.0
650,21.17363,1.0,0.011764706,1.0,,,1.0
651,18.440676,1.0,0.0,1.0,,,1.0
652,6.3689017,1.0,0.0,1.0,,,1.0
653,30.649261,1.0,0.0,1.0,,,1.0
654,31.391384,1.0,0.022222223,1.0,,,1.0
655,35.73939,1.0,0.014705882,1.0,,,1.0
656,117.691864,1.0,0.0034602077,1.0,,,1.0
657,39.86758,1.0,0.0057803467,1.0,,,1.0
658,13.006546,1.0,0.022727273,1.0,,,1.0
659,67.70754,1.0,0.006756757,1.0,,,1.0
660,19.592306,1.0,0.00877193,1.0,,,1.0
661,9.562602,1.0,0.016260162,1.0,,,1.0
662,22.821238,1.0,0.004651163,1.0,,,1.0
663,73.06391,1.0,0.0031152647,1.0,,,1.0
664,42.428608,1.0,0.0,1.0,,,1.0
665,29.06551,1.0,0.0,1.0,,,1.0
666,45.824047,1.0,0.008928572,1.0,,,1.0
667,44.54079,1.0,0.010050251,1.0,,,1.0
668,2.6854224,1.0,0.0,1.0,,,1.0
669,37.1636,1.0,0.018518519,1.0,,,1.0
670,46.33236,1.0,0.02247191,1.0,,,1.0
671,51.6686,1.0,0.0,1.0,,,1.0
672,14.390658,1.0,0.0043290043,1.0,,,1.0
673,41.30865,1.0,0.0044345898,1.0,,,1.0
674,21.551798,1.0,0.0,1.0,,,1.0
675,39.252228,1.0,0.005263158,1.0,,,1.0
676,16.851448,1.0,0.004608295,1.0,,,1.0
677,16.785627,1.0,0.009756098,1.0,,,1.0
678,24.629923,1.0,0.011235955,1.0,,,1.0
679,61.39275,1.0,0.0039525693,1.0,,,1.0
680,38.08925,1.0,0.00896861,1.0,,,1.0
681,7.57006,1.0,0.009708738,1.0,,,1.0
682,4.240489,1.0,0.0,1.0,,,1.0
683,78.47665,1.0,0.0054200543,1.0,,,1.0
684,30.029192,1.0,0.01010101,1.0,,,1.0
685,15.36048,1.0,0.018867925,1.0,,,1.0
686,42.160213,1.0,0.0,1.0,,,1.0
687,25.829971,1.0,0.005988024,1.0,,,1.0
688,19.485447,1.0,0.0,1.0,,,1.0
689,3.825667,1.0,0.0,1.0,,,1.0
690,125.9227,1.0,0.0063897762,1.0,,,1.0
691,35.480804,1.0,0.0043290043,1.0,,,1.0
692,8.769673,1.0,0.017857144,1.0,,,1.0
693,19.97868,1.0,0.0,1.0,,,1.0
694,12.71005,1.0,0.0,1.0,,,1.0
695,14.067776,1.0,0.0038610038,1.0,,,1.0
696,69.440056,1.0,0.0045871558,1.0,,,1.0
697,15.087983,1.0,0.0,1.0,,,1.0
698,16.146418,1.0,0.011627907,1.0,,,1.0
699,9.187961,1.0,0.004115226,1.0,,,1.0
700,7.107679,1.0,0.002469136,1.0,,,1.0
701,26.736118,1.0,0.0,1.0,,,1.0
702,15.433346,1.0,0.0,1.0,,,1.0
703,14.854448,1.0,0.0,1.0,,,1.0
704,30.460304,1.0,0.004385965,1.0,,,1.0
705,28.041677,1.0,0.0,1.0,,,1.0
706,26.590586,1.0,0.009478673,1.0,,,1.0
707,98.476326,1.0,0.0058479533,1.0,,,1.0
708,7.7023416,1.0,0.0,1.0,,,1.0
709,51.25193,1.0,0.0033444816,1.0,,,1.0
710,2.697255,1.0,0.012048192,1.0,,,1.0
711,27.569906,1.0,0.0,1.0,,,1.0
712,13.783965,1.0,0.027027028,1.0,,,1.0
713,5.9580417,1.0,0.032258064,1.0,,,1.0
714,28.149693,1.0,0.017857144,1.0,,,1.0
715,41.72247,1.0,0.0,1.0,,,1.0
716,38.130116,1.0,0.006557377,1.0,,,1.0
717,10.833747,1.0,0.0,1.0,,,1.0
718,73.267296,1.0,0.0,1.0,,,1.0
719,28.60421,1.0,0.0,1.0,,,1.0
720,16.708004,1.0,0.010752688,1.0,,,1.0
721,125.9227,1.0,0.0041841003,1.0,,,1.0
722,48.210796,1.0,0.003944773,1.0,,,1.0
723,56.898495,1.0,0.006756757,1.0,,,1.0
724,49.97481,1.0,0.007168459,1.0,,,1.0
725,100.53297,1.0,0.0073260074,1.0,,,1.0
726,102.88374,1.0,0.0015649452,1.0,,,1.0
727,7.8261127,1.0,0.0,1.0,,,1.0
728,34.09282,1.0,0.0,1.0,,,1.0
729,6.39538,1.0,0.032258064,1.0,,,1.0
730,20.709585,1.0,0.01010101,1.0,,,1.0
731,12.611394,1.0,0.0,1.0,,,1.0
732,36.57895,1.0,0.008333334,1.0,,,1.0
733,15.912369,1.0,0.0,1.0,,,1.0
734,13.616201,1.0,0.02247191,1.0,,,1.0
735,13.705988,1.0,0.013605442,1.0,,,1.0
736,14.972082,1.0,0.00729927,1.0,,,1.0
737,10.059051,1.0,0.02,1.0,,,1.0
738,75.32171,1.0,0.01010101,1.0,,,1.0
739,82.32585,1.0,0.007968128,1.0,,,1.0
740,36.493,1.0,0.025,1.0,,,1.0
741,115.54238,1.0,0.005602241,1.0,,,1.0
742,16.197683,1.0,0.007518797,1.0,,,1.0
743,64.09825,1.0,0.0057803467,1.0,,,1.0
744,54.91154,1.0,0.009615385,1.0,,,1.0
745,59.106697,1.0,0.0,1.0,,,1.0
746,9.601761,1.0,0.0057803467,1.0,,,1.0
747,10.000324,1.0,0.0,1.0,,,1.0
748,8.751511,1.0,0.005988024,1.0,,,1.0
749,29.684353,1.0,0.0,1.0,,,1.0
750,81.74867,1.0,0.01923077,1.0,,,1.0
751,32.38077,1.0,0.0,1.0,,,1.0
752,57.51592,1.0,0.011627907,1.0,,,1.0
753,106.50943,1.0,0.0022988506,1.0,,,1.0
754,10.199325,1.0,0.008130081,1.0,,,1.0
755,45.993656,1.0,0.007874016,1.0,,,1.0
756,10.5129595,1.0,0.015151516,1.0,,,1.0
757,23.806738,1.0,0.015384615,1.0,,,1.0
758,18.477924,1.0,0.010989011,1.0,,,1.0
759,13.674498,1.0,0.0,1.0,,,1.0
760,2.8817105,1.0,0.0,1.0,,,1.0
761,87.21102,1.0,0.006557377,1.0,,,1.0
762,25.015917,1.0,0.007142857,1.0,,,1.0
763,53.51324,1.0,0.0,1.0,,,1.0
764,102.88374,1.0,0.009708738,1.0,,,1.0
765,26.583462,1.0,0.0099502485,1.0,,,1.0
766,70.459526,1.0,0.0054945056,1.0,,,1.0
767,42.41879,1.0,0.007194245,1.0,,,1.0
768,32.339672,1.0,0.0036036037,1.0,,,1.0
769,66.74735,1.0,0.0,1.0,,,1.0
770,33.59411,1.0,0.025316456,1.0,,,1.0
771,115.46164,1.0,0.0,1.0,,,1.0
772,73.57952,1.0,0.018348623,1.0,,,1.0
773,10.059051,1.0,0.0,1.0,,,1.0
774,37.57996,1.0,0.00913242,1.0,,,1.0
775,71.04068,1.0,0.011627907,1.0,,,1.0
776,6.232953,1.0,0.004149378,1.0,,,1.0
777,23.362375,1.0,0.0,1.0,,,1.0
778,15.570074,1.0,0.0,1.0,,,1.0
779,15.670576,1.0,0.006849315,1.0,,,1.0
780,6.7864513,1.0,0.0,1.0,,,1.0
781,25.20799,1.0,0.011363637,1.0,,,1.0
782,37.097908,1.0,0.005934718,1.0,,,1.0
783,19.744022,1.0,0.0063091484,1.0,,,1.0
784,26.986645,1.0,0.011049724,1.0,,,1.0
785,57.155567,1.0,0.013513514,1.0,,,1.0
786,25.125593,1.0,0.0,1.0,,,1.0
787,36.752174,1.0,0.0,1.0,,,1.0
788,7.655095,1.0,0.005063291,1.0,,,1.0
789,55.507927,1.0,0.004464286,1.0,,,1.0
790,15.204093,1.0,0.008547009,1.0,,,1.0
791,43.544853,1.0,0.0,1.0,,,1.0
792,68.25846,1.0,0.01369863,1.0,,,1.0
793,65.07261,1.0,0.006060606,1.0,,,1.0
794,32.139156,1.0,0.0,1.0,,,1.0
795,33.888863,1.0,0.0,1.0,,,1.0
796,65.7124,1.0,0.0077220076,1.0,,,1.0
797,25.608686,1.0,0.0,1.0,,,1.0
798,10.502255,1.0,0.006993007,1.0,,,1.0
799,37.1636,1.0,0.008733625,1.0,,,1.0
800,70.53568,1.0,0.008928572,1.0,,,1.0
801,27.84833,1.0,0.008298756,1.0,,,1.0
802,37.937656,1.0,0.012658228,1.0,,,1.0
803,12.164336,1.0,0.0,1.0,,,1.0
804,53.98461,1.0,0.0018416207,1.0,,,1.0
805,71.70666,1.0,0.012048192,1.0,,,1.0
806,17.588173,1.0,0.012048192,1.0,,,1.0
807,37.134968,1.0,0.0,1.0,,,1.0
808,40.020267,1.0,0.0,1.0,,,1.0
809,12.779635,1.0,0.0,1.0,,,1.0
810,11.331572,1.0,0.01980198,1.0,,,1.0
811,62.83131,1.0,0.0046838406,1.0,,,1.0
812,70.53568,1.0,0.021276595,1.0,,,1.0
813,18.731373,1.0,0.0,1.0,,,1.0
814,104.61178,1.0,0.005479452,1.0,,,1.0
815,55.27203,1.0,0.015267176,1.0,,,1.0
816,14.359159,1.0,0.0041841003,1.0,,,1.0
817,61.45962,1.0,0.011235955,1.0,,,1.0
818,48.895374,1.0,0.04,1.0,,,1.0
819,66.76958,1.0,0.0057306592,1.0,,,1.0
820,69.43896,1.0,0.013157895,1.0,,,1.0
821,27.013739,1.0,0.0076045627,1.0,,,1.0
822,48.95827,1.0,0.035714287,1.0,,,1.0
823,96.54093,1.0,0.00990099,1.0,,,1.0
824,16.046627,1.0,0.010471204,1.0,,,1.0
825,22.849733,1.0,0.004608295,1.0,,,1.0
826,69.219315,1.0,0.0099502485,1.0,,,1.0
827,66.737206,1.0,0.0074626864,1.0,,,1.0
828,23.362375,1.0,0.0,1.0,,,1.0
829,71.3184,1.0,0.023255814,1.0,,,1.0
830,102.05991,1.0,0.0025575447,1.0,,,1.0
831,33.16621,1.0,0.0,1.0,,,1.0
832,45.2774,1.0,0.06451613,1.0,,,1.0
833,9.06116,1.0,0.0093896715,1.0,,,1.0
834,16.10021,1.0,0.0017452007,1.0,,,1.0
835,3.6737773,1.0,0.0018484289,1.0,,,1.0
836,24.988256,1.0,0.0093896715,1.0,,,1.0
837,44.091755,1.0,0.0,1.0,,,1.0
838,17.88025,1.0,0.0,1.0,,,1.0
839,56.591736,1.0,0.012987013,1.0,,,1.0
840,38.605515,1.0,0.008510638,1.0,,,1.0
841,80.54764,1.0,0.004115226,1.0,,,1.0
842,6.953991,1.0,0.0,1.0,,,1.0
843,80.49888,1.0,0.012578616,1.0,,,1.0
844,9.65194,1.0,0.014492754,1.0,,,1.0
845,20.423462,1.0,0.0,1.0,,,1.0
846,27.84108,1.0,0.018348623,1.0,,,1.0
847,45.367313,1.0,0.0018416207,1.0,,,1.0
848,38.825294,1.0,0.0,1.0,,,1.0
849,24.504705,1.0,0.060606062,1.0,,,1.0
850,49.371346,1.0,0.0,1.0,,,1.0
851,50.058445,1.0,0.0028571428,1.0,,,1.0
852,15.748602,1.0,0.0067114094,1.0,,,1.0
853,72.048134,1.0,0.005277045,1.0,,,1.0
854,33.258663,1.0,0.0064102565,1.0,,,1.0
855,11.442586,1.0,0.020408163,1.0,,,1.0
856,22.710148,1.0,0.0,1.0,,,1.0
857,48.79062,1.0,0.0072202166,1.0,,,1.0
858,42.433804,1.0,0.010638298,1.0,,,1.0
859,34.676586,1.0,0.010810811,1.0,,,1.0
860,34.51091,1.0,0.0,1.0,,,1.0
861,87.37963,1.0,0.0057471264,1.0,,,1.0
862,29.478361,1.0,0.0,1.0,,,1.0
863,24.065426,1.0,0.014925373,1.0,,,1.0
864,117.37837,1.0,0.003267974,1.0,,,1.0
865,78.61112,1.0,0.011976048,1.0,,,1.0
866,37.760296,1.0,0.014705882,1.0,,,1.0
867,82.84713,1.0,0.007905139,1.0,,,1.0
868,36.56109,1.0,0.0,1.0,,,1.0
869,20.080896,1.0,0.0056818184,1.0,,,1.0
870,4.0559335,1.0,0.013513514,1.0,,,1.0
871,9.582624,1.0,0.0,1.0,,,1.0
872,58.253475,1.0,0.004405286,1.0,,,1.0
873,11.97726,1.0,0.00877193,1.0,,,1.0
874,100.17136,1.0,0.002770083,1.0,,,1.0
875,78.47665,1.0,0.0056818184,1.0,,,1.0
876,48.068512,1.0,0.027027028,1.0,,,1.0
877,22.458939,1.0,0.0025062656,1.0,,,1.0
878,12.0013275,1.0,0.0050251256,1.0,,,1.0
879,13.004574,1.0,0.020833334,1.0,,,1.0
880,4.4883847,1.0,0.0,1.0,,,1.0
881,6.2941403,1.0,0.0,1.0,,,1.0
882,2.739709,1.0,0.0,1.0,,,1.0
883,36.528717,1.0,0.0,1.0,,,1.0
884,6.4856033,1.0,0.0,1.0,,,1.0
885,4.79735,1.0,0.0125,1.0,,,1.0
886,40.298206,1.0,0.005194805,1.0,,,1.0
887,19.03119,1.0,0.013986014,1.0,,,1.0
888,12.926003,1.0,0.0,1.0,,,1.0
889,78.47665,1.0,0.007380074,1.0,,,1.0
890,45.47788,1.0,0.0,1.0,,,1.0
891,46.401623,1.0,0.005934718,1.0,,,1.0
892,90.2831,1.0,0.0,1.0,,,1.0
893,12.962901,1.0,0.0,1.0,,,1.0
894,15.366534,1.0,0.033898305,1.0,,,1.0
895,40.258747,1.0,0.0038314175,1.0,,,1.0
896,14.3829975,1.0,0.0064935065,1.0,,,1.0
897,56.245182,1.0,0.0,1.0,,,1.0
898,11.245454,1.0,0.01,1.0,,,1.0
899,17.047565,1.0,0.0088495575,1.0,,,1.0
900,124.35362,1.0,0.0,1.0,,,1.0
901,42.55422,1.0,0.016666668,1.0,,,1.0
902,22.170992,1.0,0.022727273,1.0,,,1.0
903,9.00597,1.0,0.0,1.0,,,1.0
904,31.676895,1.0,0.006849315,1.0,,,1.0
905,14.705873,1.0,0.0,1.0,,,1.0
906,23.097351,1.0,0.01754386,1.0,,,1.0
907,15.8151865,1.0,0.0032573289,1.0,,,1.0
908,35.67227,1.0,0.0,1.0,,,1.0
909,98.14051,1.0,0.004878049,1.0,,,1.0
910,24.44404,1.0,0.0,1.0,,,1.0
911,34.999363,1.0,0.0,1.0,,,1.0
912,8.191839,1.0,0.0,1.0,,,1.0
913,71.00416,1.0,0.010309278,1.0,,,1.0
914,65.90885,1.0,0.001980198,1.0,,,1.0
915,28.387001,1.0,0.006134969,1.0,,,1.0
916,3.2532387,1.0,0.0056657223,1.0,,,1.0
917,54.036522,1.0,0.003322259,1.0,,,1.0
918,50.445942,1.0,0.008,1.0,,,1.0
919,11.423961,1.0,0.004219409,1.0,,,1.0
920,24.89132,1.0,0.0,1.0,,,1.0
921,17.825897,1.0,0.0,1.0,,,1.0
922,30.827036,1.0,0.0036764706,1.0,,,1.0
923,22.986477,1.0,0.009661836,1.0,,,1.0
924,7.099568,1.0,0.0025575447,1.0,,,1.0
925,30.218752,1.0,0.0,1.0,,,1.0
926,33.17813,1.0,0.0,1.0,,,1.0
927,28.377846,1.0,0.004166667,1.0,,,1.0
928,57.74917,1.0,0.006116208,1.0,,,1.0
929,73.85746,1.0,0.010989011,1.0,,,1.0
930,5.288583,1.0,0.040816326,1.0,,,1.0
931,15.317302,1.0,0.008547009,1.0,,,1.0
932,1.9876817,1.0,0.005235602,1.0,,,1.0
933,35.013527,1.0,0.0038610038,1.0,,,1.0
934,32.979847,1.0,0.0,1.0,,,1.0
935,26.314074,1.0,0.006802721,1.0,,,1.0
936,22.80675,1.0,0.0,1.0,,,1.0
937,7.6042366,1.0,0.0038910506,1.0,,,1.0
938,11.530082,1.0,0.009009009,1.0,,,1.0
939,8.170757,1.0,0.0065789474,1.0,,,1.0
940,19.816198,1.0,0.013333334,1.0,,,1.0
941,29.92968,1.0,0.0071174377,1.0,,,1.0
942,57.67615,1.0,0.011764706,1.0,,,1.0
943,67.00446,1.0,0.019607844,1.0,,,1.0
944,51.628166,1.0,0.0,1.0,,,1.0
945,9.445115,1.0,0.0,1.0,,,1.0
946,67.00446,1.0,0.010256411,1.0,,,1.0
947,10.691642,1.0,0.018867925,1.0,,,1.0
948,0.0,1.0,0.0,1.0,,,1.0
949,4.827718,1.0,0.0,1.0,,,1.0
950,23.234327,1.0,0.0,1.0,,,1.0
951,21.893303,1.0,0.0064102565,1.0,,,1.0
952,57.51592,1.0,0.011494253,1.0,,,1.0
953,77.95305,1.0,0.0038910506,1.0,,,1.0
954,27.435444,1.0,0.0068965517,1.0,,,1.0
955,7.340475,1.0,0.01058201,1.0,,,1.0
956,17.278776,1.0,0.008438818,1.0,,,1.0
957,24.407019,1.0,0.015384615,1.0,,,1.0
958,28.709723,1.0,0.0,1.0,,,1.0
959,100.17136,1.0,0.0056818184,1.0,,,1.0
960,21.62623,1.0,0.012345679,1.0,,,1.0
961,33.39647,1.0,0.028571429,1.0,,,1.0
962,34.323765,1.0,0.0,1.0,,,1.0
963,4.235581,1.0,0.0,1.0,,,1.0
964,8.23454,1.0,0.014705882,1.0,,,1.0
965,26.493168,1.0,0.032258064,1.0,,,1.0
966,32.355953,1.0,0.015384615,1.0,,,1.0
967,55.942783,1.0,0.0068965517,1.0,,,1.0
968,32.38077,1.0,0.010869565,1.0,,,1.0
969,26.968548,1.0,0.010810811,1.0,,,1.0
970,42.447838,1.0,0.008264462,1.0,,,1.0
971,31.878355,1.0,0.030303031,1.0,,,1.0
972,8.373679,1.0,0.0067114094,1.0,,,1.0
973,15.8151865,1.0,0.005882353,1.0,,,1.0
974,35.980373,1.0,0.0028818443,1.0,,,1.0
975,34.979244,1.0,0.025641026,1.0,,,1.0
976,2.4231439,1.0,0.010989011,1.0,,,1.0
977,20.966253,1.0,0.007874016,1.0,,,1.0
978,14.378158,1.0,0.01923077,1.0,,,1.0
979,17.593369,1.0,0.010526316,1.0,,,1.0
980,100.01263,1.0,0.003552398,1.0,,,1.0
981,15.370369,1.0,0.0,1.0,,,1.0
982,50.85755,1.0,0.0099502485,1.0,,,1.0
983,60.27323,1.0,0.0,1.0,,,1.0
984,14.253338,1.0,0.0,1.0,,,1.0
985,14.8918705,1.0,0.006024096,1.0,,,1.0
986,33.943382,1.0,0.008403362,1.0,,,1.0
987,17.198288,1.0,0.008,1.0,,,1.0
988,1.6949481,1.0,0.0029850747,1.0,,,1.0
989,13.37858,1.0,0.0,1.0,,,1.0
990,25.829971,1.0,0.008695652,1.0,,,1.0
991,15.8537445,1.0,0.016393442,1.0,,,1.0
992,17.474966,1.0,0.008403362,1.0,,,1.0
993,19.839529,1.0,0.03448276,1.0,,,1.0
994,6.325158,1.0,0.0,1.0,,,1.0
995,21.857758,1.0,0.004115226,1.0,,,1.0
996,112.634705,1.0,0.0057803467,1.0,,,1.0
997,112.634705,1.0,0.003921569,1.0,,,1.0
998,13.867673,1.0,0.020408163,1.0,,,1.0
999,25.499916,1.0,0.017094018,1.0,,,1.0
1000,6.0965834,1.0,0.0,1.0,,,1.0
1001,4.770122,1.0,0.008,1.0,,,1.0
1002,70.53568,1.0,0.012987013,1.0,,,1.0
1003,13.177577,1.0,0.0,1.0,,,1.0
1004,54.867058,1.0,0.0030959751,1.0,,,1.0
1005,13.104731,1.0,0.004310345,1.0,,,1.0
1006,63.4572,1.0,0.0072727273,1.0,,,1.0
1007,19.050303,1.0,0.0,1.0,,,1.0
1008,77.30586,1.0,0.012578616,1.0,,,1.0
1009,7.019075,1.0,0.0,1.0,,,1.0
1010,2.8984606,1.0,0.0,1.0,,,1.0
1011,15.857368,1.0,0.010869565,1.0,,,1.0
1012,62.82736,1.0,0.003058104,1.0,,,1.0
1013,50.27301,1.0,0.007751938,1.0,,,1.0
1014,9.356902,1.0,0.014184397,1.0,,,1.0
1015,52.218464,1.0,0.003976143,1.0,,,1.0
1016,33.851997,1.0,0.0,1.0,,,1.0
1017,24.535133,1.0,0.0,1.0,,,1.0
1018,92.31766,1.0,0.012658228,1.0,,,1.0
1019,70.53568,1.0,0.008474576,1.0,,,1.0
1020,33.258663,1.0,0.005524862,1.0,,,1.0
1021,54.299152,1.0,0.008130081,1.0,,,1.0
1022,11.648384,1.0,0.006451613,1.0,,,1.0
1023,25.148819,1.0,0.0,1.0,,,1.0
1024,66.482666,1.0,0.0057306592,1.0,,,1.0
1025,33.008106,1.0,0.020408163,1.0,,,1.0
1026,27.999178,1.0,0.0,1.0,,,1.0
1027,51.794624,1.0,0.006472492,1.0,,,1.0
1028,48.072598,1.0,0.025641026,1.0,,,1.0
1029,46.447643,1.0,0.0068965517,1.0,,,1.0
1030,42.433804,1.0,0.0,1.0,,,1.0
1031,6.0548463,1.0,0.0121951215,1.0,,,1.0
1032,7.3646154,1.0,0.0,1.0,,,1.0
1033,9.154886,1.0,0.0,1.0,,,1.0
1034,20.215046,1.0,0.0056497175,1.0,,,1.0
1035,27.161705,1.0,0.009803922,1.0,,,1.0
1036,66.737206,1.0,0.009049774,1.0,,,1.0
1037,13.994184,1.0,0.011904762,1.0,,,1.0
1038,32.38077,1.0,0.07692308,1.0,,,1.0
1039,64.76018,1.0,0.009569378,1.0,,,1.0
1040,56.591736,1.0,0.0053475937,1.0,,,1.0
1041,15.580753,1.0,0.02173913,1.0,,,1.0
1042,41.428894,1.0,0.0,1.0,,,1.0
1043,12.836525,1.0,0.0,1.0,,,1.0
1044,50.108963,1.0,0.003164557,1.0,,,1.0
1045,9.286369,1.0,0.010256411,1.0,,,1.0
1046,9.60671,1.0,0.0053908355,1.0,,,1.0
1047,17.259768,1.0,0.0,1.0,,,1.0
1048,63.247498,1.0,0.0019880715,1.0,,,1.0
1049,102.88374,1.0,0.0074074073,1.0,,,1.0
1050,6.0539722,1.0,0.0,1.0,,,1.0
1051,32.783146,1.0,0.0072202166,1.0,,,1.0
1052,32.643726,1.0,0.013333334,1.0,,,1.0
1053,70.82233,1.0,0.008230452,1.0,,,1.0
1054,55.507927,1.0,0.0057306592,1.0,,,1.0
1055,10.281193,1.0,0.0,1.0,,,1.0
1056,28.377846,1.0,0.0,1.0,,,1.0
1057,63.247498,1.0,0.0066225166,1.0,,,1.0
1058,14.832916,1.0,0.0,1.0,,,1.0
1059,94.40702,1.0,0.0032520324,1.0,,,1.0
1060,27.538652,1.0,0.0,1.0,,,1.0
1061,25.371714,1.0,0.006756757,1.0,,,1.0
1062,29.944387,1.0,0.0,1.0,,,1.0
1063,20.032597,1.0,0.026666667,1.0,,,1.0
1064,57.244225,1.0,0.0022779044,1.0,,,1.0
1065,55.254353,1.0,0.0,1.0,,,1.0
1066,49.87287,1.0,0.0063897762,1.0,,,1.0
1067,36.150955,1.0,0.00862069,1.0,,,1.0
1068,39.856243,1.0,0.01438849,1.0,,,1.0
1069,47.794056,1.0,0.0034542314,1.0,,,1.0
1070,26.326637,1.0,0.0,1.0,,,1.0
1071,5.3980007,1.0,0.009756098,1.0,,,1.0
1072,25.91105,1.0,0.0036630037,1.0,,,1.0
1073,51.839165,1.0,0.018867925,1.0,,,1.0
1074,32.91443,1.0,0.010256411,1.0,,,1.0
1075,8.206368,1.0,0.0,1.0,,,1.0
1076,35.480804,1.0,0.0049751243,1.0,,,1.0
1077,63.756386,1.0,0.016129032,1.0,,,1.0
1078,38.20176,1.0,0.0076045627,1.0,,,1.0
1079,12.119843,1.0,0.0,1.0,,,1.0
1080,70.6527,1.0,0.0,1.0,,,1.0
1081,92.35006,1.0,0.008333334,1.0,,,1.0
1082,81.40033,1.0,0.01,1.0,,,1.0
1083,18.686972,1.0,0.002967359,1.0,,,1.0
1084,19.816198,1.0,0.015625,1.0,,,1.0
1085,7.8909144,1.0,0.0,1.0,,,1.0
1086,35.373974,1.0,0.0,1.0,,,1.0
1087,15.62322,1.0,0.0,1.0,,,1.0
1088,12.733344,1.0,0.00952381,1.0,,,1.0
1089,33.841957,1.0,0.012269938,1.0,,,1.0
1090,20.00155,1.0,0.004672897,1.0,,,1.0
1091,76.92968,1.0,0.0045454544,1.0,,,1.0
1092,11.118725,1.0,0.051282052,1.0,,,1.0
1093,18.0773,1.0,0.003960396,1.0,,,1.0
1094,73.85746,1.0,0.0046189376,1.0,,,1.0
1095,36.245808,1.0,0.0054644807,1.0,,,1.0
1096,8.233755,1.0,0.0,1.0,,,1.0
1097,55.51316,1.0,0.007633588,1.0,,,1.0
1098,2.12413,1.0,0.0,1.0,,,1.0
1099,61.26707,1.0,0.0,1.0,,,1.0
1100,31.992453,1.0,0.0046948357,1.0,,,1.0
1101,47.44271,1.0,0.0064935065,1.0,,,1.0
1102,55.412785,1.0,0.008810572,1.0,,,1.0
1103,18.328232,1.0,0.0,1.0,,,1.0
1104,41.44531,1.0,0.003322259,1.0,,,1.0
1105,33.63226,1.0,0.007936508,1.0,,,1.0
1106,42.433804,1.0,0.005291005,1.0,,,1.0
1107,10.9050455,1.0,0.0,1.0,,,1.0
1108,27.972668,1.0,0.0,1.0,,,1.0
1109,34.063393,1.0,0.005586592,1.0,,,1.0
1110,25.499916,1.0,0.015037594,1.0,,,1.0
1111,25.736977,1.0,0.01724138,1.0,,,1.0
1112,108.342125,1.0,0.010204081,1.0,,,1.0
1113,69.42076,1.0,0.012738854,1.0,,,1.0
1114,19.733622,1.0,0.0025125628,1.0,,,1.0
1115,30.882236,1.0,0.010152284,1.0,,,1.0
1116,12.138094,1.0,0.0070921984,1.0,,,1.0
1117,26.844906,1.0,0.0044247787,1.0,,,1.0
1118,87.21734,1.0,0.0,1.0,,,1.0
1119,84.284744,1.0,0.0058479533,1.0,,,1.0
1120,80.376945,1.0,0.0,1.0,,,1.0
1121,48.857628,1.0,0.013605442,1.0,,,1.0
1122,73.85746,1.0,0.0058651026,1.0,,,1.0
1123,4.868301,1.0,0.0,1.0,,,1.0
1124,33.64,1.0,0.004597701,1.0,,,1.0
1125,102.72474,1.0,0.014084507,1.0,,,1.0
1126,48.762024,1.0,0.004878049,1.0,,,1.0
1127,44.19484,1.0,0.007434944,1.0,,,1.0
1128,84.32588,1.0,0.016949153,1.0,,,1.0
1129,12.188954,1.0,0.023255814,1.0,,,1.0
1130,42.96001,1.0,0.0,1.0,,,1.0
1131,16.7215,1.0,0.0,1.0,,,1.0
1132,19.990934,1.0,0.0,1.0,,,1.0
1133,32.288166,1.0,0.027777778,1.0,,,1.0
1134,54.970505,1.0,0.006289308,1.0,,,1.0
1135,83.855774,1.0,0.021978023,1.0,,,1.0
1136,39.009,1.0,0.0,1.0,,,1.0
1137,48.629158,1.0,0.0014184397,1.0,,,1.0
1138,28.867565,1.0,0.007380074,1.0,,,1.0
1139,61.287437,1.0,0.027777778,1.0,,,1.0
1140,66.482666,1.0,0.007352941,1.0,,,1.0
1141,13.783965,1.0,0.022222223,1.0,,,1.0
1142,33.265285,1.0,0.0,1.0,,,1.0
1143,15.549455,1.0,0.013245033,1.0,,,1.0
1144,14.178438,1.0,0.0,1.0,,,1.0
1145,26.591398,1.0,0.0,1.0,,,1.0
1146,68.1871,1.0,0.004474273,1.0,,,1.0
1147,104.04593,1.0,0.0061919503,1.0,,,1.0
1148,18.178839,1.0,0.02739726,1.0,,,1.0
1149,32.888058,1.0,0.0,1.0,,,1.0
1150,100.17136,1.0,0.008,1.0,,,1.0
1151,28.986164,1.0,0.0,1.0,,,1.0
1152,3.1295345,1.0,0.005235602,1.0,,,1.0
1153,47.48034,1.0,0.032258064,1.0,,,1.0
1154,30.05534,1.0,0.009433962,1.0,,,1.0
1155,56.75114,1.0,0.0,1.0,,,1.0
1156,11.965124,1.0,0.0,1.0,,,1.0
1157,40.84468,1.0,0.004784689,1.0,,,1.0
1158,17.45658,1.0,0.00729927,1.0,,,1.0
1159,33.006695,1.0,0.010416667,1.0,,,1.0
1160,19.949017,1.0,0.023255814,1.0,,,1.0
1161,30.054422,1.0,0.004608295,1.0,,,1.0
1162,7.183391,1.0,0.083333336,1.0,,,1.0
1163,24.065426,1.0,0.002624672,1.0,,,1.0
1164,39.402714,1.0,0.0,1.0,,,1.0
1165,108.342125,1.0,0.0052083335,1.0,,,1.0
1166,2.861378,1.0,0.0,1.0,,,1.0
1167,56.44394,1.0,0.0066225166,1.0,,,1.0
1168,12.6194315,1.0,0.00729927,1.0,,,1.0
1169,95.84354,1.0,0.012578616,1.0,,,1.0
1170,42.61417,1.0,0.020833334,1.0,,,1.0
1171,38.49028,1.0,0.0040816325,1.0,,,1.0
1172,2.0636764,1.0,0.0,1.0,,,1.0
1173,35.939796,1.0,0.0,1.0,,,1.0
1174,27.837341,1.0,0.003690037,1.0,,,1.0
1175,69.375046,1.0,0.0,1.0,,,1.0
1176,24.143202,1.0,0.0091743115,1.0,,,1.0
1177,85.98801,1.0,0.013793103,1.0,,,1.0
1178,20.087412,1.0,0.016949153,1.0,,,1.0
1179,38.00114,1.0,0.012987013,1.0,,,1.0
1180,51.06746,1.0,0.0031746032,1.0,,,1.0
1181,70.256454,1.0,0.008658009,1.0,,,1.0
1182,100.72897,1.0,0.008695652,1.0,,,1.0
1183,41.801483,1.0,0.006779661,1.0,,,1.0
1184,3.750253,1.0,0.0,1.0,,,1.0
1185,20.897692,1.0,0.014492754,1.0,,,1.0
1186,21.148834,1.0,0.0,1.0,,,1.0
1187,9.236838,1.0,0.0,1.0,,,1.0
1188,3.2283938,1.0,0.0,1.0,,,1.0
1189,46.401623,1.0,0.00625,1.0,,,1.0
1190,15.765995,1.0,0.013793103,1.0,,,1.0
1191,36.129944,1.0,0.013333334,1.0,,,1.0
1192,94.27873,1.0,0.0032310179,1.0,,,1.0
1193,26.794825,1.0,0.0,1.0,,,1.0
1194,43.460087,1.0,0.0,1.0,,,1.0
1195,74.786865,1.0,0.0076045627,1.0,,,1.0
1196,37.243046,1.0,0.004716981,1.0,,,1.0
1197,12.735615,1.0,0.009569378,1.0,,,1.0
1198,17.714153,1.0,0.04347826,1.0,,,1.0
1199,52.905174,1.0,0.008403362,1.0,,,1.0
1200,58.550465,1.0,0.0,1.0,,,1.0
1201,47.018696,1.0,0.0,1.0,,,1.0
1202,60.758087,1.0,0.013422819,1.0,,,1.0
1203,63.311985,1.0,0.0,1.0,,,1.0
1204,11.56748,1.0,0.0,1.0,,,1.0
1205,40.31641,1.0,0.015873017,1.0,,,1.0
1206,22.282013,1.0,0.0,1.0,,,1.0
1207,16.941963,1.0,0.008403362,1.0,,,1.0
1208,10.5234375,1.0,0.0,1.0,,,1.0
1209,40.0332,1.0,0.0,1.0,,,1.0
1210,56.20208,1.0,0.0,1.0,,,1.0
1211,1.9509903,1.0,0.0,1.0,,,1.0
1212,63.108883,1.0,0.008196721,1.0,,,1.0
1213,76.26888,1.0,0.013422819,1.0,,,1.0
1214,16.289019,1.0,0.0060790274,1.0,,,1.0
1215,13.289151,1.0,0.0017825312,1.0,,,1.0
1216,62.73298,1.0,0.0,1.0,,,1.0
1217,13.783965,1.0,0.029850746,1.0,,,1.0
1218,36.235664,1.0,0.0,1.0,,,1.0
1219,45.58917,1.0,0.0,1.0,,,1.0
1220,32.351654,1.0,0.004494382,1.0,,,1.0
1221,13.282939,1.0,0.005076142,1.0,,,1.0
1222,54.970505,1.0,0.010204081,1.0,,,1.0
1223,51.40445,1.0,0.014084507,1.0,,,1.0
1224,98.70822,1.0,0.0,1.0,,,1.0
1225,25.85058,1.0,0.01010101,1.0,,,1.0
1226,28.625896,1.0,0.010362694,1.0,,,1.0
1227,66.737206,1.0,0.0037523452,1.0,,,1.0
1228,56.376305,1.0,0.003944773,1.0,,,1.0
1229,11.31371,1.0,0.0,1.0,,,1.0
1230,13.084747,1.0,0.0,1.0,,,1.0
1231,21.085943,1.0,0.0,1.0,,,1.0
1232,73.267296,1.0,0.0037664783,1.0,,,1.0
1233,25.187408,1.0,0.012048192,1.0,,,1.0
1234,27.980364,1.0,0.0035587188,1.0,,,1.0
1235,29.870943,1.0,0.010471204,1.0,,,1.0
1236,24.38724,1.0,0.021978023,1.0,,,1.0
1237,40.36453,1.0,0.014285714,1.0,,,1.0
1238,16.059586,1.0,0.033333335,1.0,,,1.0
1239,19.560078,1.0,0.0,1.0,,,1.0
1240,16.356346,1.0,0.012820513,1.0,,,1.0
1241,33.16621,1.0,0.024691358,1.0,,,1.0
1242,14.042322,1.0,0.0024570024,1.0,,,1.0
1243,32.943058,1.0,0.04347826,1.0,,,1.0
1244,26.936724,1.0,0.005063291,1.0,,,1.0
1245,33.345943,1.0,0.006116208,1.0,,,1.0
1246,85.4125,1.0,0.004132231,1.0,,,1.0
1247,27.169489,1.0,0.010152284,1.0,,,1.0
1248,21.56107,1.0,0.0088495575,1.0,,,1.0
1249,10.094652,1.0,0.0,1.0,,,1.0
1250,24.504705,1.0,0.0063897762,1.0,,,1.0
1251,17.65709,1.0,0.0,1.0,,,1.0
1252,9.560495,1.0,0.0,1.0,,,1.0
1253,11.207099,1.0,0.013513514,1.0,,,1.0
1254,10.904936,1.0,0.006024096,1.0,,,1.0
1255,20.794672,1.0,0.0,1.0,,,1.0
1256,29.239553,1.0,0.0043668123,1.0,,,1.0
1257,48.97928,1.0,0.0019607844,1.0,,,1.0
1258,20.80696,1.0,0.008097166,1.0,,,1.0
1259,51.93564,1.0,0.003929273,1.0,,,1.0
1260,21.891562,1.0,0.0,1.0,,,1.0
1261,20.765882,1.0,0.0054200543,1.0,,,1.0
1262,23.61093,1.0,0.0,1.0,,,1.0
1263,21.355864,1.0,0.005540166,1.0,,,1.0
1264,14.432611,1.0,0.0,1.0,,,1.0
1265,48.43463,1.0,0.0,1.0,,,1.0
1266,50.058445,1.0,0.010752688,1.0,,,1.0
1267,47.990604,1.0,0.0068965517,1.0,,,1.0
1268,37.525177,1.0,0.0035587188,1.0,,,1.0
1269,47.383286,1.0,0.014492754,1.0,,,1.0
1270,15.077546,1.0,0.01,1.0,,,1.0
1271,64.06434,1.0,0.002967359,1.0,,,1.0
1272,11.844569,1.0,0.0,1.0,,,1.0
1273,15.433346,1.0,0.0067114094,1.0,,,1.0
1274,97.18079,1.0,0.005181347,1.0,,,1.0
1275,36.56109,1.0,0.0,1.0,,,1.0
1276,17.474966,1.0,0.016528925,1.0,,,1.0
1277,73.504425,1.0,0.013157895,1.0,,,1.0
1278,54.561714,1.0,0.0026385225,1.0,,,1.0
1279,20.634434,1.0,0.0,1.0,,,1.0
1280,34.979244,1.0,0.0066225166,1.0,,,1.0
1281,41.412525,1.0,0.012987013,1.0,,,1.0
1282,17.474802,1.0,0.0,1.0,,,1.0
1283,6.4621434,1.0,0.0,1.0,,,1.0
1284,51.705837,1.0,0.0,1.0,,,1.0
1285,4.1374073,1.0,0.0,1.0,,,1.0
1286,15.304758,1.0,0.028571429,1.0,,,1.0
1287,43.676426,1.0,0.007380074,1.0,,,1.0
1288,54.970505,1.0,0.00456621,1.0,,,1.0
1289,8.709013,1.0,0.005540166,1.0,,,1.0
1290,30.074759,1.0,0.015625,1.0,,,1.0
1291,49.069714,1.0,0.014285714,1.0,,,1.0
1292,6.7753344,1.0,0.0,1.0,,,1.0
1293,23.498892,1.0,0.017391304,1.0,,,1.0
1294,33.05386,1.0,0.022727273,1.0,,,1.0
1295,35.419224,1.0,0.003984064,1.0,,,1.0
1296,33.943382,1.0,0.021052632,1.0,,,1.0
1297,55.942783,1.0,0.0074074073,1.0,,,1.0
1298,19.605635,1.0,0.0,1.0,,,1.0
1299,26.583462,1.0,0.012269938,1.0,,,1.0
1300,10.598509,1.0,0.0017331023,1.0,,,1.0
1301,17.76012,1.0,0.013333334,1.0,,,1.0
1302,26.010574,1.0,0.00952381,1.0,,,1.0
1303,31.838821,1.0,0.008888889,1.0,,,1.0
1304,48.93671,1.0,0.0,1.0,,,1.0
1305,25.499916,1.0,0.023809524,1.0,,,1.0
1306,16.853441,1.0,0.0,1.0,,,1.0
1307,7.9960723,1.0,0.0,1.0,,,1.0
1308,40.343723,1.0,0.0,1.0,,,1.0
1309,75.51869,1.0,0.005,1.0,,,1.0
1310,10.064566,1.0,0.0032786885,1.0,,,1.0
1311,66.76958,1.0,0.0,1.0,,,1.0
1312,33.345943,1.0,0.011560693,1.0,,,1.0
1313,13.823573,1.0,0.0,1.0,,,1.0
1314,108.342125,1.0,0.008810572,1.0,,,1.0
1315,17.24961,1.0,0.0,1.0,,,1.0
1316,42.211235,1.0,0.004784689,1.0,,,1.0
1317,2.230608,1.0,0.0,1.0,,,1.0
1318,33.436897,1.0,0.007067138,1.0,,,1.0
1319,45.05115,1.0,0.01923077,1.0,,,1.0
1320,22.030054,1.0,0.01724138,1.0,,,1.0
1321,76.26888,1.0,0.0063897762,1.0,,,1.0
1322,16.941963,1.0,0.0,1.0,,,1.0
1323,38.61822,1.0,0.011111111,1.0,,,1.0
1324,17.289011,1.0,0.011976048,1.0,,,1.0
1325,59.4938,1.0,0.0,1.0,,,1.0
1326,33.95981,1.0,0.0057142857,1.0,,,1.0
1327,16.941963,1.0,0.035714287,1.0,,,1.0
1328,17.537615,1.0,0.005524862,1.0,,,1.0
1329,74.25327,1.0,0.005291005,1.0,,,1.0
1330,88.52326,1.0,0.0,1.0,,,1.0
1331,6.9513884,1.0,0.055555556,1.0,,,1.0
1332,15.486658,1.0,0.0,1.0,,,1.0
1333,7.7928953,1.0,0.005181347,1.0,,,1.0
1334,19.122593,1.0,0.0,1.0,,,1.0
1335,44.186485,1.0,0.008064516,1.0,,,1.0
1336,4.8535423,1.0,0.0,1.0,,,1.0
1337,36.127247,1.0,0.0125,1.0,,,1.0
1338,44.199844,1.0,0.01369863,1.0,,,1.0
1339,41.509296,1.0,0.01754386,1.0,,,1.0
1340,8.369714,1.0,0.0,1.0,,,1.0
1341,99.15464,1.0,0.007518797,1.0,,,1.0
1342,96.54093,1.0,0.015267176,1.0,,,1.0
1343,17.278776,1.0,0.006451613,1.0,,,1.0
1344,21.424936,1.0,0.0,1.0,,,1.0
1345,29.71264,1.0,0.018348623,1.0,,,1.0
1346,26.462694,1.0,0.0,1.0,,,1.0
1347,26.048267,1.0,0.0064102565,1.0,,,1.0
1348,11.718223,1.0,0.011560693,1.0,,,1.0
1349,31.590193,1.0,0.0,1.0,,,1.0
1350,56.376305,1.0,0.00877193,1.0,,,1.0
1351,12.901404,1.0,0.0,1.0,,,1.0
1352,1.6052872,1.0,0.0022675737,1.0,,,1.0
1353,21.78978,1.0,0.007246377,1.0,,,1.0
1354,18.61622,1.0,0.0,1.0,,,1.0
1355,9.895033,1.0,0.011363637,1.0,,,1.0
1356,7.328235,1.0,0.0,1.0,,,1.0
1357,16.851448,1.0,0.0033783785,1.0,,,1.0
1358,11.794,1.0,0.0,1.0,,,1.0
1359,79.90929,1.0,0.013245033,1.0,,,1.0
1360,33.525112,1.0,0.009009009,1.0,,,1.0
1361,56.02844,1.0,0.007968128,1.0,,,1.0
1362,7.1564736,1.0,0.013793103,1.0,,,1.0
1363,6.8569837,1.0,0.0067114094,1.0,,,1.0
1364,27.965487,1.0,0.004938272,1.0,,,1.0
1365,81.34332,1.0,0.0070422534,1.0,,,1.0
1366,34.294315,1.0,0.00729927,1.0,,,1.0
1367,42.433804,1.0,0.0065789474,1.0,,,1.0
1368,3.8214264,1.0,0.003215434,1.0,,,1.0
1369,14.7226305,1.0,0.0,1.0,,,1.0
1370,57.282772,1.0,0.0,1.0,,,1.0
1371,39.663345,1.0,0.006289308,1.0,,,1.0
1372,24.54525,1.0,0.005952381,1.0,,,1.0
1373,16.448326,1.0,0.0,1.0,,,1.0
1374,20.032597,1.0,0.016129032,1.0,,,1.0
1375,51.743202,1.0,0.008928572,1.0,,,1.0
1376,2.327209,1.0,0.0041841003,1.0,,,1.0
1377,43.313755,1.0,0.0,1.0,,,1.0
1378,43.896816,1.0,0.0,1.0,,,1.0
1379,109.534454,1.0,0.004962779,1.0,,,1.0
1380,20.340834,1.0,0.006688963,1.0,,,1.0
1381,77.30586,1.0,0.006024096,1.0,,,1.0
1382,9.21044,1.0,0.014925373,1.0,,,1.0
1383,14.718591,1.0,0.0065789474,1.0,,,1.0
1384,65.62722,1.0,0.010810811,1.0,,,1.0
1385,5.039693,1.0,0.0,1.0,,,1.0
1386,57.51592,1.0,0.0073260074,1.0,,,1.0
1387,41.542747,1.0,0.0,1.0,,,1.0
1388,8.710554,1.0,0.003076923,1.0,,,1.0
1389,62.3884,1.0,0.0018903592,1.0,,,1.0
1390,30.510574,1.0,0.0,1.0,,,1.0
1391,70.6527,1.0,0.032786883,1.0,,,1.0
1392,8.494922,1.0,0.0,1.0,,,1.0
1393,66.314804,1.0,0.003508772,1.0,,,1.0
1394,8.367988,1.0,0.006535948,1.0,,,1.0
1395,1.9566951,1.0,0.020408163,1.0,,,1.0
1396,57.324837,1.0,0.010526316,1.0,,,1.0
1397,36.261192,1.0,0.00729927,1.0,,,1.0
1398,18.945568,1.0,0.008130081,1.0,,,1.0
1399,19.031075,1.0,0.0,1.0,,,1.0
1400,108.342125,1.0,0.0053050397,1.0,,,1.0
1401,16.733389,1.0,0.016393442,1.0,,,1.0
1402,21.68584,1.0,0.014925373,1.0,,,1.0
1403,60.712387,1.0,0.008032128,1.0,,,1.0
1404,19.56064,1.0,0.0027777778,1.0,,,1.0
1405,82.82949,1.0,0.015625,1.0,,,1.0
1406,49.994923,1.0,0.006535948,1.0,,,1.0
1407,48.93671,1.0,0.0,1.0,,,1.0
1408,67.62148,1.0,0.010989011,1.0,,,1.0
1409,12.9007635,1.0,0.0064935065,1.0,,,1.0
1410,48.857628,1.0,0.01754386,1.0,,,1.0
1411,11.718223,1.0,0.04347826,1.0,,,1.0
1412,21.06395,1.0,0.009661836,1.0,,,1.0
1413,17.042133,1.0,0.0045045046,1.0,,,1.0
1414,33.714916,1.0,0.015267176,1.0,,,1.0
1415,34.591675,1.0,0.00990099,1.0,,,1.0
1416,60.758087,1.0,0.0057471264,1.0,,,1.0
1417,40.323025,1.0,0.006024096,1.0,,,1.0
1418,64.83706,1.0,0.0,1.0,,,1.0
1419,40.36453,1.0,0.015873017,1.0,,,1.0
1420,55.27203,1.0,0.015748031,1.0,,,1.0
1421,35.480804,1.0,0.005037783,1.0,,,1.0
1422,49.789387,1.0,0.0043956046,1.0,,,1.0
1423,18.510439,1.0,0.01369863,1.0,,,1.0
1424,21.160683,1.0,0.0040650405,1.0,,,1.0
1425,22.43067,1.0,0.0,1.0,,,1.0
1426,28.68557,1.0,0.0,1.0,,,1.0
1427,2.7406304,1.0,0.0,1.0,,,1.0
1428,15.940272,1.0,0.008130081,1.0,,,1.0
1429,4.751083,1.0,0.05263158,1.0,,,1.0
1430,3.9738963,1.0,0.0,1.0,,,1.0
1431,57.5107,1.0,0.010204081,1.0,,,1.0
1432,6.011293,1.0,0.0,1.0,,,1.0
1433,12.284214,1.0,0.0,1.0,,,1.0
1434,9.886144,1.0,0.01923077,1.0,,,1.0
1435,44.186485,1.0,0.0,1.0,,,1.0
1436,67.00446,1.0,0.0038240917,1.0,,,1.0
1437,62.82736,1.0,0.0054347827,1.0,,,1.0
1438,49.98421,1.0,0.0061728396,1.0,,,1.0
1439,50.89659,1.0,0.005882353,1.0,,,1.0
1440,17.241955,1.0,0.0060975607,1.0,,,1.0
1441,41.30865,1.0,0.007518797,1.0,,,1.0
1442,72.162674,1.0,0.004464286,1.0,,,1.0
1443,16.002432,1.0,0.0076923077,1.0,,,1.0
1444,8.916566,1.0,0.018181818,1.0,,,1.0
1445,101.899734,1.0,0.0029498525,1.0,,,1.0
1446,4.2248054,1.0,0.044444446,1.0,,,1.0
1447,30.331627,1.0,0.0,1.0,,,1.0
1448,60.758087,1.0,0.0043010754,1.0,,,1.0
1449,18.178839,1.0,0.0054200543,1.0,,,1.0
1450,108.11063,1.0,0.00591716,1.0,,,1.0
1451,55.82813,1.0,0.008264462,1.0,,,1.0
1452,26.830326,1.0,0.0,1.0,,,1.0
1453,11.530082,1.0,0.010695187,1.0,,,1.0
1454,23.142902,1.0,0.004830918,1.0,,,1.0
1455,4.0989013,1.0,0.0,1.0,,,1.0
1456,35.712788,1.0,0.010362694,1.0,,,1.0
1457,3.2787256,1.0,0.0,1.0,,,1.0
1458,14.453025,1.0,0.021052632,1.0,,,1.0
1459,80.49888,1.0,0.0121951215,1.0,,,1.0
1460,9.248672,1.0,0.012658228,1.0,,,1.0
1461,9.625806,1.0,0.0124223605,1.0,,,1.0
1462,15.595029,1.0,0.02247191,1.0,,,1.0
1463,23.235483,1.0,0.0,1.0,,,1.0
1464,4.8649416,1.0,0.0,1.0,,,1.0
1465,19.612825,1.0,0.0,1.0,,,1.0
1466,16.469912,1.0,0.0,1.0,,,1.0
1467,34.37597,1.0,0.0,1.0,,,1.0
1468,4.187892,1.0,0.0,1.0,,,1.0
1469,12.676908,1.0,0.0,1.0,,,1.0
1470,54.19006,1.0,0.0034602077,1.0,,,1.0
1471,46.614365,1.0,0.0,1.0,,,1.0
1472,3.6565695,1.0,0.22222222,1.0,,,1.0
1473,12.668473,1.0,0.008695652,1.0,,,1.0
1474,99.924126,1.0,0.0049751243,1.0,,,1.0
1475,17.234854,1.0,0.009345794,1.0,,,1.0
1476,17.241955,1.0,0.0,1.0,,,1.0
1477,26.617674,1.0,0.016393442,1.0,,,1.0
1478,28.667585,1.0,0.004878049,1.0,,,1.0
1479,63.059444,1.0,0.009708738,1.0,,,1.0
1480,31.881863,1.0,0.007633588,1.0,,,1.0
1481,33.064705,1.0,0.006688963,1.0,,,1.0
1482,114.3943,1.0,0.006535948,1.0,,,1.0
1483,41.92771,1.0,0.004,1.0,,,1.0
1484,81.74867,1.0,0.0066006603,1.0,,,1.0
1485,1.773491,1.0,0.007352941,1.0,,,1.0
1486,11.687971,1.0,0.0,1.0,,,1.0
1487,8.662266,1.0,0.045454547,1.0,,,1.0
1488,20.342663,1.0,0.0,1.0,,,1.0
1489,10.863197,1.0,0.0,1.0,,,1.0
1490,48.79064,1.0,0.006472492,1.0,,,1.0
1491,27.293161,1.0,0.012269938,1.0,,,1.0
1492,33.222755,1.0,0.007067138,1.0,,,1.0
1493,16.159159,1.0,0.007352941,1.0,,,1.0
1494,32.082397,1.0,0.015267176,1.0,,,1.0
1495,19.744022,1.0,0.025641026,1.0,,,1.0
1496,15.7952795,1.0,0.0039525693,1.0,,,1.0
1497,21.469715,1.0,0.0042735045,1.0,,,1.0
1498,16.72563,1.0,0.0,1.0,,,1.0
1499,55.581814,1.0,0.008928572,1.0,,,1.0
1500,29.537066,1.0,0.0,1.0,,,1.0
1501,12.714823,1.0,0.0,1.0,,,1.0
1502,9.35,1.0,0.0,1.0,,,1.0
1503,5.7436423,1.0,0.0,1.0,,,1.0
1504,74.25327,1.0,0.018518519,1.0,,,1.0
1505,31.292372,1.0,0.007168459,1.0,,,1.0
1506,15.497237,1.0,0.003937008,1.0,,,1.0
1507,41.58523,1.0,0.028571429,1.0,,,1.0
1508,23.567036,1.0,0.0051282053,1.0,,,1.0
1509,42.46549,1.0,0.007575758,1.0,,,1.0
1510,19.767784,1.0,0.010869565,1.0,,,1.0
1511,18.334219,1.0,0.0,1.0,,,1.0
1512,57.20817,1.0,0.0,1.0,,,1.0
1513,28.992466,1.0,0.0054054055,1.0,,,1.0
1514,21.146269,1.0,0.02247191,1.0,,,1.0
1515,8.76789,1.0,0.016393442,1.0,,,1.0
1516,21.133986,1.0,0.0,1.0,,,1.0
1517,7.794253,1.0,0.0,1.0,,,1.0
1518,42.021362,1.0,0.0043290043,1.0,,,1.0
1519,47.160202,1.0,0.0076045627,1.0,,,1.0
1520,39.25903,1.0,0.0035842294,1.0,,,1.0
1521,72.904945,1.0,0.007067138,1.0,,,1.0
1522,34.021908,1.0,0.0,1.0,,,1.0
1523,15.497237,1.0,0.0035460992,1.0,,,1.0
1524,60.33253,1.0,0.0019723866,1.0,,,1.0
1525,3.4441762,1.0,0.0,1.0,,,1.0
1526,11.133394,1.0,0.003816794,1.0,,,1.0
1527,8.406481,1.0,0.0,1.0,,,1.0
1528,93.26041,1.0,0.011235955,1.0,,,1.0
1529,56.376305,1.0,0.0,1.0,,,1.0
1530,42.260517,1.0,0.006329114,1.0,,,1.0
1531,125.9227,1.0,0.010204081,1.0,,,1.0
1532,16.4796,1.0,0.014492754,1.0,,,1.0
1533,53.242424,1.0,0.012345679,1.0,,,1.0
1534,28.200731,1.0,0.0,1.0,,,1.0
1535,19.523144,1.0,0.060606062,1.0,,,1.0
1536,16.571644,1.0,0.0,1.0,,,1.0
1537,57.85457,1.0,0.00390625,1.0,,,1.0
1538,46.32421,1.0,0.011235955,1.0,,,1.0
1539,22.328156,1.0,0.0,1.0,,,1.0
1540,64.17689,1.0,0.0,1.0,,,1.0
1541,9.469819,1.0,0.031746034,1.0,,,1.0
1542,21.353092,1.0,0.0055710305,1.0,,,1.0
1543,26.583462,1.0,0.019417476,1.0,,,1.0
1544,30.30466,1.0,0.003921569,1.0,,,1.0
1545,8.604445,1.0,0.019607844,1.0,,,1.0
1546,41.83559,1.0,0.017699115,1.0,,,1.0
1547,85.39203,1.0,0.004219409,1.0,,,1.0
1548,14.952804,1.0,0.0046948357,1.0,,,1.0
1549,117.37837,1.0,0.004830918,1.0,,,1.0
1550,7.782147,1.0,0.005235602,1.0,,,1.0
1551,16.475462,1.0,0.005194805,1.0,,,1.0
1552,77.23928,1.0,0.009615385,1.0,,,1.0
1553,36.150955,1.0,0.011363637,1.0,,,1.0
1554,15.784746,1.0,0.0,1.0,,,1.0
1555,27.870028,1.0,0.010869565,1.0,,,1.0
1556,66.37378,1.0,0.003267974,1.0,,,1.0
1557,5.6094313,1.0,0.010204081,1.0,,,1.0
1558,64.03762,1.0,0.0072727273,1.0,,,1.0
1559,78.61112,1.0,0.02173913,1.0,,,1.0
1560,10.578043,1.0,0.0,1.0,,,1.0
1561,39.24241,1.0,0.005988024,1.0,,,1.0
1562,66.482666,1.0,0.01754386,1.0,,,1.0
1563,115.46164,1.0,0.003717472,1.0,,,1.0
1564,7.782147,1.0,0.009708738,1.0,,,1.0
1565,56.98617,1.0,0.0,1.0,,,1.0
1566,51.332123,1.0,0.0,1.0,,,1.0
1567,69.6875,1.0,0.0,1.0,,,1.0
1568,27.41856,1.0,0.004878049,1.0,,,1.0
1569,137.15147,1.0,0.0018018018,1.0,,,1.0
1570,15.372862,1.0,0.015503876,1.0,,,1.0
1571,15.752563,1.0,0.057142857,1.0,,,1.0
1572,74.36603,1.0,0.0023201855,1.0,,,1.0
1573,14.883355,1.0,0.006688963,1.0,,,1.0
1574,30.306885,1.0,0.011560693,1.0,,,1.0
1575,10.061177,1.0,0.0,1.0,,,1.0
1576,83.56184,1.0,0.014492754,1.0,,,1.0
1577,137.15147,1.0,0.00486618,1.0,,,1.0
1578,18.509695,1.0,0.006289308,1.0,,,1.0
1579,28.149693,1.0,0.009803922,1.0,,,1.0
1580,17.907774,1.0,0.008695652,1.0,,,1.0
1581,44.06932,1.0,0.0019267823,1.0,,,1.0
1582,26.936724,1.0,0.0,1.0,,,1.0
1583,48.93671,1.0,0.0033003301,1.0,,,1.0
1584,13.500367,1.0,0.0,1.0,,,1.0
1585,12.0041275,1.0,0.009009009,1.0,,,1.0
1586,27.434822,1.0,0.008,1.0,,,1.0
1587,15.200337,1.0,0.011764706,1.0,,,1.0
1588,7.5131583,1.0,0.008,1.0,,,1.0
1589,14.23609,1.0,0.0,1.0,,,1.0
1590,11.029683,1.0,0.0,1.0,,,1.0
1591,17.31414,1.0,0.0,1.0,,,1.0
1592,13.667093,1.0,0.018518519,1.0,,,1.0
1593,65.28243,1.0,0.0078125,1.0,,,1.0
1594,27.837341,1.0,0.007518797,1.0,,,1.0
1595,38.605515,1.0,0.025,1.0,,,1.0
1596,76.26888,1.0,0.015873017,1.0,,,1.0
1597,9.161034,1.0,0.0,1.0,,,1.0
1598,15.526079,1.0,0.023809524,1.0,,,1.0
1599,18.793177,1.0,0.0,1.0,,,1.0
1600,10.275392,1.0,0.016260162,1.0,,,1.0
1601,19.56064,1.0,0.002570694,1.0,,,1.0
1602,11.442311,1.0,0.0093896715,1.0,,,1.0
1603,37.328815,1.0,0.0028328612,1.0,,,1.0
1604,9.207707,1.0,0.0,1.0,,,1.0
1605,77.059265,1.0,0.0076045627,1.0,,,1.0
1606,28.04086,1.0,0.004048583,1.0,,,1.0
1607,78.334885,1.0,0.015748031,1.0,,,1.0
1608,80.49888,1.0,0.0051150895,1.0,,,1.0
1609,17.033278,1.0,0.0,1.0,,,1.0
1610,22.405905,1.0,0.006535948,1.0,,,1.0
1611,26.010574,1.0,0.009302326,1.0,,,1.0
1612,6.0265417,1.0,0.0,1.0,,,1.0
1613,89.88506,1.0,0.0024271845,1.0,,,1.0
1614,26.583462,1.0,0.017391304,1.0,,,1.0
1615,18.33683,1.0,0.0048076925,1.0,,,1.0
1616,41.133457,1.0,0.010309278,1.0,,,1.0
1617,16.058558,1.0,0.004149378,1.0,,,1.0
1618,32.14655,1.0,0.006557377,1.0,,,1.0
1619,31.816439,1.0,0.015873017,1.0,,,1.0
1620,10.614885,1.0,0.0,1.0,,,1.0
1621,51.173603,1.0,0.0024813896,1.0,,,1.0
1622,4.089303,1.0,0.0,1.0,,,1.0
1623,3.8191617,1.0,0.006756757,1.0,,,1.0
1624,7.0299697,1.0,0.012658228,1.0,,,1.0
1625,21.551468,1.0,0.0,1.0,,,1.0
1626,21.56107,1.0,0.0,1.0,,,1.0
1627,34.560585,1.0,0.010989011,1.0,,,1.0
1628,20.771954,1.0,0.021276595,1.0,,,1.0
1629,63.4572,1.0,0.007490637,1.0,,,1.0
1630,56.591736,1.0,0.0063897762,1.0,,,1.0
1631,76.26888,1.0,0.00456621,1.0,,,1.0
1632,106.4167,1.0,0.0031796503,1.0,,,1.0
1633,21.403406,1.0,0.0054644807,1.0,,,1.0
1634,4.5756316,1.0,0.0,1.0,,,1.0
1635,57.282772,1.0,0.003960396,1.0,,,1.0
1636,28.377846,1.0,0.0,1.0,,,1.0
1637,56.72165,1.0,0.008097166,1.0,,,1.0
1638,19.605946,1.0,0.0040650405,1.0,,,1.0
1639,86.611275,1.0,0.0053908355,1.0,,,1.0
1640,8.089964,1.0,0.0,1.0,,,1.0
1641,28.43955,1.0,0.006451613,1.0,,,1.0
1642,12.725086,1.0,0.0057142857,1.0,,,1.0
1643,122.87542,1.0,0.006116208,1.0,,,1.0
1644,44.54079,1.0,0.0125,1.0,,,1.0
1645,78.60442,1.0,0.0057971017,1.0,,,1.0
1646,60.91268,1.0,0.0,1.0,,,1.0
1647,89.88506,1.0,0.0035587188,1.0,,,1.0
1648,48.54382,1.0,0.012048192,1.0,,,1.0
1649,26.910463,1.0,0.0035778175,1.0,,,1.0
1650,40.473145,1.0,0.011235955,1.0,,,1.0
1651,15.199139,1.0,0.0,1.0,,,1.0
1652,14.175678,1.0,0.0,1.0,,,1.0
1653,20.441633,1.0,0.004464286,1.0,,,1.0
1654,21.497808,1.0,0.013513514,1.0,,,1.0
1655,34.676586,1.0,0.00729927,1.0,,,1.0
1656,8.884108,1.0,0.031746034,1.0,,,1.0
1657,60.758087,1.0,0.005167959,1.0,,,1.0
1658,75.588684,1.0,0.007518797,1.0,,,1.0
1659,24.699356,1.0,0.0028490028,1.0,,,1.0
1660,37.69992,1.0,0.004524887,1.0,,,1.0
1661,17.573574,1.0,0.0,1.0,,,1.0
1662,1.4346457,1.0,0.0,1.0,,,1.0
1663,11.223997,1.0,0.030303031,1.0,,,1.0
1664,34.676586,1.0,0.005586592,1.0,,,1.0
1665,86.82055,1.0,0.0,1.0,,,1.0
1666,32.000538,1.0,0.0,1.0,,,1.0
1667,56.76366,1.0,0.0061728396,1.0,,,1.0
1668,33.258663,1.0,0.0057803467,1.0,,,1.0
1669,80.49888,1.0,0.0050125313,1.0,,,1.0
1670,37.615612,1.0,0.016949153,1.0,,,1.0
1671,17.636772,1.0,0.0,1.0,,,1.0
1672,48.522827,1.0,0.007434944,1.0,,,1.0
1673,51.957756,1.0,0.006802721,1.0,,,1.0
1674,9.614601,1.0,0.0,1.0,,,1.0
1675,21.445559,1.0,0.0,1.0,,,1.0
1676,38.605515,1.0,0.008196721,1.0,,,1.0
1677,94.55113,1.0,0.0056179776,1.0,,,1.0
1678,116.13675,1.0,0.0043572984,1.0,,,1.0
1679,17.930689,1.0,0.0,1.0,,,1.0
1680,21.251211,1.0,0.0056179776,1.0,,,1.0
1681,11.017487,1.0,0.0058479533,1.0,,,1.0
1682,6.266487,1.0,0.0,1.0,,,1.0
1683,87.21102,1.0,0.0064102565,1.0,,,1.0
1684,26.055458,1.0,0.006042296,1.0,,,1.0
1685,8.645463,1.0,0.0,1.0,,,1.0
1686,43.676426,1.0,0.004842615,1.0,,,1.0
1687,103.32655,1.0,0.0,1.0,,,1.0
1688,11.439696,1.0,0.0,1.0,,,1.0
1689,49.687374,1.0,0.009009009,1.0,,,1.0
1690,46.932564,1.0,0.032786883,1.0,,,1.0
1691,63.311985,1.0,0.0,1.0,,,1.0
1692,86.73833,1.0,0.014925373,1.0,,,1.0
1693,72.904945,1.0,0.0056338026,1.0,,,1.0
1694,13.442878,1.0,0.009433962,1.0,,,1.0
1695,5.8974752,1.0,0.0,1.0,,,1.0
1696,21.893303,1.0,0.0070921984,1.0,,,1.0
1697,35.421356,1.0,0.005181347,1.0,,,1.0
1698,34.113964,1.0,0.0,1.0,,,1.0
1699,19.770803,1.0,0.0,1.0,,,1.0
1700,23.920704,1.0,0.013888889,1.0,,,1.0
1701,13.797324,1.0,0.0,1.0,,,1.0
1702,37.1636,1.0,0.016666668,1.0,,,1.0
1703,41.959114,1.0,0.01369863,1.0,,,1.0
1704,14.379894,1.0,0.029850746,1.0,,,1.0
1705,34.04358,1.0,0.0,1.0,,,1.0
1706,40.323025,1.0,0.0049751243,1.0,,,1.0
1707,66.380035,1.0,0.009803922,1.0,,,1.0
1708,15.298584,1.0,0.007633588,1.0,,,1.0
1709,137.15147,1.0,0.010928961,1.0,,,1.0
1710,40.885918,1.0,0.0,1.0,,,1.0
1711,77.05865,1.0,0.0088495575,1.0,,,1.0
1712,33.68018,1.0,0.009259259,1.0,,,1.0
1713,33.20235,1.0,0.005988024,1.0,,,1.0
1714,2.873482,1.0,0.032258064,1.0,,,1.0
1715,20.618395,1.0,0.0,1.0,,,1.0
1716,50.916996,1.0,0.008474576,1.0,,,1.0
1717,23.065699,1.0,0.007518797,1.0,,,1.0
1718,21.09312,1.0,0.0038314175,1.0,,,1.0
1719,37.80623,1.0,0.0,1.0,,,1.0
1720,8.562536,1.0,0.0064102565,1.0,,,1.0
1721,31.441236,1.0,0.0,1.0,,,1.0
1722,47.869267,1.0,0.0054945056,1.0,,,1.0
1723,59.60921,1.0,0.0049875313,1.0,,,1.0
1724,51.501766,1.0,0.011299435,1.0,,,1.0
1725,69.420654,1.0,0.0045351475,1.0,,,1.0
1726,8.071936,1.0,0.0031545742,1.0,,,1.0
1727,19.47356,1.0,0.018691588,1.0,,,1.0
1728,102.72474,1.0,0.00591716,1.0,,,1.0
1729,50.300728,1.0,0.0067114094,1.0,,,1.0
1730,21.77913,1.0,0.006849315,1.0,,,1.0
1731,22.123486,1.0,0.0049261083,1.0,,,1.0
1732,89.88506,1.0,0.0058479533,1.0,,,1.0
1733,26.488232,1.0,0.0,1.0,,,1.0
1734,13.476844,1.0,0.0,1.0,,,1.0
1735,49.87287,1.0,0.009661836,1.0,,,1.0
1736,13.109597,1.0,0.0,1.0,,,1.0
1737,42.859505,1.0,0.022727273,1.0,,,1.0
1738,32.97824,1.0,0.0,1.0,,,1.0
1739,50.058445,1.0,0.005167959,1.0,,,1.0
1740,9.445115,1.0,0.0067114094,1.0,,,1.0
1741,16.733389,1.0,0.0093896715,1.0,,,1.0
1742,6.4633512,1.0,0.023529412,1.0,,,1.0
1743,16.733389,1.0,0.004385965,1.0,,,1.0
1744,8.047807,1.0,0.005586592,1.0,,,1.0
1745,47.14422,1.0,0.0,1.0,,,1.0
1746,9.721709,1.0,0.0,1.0,,,1.0
1747,79.86068,1.0,0.010989011,1.0,,,1.0
1748,7.083813,1.0,0.0076923077,1.0,,,1.0
1749,5.666222,1.0,0.0037593986,1.0,,,1.0
1750,79.90929,1.0,0.0064935065,1.0,,,1.0
1751,31.809446,1.0,0.0,1.0,,,1.0
1752,56.716984,1.0,0.0029850747,1.0,,,1.0
1753,44.17085,1.0,0.0,1.0,,,1.0
1754,21.47009,1.0,0.009009009,1.0,,,1.0
1755,44.19484,1.0,0.014084507,1.0,,,1.0
1756,34.957493,1.0,0.0036363637,1.0,,,1.0
1757,102.88374,1.0,0.005277045,1.0,,,1.0
1758,8.094917,1.0,0.0,1.0,,,1.0
1759,9.513192,1.0,0.0031347962,1.0,,,1.0
1760,37.09724,1.0,0.0020618557,1.0,,,1.0
1761,54.69655,1.0,0.008695652,1.0,,,1.0
1762,51.323814,1.0,0.0033898305,1.0,,,1.0
1763,21.84924,1.0,0.010989011,1.0,,,1.0
1764,49.902542,1.0,0.0036630037,1.0,,,1.0
1765,34.06485,1.0,0.007874016,1.0,,,1.0
1766,64.704315,1.0,0.012820513,1.0,,,1.0
1767,15.074794,1.0,0.0,1.0,,,1.0
1768,20.042843,1.0,0.006849315,1.0,,,1.0
1769,8.604445,1.0,0.0066225166,1.0,,,1.0
1770,47.20941,1.0,0.002631579,1.0,,,1.0
1771,78.47665,1.0,0.004962779,1.0,,,1.0
1772,87.21102,1.0,0.0035971224,1.0,,,1.0
1773,30.779783,1.0,0.011627907,1.0,,,1.0
1774,20.40353,1.0,0.0091743115,1.0,,,1.0
1775,33.258663,1.0,0.013333334,1.0,,,1.0
1776,16.289019,1.0,0.0025839794,1.0,,,1.0
1777,73.267296,1.0,0.005899705,1.0,,,1.0
1778,9.842141,1.0,0.0,1.0,,,1.0
1779,41.959114,1.0,0.0072202166,1.0,,,1.0
1780,29.478361,1.0,0.0051020407,1.0,,,1.0
1781,24.88443,1.0,0.011235955,1.0,,,1.0
1782,53.971333,1.0,0.0,1.0,,,1.0
1783,122.87542,1.0,0.011494253,1.0,,,1.0
1784,45.515926,1.0,0.0070921984,1.0,,,1.0
1785,39.252228,1.0,0.02631579,1.0,,,1.0
1786,42.61605,1.0,0.010416667,1.0,,,1.0
1787,35.480804,1.0,0.011494253,1.0,,,1.0
1788,25.126825,1.0,0.0,1.0,,,1.0
1789,29.450874,1.0,0.012903226,1.0,,,1.0
1790,12.914023,1.0,0.030303031,1.0,,,1.0
1791,12.311419,1.0,0.008163265,1.0,,,1.0
1792,24.988256,1.0,0.0,1.0,,,1.0
1793,35.85818,1.0,0.0,1.0,,,1.0
1794,16.060669,1.0,0.0,1.0,,,1.0
1795,24.49634,1.0,0.018867925,1.0,,,1.0
1796,112.634705,1.0,0.0033726813,1.0,,,1.0
1797,50.154015,1.0,0.0031152647,1.0,,,1.0
1798,42.68453,1.0,0.010362694,1.0,,,1.0
1799,37.396656,1.0,0.0,1.0,,,1.0
1800,79.106575,1.0,0.003690037,1.0,,,1.0
1801,57.35028,1.0,0.011764706,1.0,,,1.0
1802,23.0025,1.0,0.0026809652,1.0,,,1.0
1803,21.078693,1.0,0.0,1.0,,,1.0
1804,30.411959,1.0,0.0,1.0,,,1.0
1805,20.738213,1.0,0.0,1.0,,,1.0
1806,23.433702,1.0,0.0,1.0,,,1.0
1807,58.815506,1.0,0.004750594,1.0,,,1.0
1808,37.491264,1.0,0.0,1.0,,,1.0
1809,37.328815,1.0,0.009345794,1.0,,,1.0
1810,31.286966,1.0,0.010256411,1.0,,,1.0
1811,22.969654,1.0,0.008333334,1.0,,,1.0
1812,32.561844,1.0,0.007017544,1.0,,,1.0
1813,21.396473,1.0,0.011049724,1.0,,,1.0
1814,34.77546,1.0,0.010869565,1.0,,,1.0
1815,14.0857315,1.0,0.0,1.0,,,1.0
1816,22.838552,1.0,0.0,1.0,,,1.0
1817,70.6527,1.0,0.007352941,1.0,,,1.0
1818,75.0706,1.0,0.005235602,1.0,,,1.0
1819,10.853316,1.0,0.0020283975,1.0,,,1.0
1820,80.03177,1.0,0.004255319,1.0,,,1.0
1821,11.2925625,1.0,0.05263158,1.0,,,1.0
1822,30.785923,1.0,0.0056818184,1.0,,,1.0
1823,14.511759,1.0,0.0,1.0,,,1.0
1824,68.1871,1.0,0.005952381,1.0,,,1.0
1825,20.71445,1.0,0.012048192,1.0,,,1.0
1826,63.177364,1.0,0.0,1.0,,,1.0
1827,25.125593,1.0,0.015384615,1.0,,,1.0
1828,32.48948,1.0,0.006134969,1.0,,,1.0
1829,58.84954,1.0,0.008547009,1.0,,,1.0
1830,14.744683,1.0,0.0,1.0,,,1.0
1831,47.587147,1.0,0.006369427,1.0,,,1.0
1832,85.12826,1.0,0.0034482758,1.0,,,1.0
1833,33.896175,1.0,0.0050251256,1.0,,,1.0
1834,30.162825,1.0,0.0,1.0,,,1.0
1835,83.855774,1.0,0.003236246,1.0,,,1.0
1836,15.964975,1.0,0.009345794,1.0,,,1.0
1837,21.925514,1.0,0.01754386,1.0,,,1.0
1838,10.5129595,1.0,0.0,1.0,,,1.0
1839,4.908255,1.0,0.0,1.0,,,1.0
1840,13.236434,1.0,0.0021413276,1.0,,,1.0
1841,48.857628,1.0,0.02,1.0,,,1.0
1842,2.6798973,1.0,0.0,1.0,,,1.0
1843,14.771316,1.0,0.0068965517,1.0,,,1.0
1844,59.60921,1.0,0.0067114094,1.0,,,1.0
1845,51.6686,1.0,0.0066006603,1.0,,,1.0
1846,27.161705,1.0,0.006116208,1.0,,,1.0
1847,21.48953,1.0,0.008888889,1.0,,,1.0
1848,50.617916,1.0,0.013333334,1.0,,,1.0
1849,27.399332,1.0,0.0,1.0,,,1.0
1850,54.867058,1.0,0.0,1.0,,,1.0
1851,25.882061,1.0,0.018518519,1.0,,,1.0
1852,20.738213,1.0,0.020408163,1.0,,,1.0
1853,8.545442,1.0,0.04,1.0,,,1.0
1854,2.7493434,1.0,0.0050251256,1.0,,,1.0
1855,81.34332,1.0,0.010362694,1.0,,,1.0
1856,52.834007,1.0,0.0054644807,1.0,,,1.0
1857,81.40033,1.0,0.0052083335,1.0,,,1.0
1858,29.500444,1.0,0.0,1.0,,,1.0
1859,22.897446,1.0,0.00729927,1.0,,,1.0
1860,55.81536,1.0,0.0051282053,1.0,,,1.0
1861,51.40445,1.0,0.0023419203,1.0,,,1.0
1862,7.6204405,1.0,0.02631579,1.0,,,1.0
1863,44.71085,1.0,0.0,1.0,,,1.0
1864,84.1685,1.0,0.004149378,1.0,,,1.0
1865,34.863483,1.0,0.009661836,1.0,,,1.0
1866,104.55939,1.0,0.004056795,1.0,,,1.0
1867,4.5404963,1.0,0.0,1.0,,,1.0
1868,23.129534,1.0,0.007246377,1.0,,,1.0
1869,26.835497,1.0,0.0051282053,1.0,,,1.0
1870,18.277403,1.0,0.0,1.0,,,1.0
1871,5.432657,1.0,0.0,1.0,,,1.0
1872,75.51869,1.0,0.0,1.0,,,1.0
1873,11.549868,1.0,0.0,1.0,,,1.0
1874,21.812563,1.0,0.005291005,1.0,,,1.0
1875,18.573711,1.0,0.039215688,1.0,,,1.0
1876,23.641384,1.0,0.0,1.0,,,1.0
1877,29.944487,1.0,0.0,1.0,,,1.0
1878,24.50185,1.0,0.0,1.0,,,1.0
1879,30.352007,1.0,0.013157895,1.0,,,1.0
1880,15.108142,1.0,0.0,1.0,,,1.0
1881,73.33114,1.0,0.0,1.0,,,1.0
1882,41.58523,1.0,0.005235602,1.0,,,1.0
1883,39.78631,1.0,0.0028653296,1.0,,,1.0
1884,33.09486,1.0,0.011428571,1.0,,,1.0
1885,23.284428,1.0,0.00990099,1.0,,,1.0
1886,48.72588,1.0,0.006993007,1.0,,,1.0
1887,23.377945,1.0,0.015625,1.0,,,1.0
1888,1.882283,1.0,0.0,1.0,,,1.0
1889,50.91552,1.0,0.008264462,1.0,,,1.0
1890,80.49888,1.0,0.0,1.0,,,1.0
1891,11.273919,1.0,0.0,1.0,,,1.0
1892,2.2133408,1.0,0.0,1.0,,,1.0
1893,19.56064,1.0,0.012987013,1.0,,,1.0
1894,13.551765,1.0,0.00952381,1.0,,,1.0
1895,11.791986,1.0,0.0,1.0,,,1.0
1896,64.06434,1.0,0.0076923077,1.0,,,1.0
1897,43.38592,1.0,0.010152284,1.0,,,1.0
1898,17.475834,1.0,0.0,1.0,,,1.0
1899,24.440407,1.0,0.0016420361,1.0,,,1.0
1900,105.86188,1.0,0.0028011205,1.0,,,1.0
1901,23.935577,1.0,0.0043290043,1.0,,,1.0
1902,73.267296,1.0,0.008064516,1.0,,,1.0
1903,2.8936722,1.0,0.0,1.0,,,1.0
1904,4.516477,1.0,0.0,1.0,,,1.0
1905,37.097908,1.0,0.0058651026,1.0,,,1.0
1906,15.715847,1.0,0.009009009,1.0,,,1.0
1907,65.94888,1.0,0.009345794,1.0,,,1.0
1908,23.567698,1.0,0.013157895,1.0,,,1.0
1909,34.113964,1.0,0.01754386,1.0,,,1.0
1910,12.803954,1.0,0.009259259,1.0,,,1.0
1911,1.3839852,1.0,0.0,1.0,,,1.0
1912,26.287113,1.0,0.008403362,1.0,,,1.0
1913,66.09364,1.0,0.012820513,1.0,,,1.0
1914,12.668288,1.0,0.0020120724,1.0,,,1.0
1915,2.67733,1.0,0.0,1.0,,,1.0
1916,64.11903,1.0,0.0,1.0,,,1.0
1917,6.5966225,1.0,0.0,1.0,,,1.0
1918,60.70733,1.0,0.0072727273,1.0,,,1.0
1919,38.739883,1.0,0.003929273,1.0,,,1.0
1920,20.510408,1.0,0.004962779,1.0,,,1.0
1921,117.691864,1.0,0.0050890585,1.0,,,1.0
1922,51.927704,1.0,0.014184397,1.0,,,1.0
1923,9.664059,1.0,0.05263158,1.0,,,1.0
1924,34.37695,1.0,0.016806724,1.0,,,1.0
1925,25.679375,1.0,0.011235955,1.0,,,1.0
1926,41.30865,1.0,0.0021231424,1.0,,,1.0
1927,30.927547,1.0,0.007246377,1.0,,,1.0
1928,24.125977,1.0,0.00486618,1.0,,,1.0
1929,5.511572,1.0,0.011111111,1.0,,,1.0
1930,17.543228,1.0,0.0,1.0,,,1.0
1931,92.31766,1.0,0.007142857,1.0,,,1.0
1932,16.546331,1.0,0.0,1.0,,,1.0
1933,58.016228,1.0,0.008333334,1.0,,,1.0
1934,70.82233,1.0,0.012578616,1.0,,,1.0
1935,35.419224,1.0,0.004158004,1.0,,,1.0
1936,73.08166,1.0,0.008403362,1.0,,,1.0
1937,65.94888,1.0,0.022222223,1.0,,,1.0
1938,36.617287,1.0,0.014925373,1.0,,,1.0
1939,99.924126,1.0,0.005076142,1.0,,,1.0
1940,14.462367,1.0,0.0,1.0,,,1.0
1941,56.935543,1.0,0.009803922,1.0,,,1.0
1942,40.36453,1.0,0.00913242,1.0,,,1.0
1943,23.634144,1.0,0.004878049,1.0,,,1.0
1944,2.6235132,1.0,0.0,1.0,,,1.0
1945,50.94985,1.0,0.0074074073,1.0,,,1.0
1946,31.215162,1.0,0.0,1.0,,,1.0
1947,19.55218,1.0,0.011494253,1.0,,,1.0
1948,3.9456952,1.0,0.0070921984,1.0,,,1.0
1949,63.71145,1.0,0.014814815,1.0,,,1.0
1950,16.146418,1.0,0.0093896715,1.0,,,1.0
1951,19.346474,1.0,0.00952381,1.0,,,1.0
1952,27.457932,1.0,0.0,1.0,,,1.0
1953,45.405006,1.0,0.025974026,1.0,,,1.0
1954,26.163624,1.0,0.015384615,1.0,,,1.0
1955,60.758087,1.0,0.009708738,1.0,,,1.0
1956,16.941963,1.0,0.008163265,1.0,,,1.0
1957,49.257343,1.0,0.009259259,1.0,,,1.0
1958,13.854891,1.0,0.0019880715,1.0,,,1.0
1959,68.77098,1.0,0.010471204,1.0,,,1.0
1960,7.9775605,1.0,0.013422819,1.0,,,1.0
1961,21.587637,1.0,0.0,1.0,,,1.0
1962,89.88506,1.0,0.0017331023,1.0,,,1.0
1963,18.076748,1.0,0.0,1.0,,,1.0
1964,31.762415,1.0,0.012048192,1.0,,,1.0
1965,3.668693,1.0,0.0,1.0,,,1.0
1966,55.507927,1.0,0.008130081,1.0,,,1.0
1967,35.18058,1.0,0.016393442,1.0,,,1.0
1968,45.81982,1.0,0.0088495575,1.0,,,1.0
1969,12.203635,1.0,0.0025062656,1.0,,,1.0
1970,68.69439,1.0,0.0,1.0,,,1.0
1971,32.22916,1.0,0.010416667,1.0,,,1.0
1972,26.67058,1.0,0.011764706,1.0,,,1.0
1973,10.980552,1.0,0.0,1.0,,,1.0
1974,16.769426,1.0,0.0,1.0,,,1.0
1975,15.407391,1.0,0.013333334,1.0,,,1.0
1976,9.632017,1.0,0.0,1.0,,,1.0
1977,56.376305,1.0,0.0032258064,1.0,,,1.0
1978,63.247498,1.0,0.003787879,1.0,,,1.0
1979,12.972427,1.0,0.0,1.0,,,1.0
1980,12.810557,1.0,0.005988024,1.0,,,1.0
1981,32.000538,1.0,0.0058139535,1.0,,,1.0
1982,55.130615,1.0,0.01980198,1.0,,,1.0
1983,16.803946,1.0,0.027027028,1.0,,,1.0
1984,11.28691,1.0,0.0,1.0,,,1.0
1985,9.248672,1.0,0.032258064,1.0,,,1.0
1986,14.246368,1.0,0.0,1.0,,,1.0
1987,12.877289,1.0,0.0,1.0,,,1.0
1988,51.96025,1.0,0.0,1.0,,,1.0
1989,80.49888,1.0,0.0074074073,1.0,,,1.0
1990,68.1871,1.0,0.0042643924,1.0,,,1.0
1991,88.42126,1.0,0.014925373,1.0,,,1.0
1992,24.044209,1.0,0.0,1.0,,,1.0
1993,73.504425,1.0,0.0088495575,1.0,,,1.0
1994,26.906616,1.0,0.045454547,1.0,,,1.0
1995,81.40033,1.0,0.00952381,1.0,,,1.0
1996,46.28599,1.0,0.004750594,1.0,,,1.0
1997,42.885136,1.0,0.0057471264,1.0,,,1.0
1998,52.739285,1.0,0.0,1.0,,,1.0
1999,73.187294,1.0,0.003236246,1.0,,,1.0
2000,73.08166,1.0,0.0029498525,1.0,,,1.0
2001,42.46982,1.0,0.010050251,1.0,,,1.0
2002,32.148567,1.0,0.006430868,1.0,,,1.0
2003,23.578114,1.0,0.0,1.0,,,1.0
2004,108.342125,1.0,0.004962779,1.0,,,1.0
2005,47.839905,1.0,0.0043010754,1.0,,,1.0
2006,37.491264,1.0,0.012820513,1.0,,,1.0
2007,57.155567,1.0,0.020408163,1.0,,,1.0
2008,19.894602,1.0,0.024691358,1.0,,,1.0
2009,42.433804,1.0,0.00862069,1.0,,,1.0
2010,117.691864,1.0,0.004938272,1.0,,,1.0
2011,13.345075,1.0,0.0058139535,1.0,,,1.0
2012,62.83131,1.0,0.0055710305,1.0,,,1.0
2013,61.799316,1.0,0.0,1.0,,,1.0
2014,1.4203855,1.0,0.0,1.0,,,1.0
2015,13.807859,1.0,0.02,1.0,,,1.0
2016,63.247498,1.0,0.003968254,1.0,,,1.0
2017,25.724472,1.0,0.0,1.0,,,1.0
2018,26.835497,1.0,0.0,1.0,,,1.0
2019,28.414864,1.0,0.0099502485,1.0,,,1.0
2020,15.130464,1.0,0.027777778,1.0,,,1.0
2021,26.991556,1.0,0.0,1.0,,,1.0
2022,17.042706,1.0,0.015873017,1.0,,,1.0
2023,26.105045,1.0,0.0091743115,1.0,,,1.0
2024,40.91182,1.0,0.00729927,1.0,,,1.0
2025,33.64,1.0,0.0,1.0,,,1.0
2026,60.91268,1.0,0.018181818,1.0,,,1.0
2027,41.11562,1.0,0.013793103,1.0,,,1.0
2028,9.910428,1.0,0.0,1.0,,,1.0
2029,15.374791,1.0,0.0027855153,1.0,,,1.0
2030,30.802313,1.0,0.0057636886,1.0,,,1.0
2031,27.968794,1.0,0.00990099,1.0,,,1.0
2032,50.20582,1.0,0.004484305,1.0,,,1.0
2033,13.060446,1.0,0.0078125,1.0,,,1.0
2034,15.868286,1.0,0.014492754,1.0,,,1.0
2035,29.79571,1.0,0.009259259,1.0,,,1.0
2036,14.640958,1.0,0.004716981,1.0,,,1.0
2037,18.411108,1.0,0.0,1.0,,,1.0
2038,71.75185,1.0,0.004830918,1.0,,,1.0
2039,51.584934,1.0,0.007874016,1.0,,,1.0
2040,21.705118,1.0,0.0,1.0,,,1.0
2041,64.83706,1.0,0.011235955,1.0,,,1.0
2042,47.589226,1.0,0.005181347,1.0,,,1.0
2043,32.299667,1.0,0.02,1.0,,,1.0
2044,14.943771,1.0,0.007434944,1.0,,,1.0
2045,10.824467,1.0,0.001776199,1.0,,,1.0
2046,44.71085,1.0,0.003144654,1.0,,,1.0
2047,24.36874,1.0,0.0952381,1.0,,,1.0
2048,48.698395,1.0,0.0035460992,1.0,,,1.0
2049,11.922067,1.0,0.0,1.0,,,1.0
2050,5.158866,1.0,0.0,1.0,,,1.0
2051,16.046627,1.0,0.022988506,1.0,,,1.0
2052,46.432873,1.0,0.0,1.0,,,1.0
2053,19.041605,1.0,0.0054644807,1.0,,,1.0
2054,12.021539,1.0,0.0,1.0,,,1.0
2055,45.26926,1.0,0.013157895,1.0,,,1.0
2056,71.42983,1.0,0.0052083335,1.0,,,1.0
2057,7.1473937,1.0,0.0,1.0,,,1.0
2058,30.668852,1.0,0.012048192,1.0,,,1.0
2059,48.362278,1.0,0.007751938,1.0,,,1.0
2060,22.51321,1.0,0.0,1.0,,,1.0
2061,0.0,1.0,0.0,1.0,,,1.0
2062,35.310802,1.0,0.0,1.0,,,1.0
2063,11.767868,1.0,0.016129032,1.0,,,1.0
2064,20.754004,1.0,0.0,1.0,,,1.0
2065,77.42965,1.0,0.007843138,1.0,,,1.0
2066,55.51316,1.0,0.0027027028,1.0,,,1.0
2067,33.612812,1.0,0.005586592,1.0,,,1.0
2068,44.910854,1.0,0.016,1.0,,,1.0
2069,18.277313,1.0,0.0032786885,1.0,,,1.0
2070,27.726736,1.0,0.0,1.0,,,1.0
2071,29.70471,1.0,0.0,1.0,,,1.0
2072,43.452435,1.0,0.006006006,1.0,,,1.0
2073,14.797875,1.0,0.022988506,1.0,,,1.0
2074,34.396816,1.0,0.0,1.0,,,1.0
2075,62.3884,1.0,0.008333334,1.0,,,1.0
2076,27.253378,1.0,0.007633588,1.0,,,1.0
2077,25.984951,1.0,0.0039525693,1.0,,,1.0
2078,59.89199,1.0,0.010869565,1.0,,,1.0
2079,29.670721,1.0,0.005263158,1.0,,,1.0
2080,13.207193,1.0,0.012048192,1.0,,,1.0
2081,15.7381935,1.0,0.0040816325,1.0,,,1.0
2082,58.602787,1.0,0.015151516,1.0,,,1.0
2083,41.83559,1.0,0.0,1.0,,,1.0
2084,17.593369,1.0,0.008658009,1.0,,,1.0
2085,41.959114,1.0,0.003875969,1.0,,,1.0
2086,27.457932,1.0,0.025,1.0,,,1.0
2087,58.774593,1.0,0.0,1.0,,,1.0
2088,12.574819,1.0,0.0,1.0,,,1.0
2089,46.737064,1.0,0.0,1.0,,,1.0
2090,42.57018,1.0,0.0,1.0,,,1.0
2091,104.04593,1.0,0.0055710305,1.0,,,1.0
2092,21.46517,1.0,0.0,1.0,,,1.0
2093,10.050382,1.0,0.0,1.0,,,1.0
2094,5.938552,1.0,0.028571429,1.0,,,1.0
2095,59.60921,1.0,0.009090909,1.0,,,1.0
2096,21.254023,1.0,0.0,1.0,,,1.0
2097,15.213625,1.0,0.0,1.0,,,1.0
2098,55.581814,1.0,0.0088495575,1.0,,,1.0
2099,13.968333,1.0,0.005988024,1.0,,,1.0
2100,21.632694,1.0,0.0037593986,1.0,,,1.0
2101,12.53282,1.0,0.0,1.0,,,1.0
2102,47.41082,1.0,0.003787879,1.0,,,1.0
2103,9.449576,1.0,0.0,1.0,,,1.0
2104,7.1266885,1.0,0.006369427,1.0,,,1.0
2105,56.421745,1.0,0.0,1.0,,,1.0
2106,104.55939,1.0,0.00921659,1.0,,,1.0
2107,21.278955,1.0,0.024390243,1.0,,,1.0
2108,4.7565594,1.0,0.0,1.0,,,1.0
2109,29.380642,1.0,0.0088495575,1.0,,,1.0
2110,34.06485,1.0,0.004576659,1.0,,,1.0
2111,32.561844,1.0,0.011363637,1.0,,,1.0
2112,46.882812,1.0,0.010752688,1.0,,,1.0
2113,43.80384,1.0,0.004830918,1.0,,,1.0
2114,45.692894,1.0,0.003690037,1.0,,,1.0
2115,23.80188,1.0,0.0,1.0,,,1.0
2116,7.8191495,1.0,0.0,1.0,,,1.0
2117,17.825897,1.0,0.0,1.0,,,1.0
2118,14.453025,1.0,0.0,1.0,,,1.0
2119,23.18951,1.0,0.003322259,1.0,,,1.0
2120,13.986138,1.0,0.011428571,1.0,,,1.0
2121,56.898495,1.0,0.0036697248,1.0,,,1.0
2122,23.667639,1.0,0.0068259384,1.0,,,1.0
2123,23.567698,1.0,0.013605442,1.0,,,1.0
2124,37.80578,1.0,0.0088495575,1.0,,,1.0
2125,10.758566,1.0,0.0,1.0,,,1.0
2126,18.945568,1.0,0.009345794,1.0,,,1.0
2127,40.323025,1.0,0.0063492064,1.0,,,1.0
2128,80.49888,1.0,0.0046189376,1.0,,,1.0
2129,36.582325,1.0,0.0074074073,1.0,,,1.0
2130,45.94312,1.0,0.041666668,1.0,,,1.0
2131,31.790745,1.0,0.012345679,1.0,,,1.0
2132,95.84354,1.0,0.014492754,1.0,,,1.0
2133,14.217036,1.0,0.0,1.0,,,1.0
2134,63.71145,1.0,0.0,1.0,,,1.0
2135,39.820915,1.0,0.014084507,1.0,,,1.0
2136,19.273928,1.0,0.0,1.0,,,1.0
2137,21.29406,1.0,0.010526316,1.0,,,1.0
2138,19.389536,1.0,0.00729927,1.0,,,1.0
2139,39.971397,1.0,0.0,1.0,,,1.0
2140,17.04943,1.0,0.005181347,1.0,,,1.0
2141,57.51592,1.0,0.005602241,1.0,,,1.0
2142,24.396301,1.0,0.0,1.0,,,1.0
2143,24.108902,1.0,0.007633588,1.0,,,1.0
2144,29.49103,1.0,0.0,1.0,,,1.0
2145,19.834724,1.0,0.0029325513,1.0,,,1.0
2146,40.46492,1.0,0.011560693,1.0,,,1.0
2147,18.931227,1.0,0.008064516,1.0,,,1.0
2148,13.80405,1.0,0.0,1.0,,,1.0
2149,40.31641,1.0,0.0022988506,1.0,,,1.0
2150,75.32171,1.0,0.0,1.0,,,1.0
2151,55.82813,1.0,0.008658009,1.0,,,1.0
2152,7.5774937,1.0,0.0,1.0,,,1.0
2153,45.008457,1.0,0.006451613,1.0,,,1.0
2154,18.811483,1.0,0.005540166,1.0,,,1.0
2155,51.840786,1.0,0.001980198,1.0,,,1.0
2156,100.72897,1.0,0.0063492064,1.0,,,1.0
2157,8.709013,1.0,0.005167959,1.0,,,1.0
2158,36.47682,1.0,0.0057803467,1.0,,,1.0
2159,30.616505,1.0,0.0,1.0,,,1.0
2160,26.02016,1.0,0.0051282053,1.0,,,1.0
2161,19.577953,1.0,0.004032258,1.0,,,1.0
2162,35.013527,1.0,0.013513514,1.0,,,1.0
2163,6.060869,1.0,0.0,1.0,,,1.0
2164,49.064255,1.0,0.009345794,1.0,,,1.0
2165,18.951645,1.0,0.0,1.0,,,1.0
2166,14.0857315,1.0,0.009569378,1.0,,,1.0
2167,21.765255,1.0,0.0,1.0,,,1.0
2168,16.51707,1.0,0.0,1.0,,,1.0
2169,54.970505,1.0,0.003164557,1.0,,,1.0
2170,13.060446,1.0,0.004115226,1.0,,,1.0
2171,63.5304,1.0,0.006993007,1.0,,,1.0
2172,8.869161,1.0,0.004651163,1.0,,,1.0
2173,34.372967,1.0,0.018867925,1.0,,,1.0
2174,20.553225,1.0,0.018181818,1.0,,,1.0
2175,15.541981,1.0,0.01010101,1.0,,,1.0
2176,12.958708,1.0,0.013422819,1.0,,,1.0
2177,64.83706,1.0,0.025316456,1.0,,,1.0
2178,25.225025,1.0,0.012820513,1.0,,,1.0
2179,42.360546,1.0,0.0021691974,1.0,,,1.0
2180,9.886144,1.0,0.01923077,1.0,,,1.0
2181,46.28599,1.0,0.004608295,1.0,,,1.0
2182,11.507326,1.0,0.005076142,1.0,,,1.0
2183,18.377977,1.0,0.012987013,1.0,,,1.0
2184,5.586852,1.0,0.0,1.0,,,1.0
2185,30.952871,1.0,0.008064516,1.0,,,1.0
2186,40.562775,1.0,0.0,1.0,,,1.0
2187,35.32081,1.0,0.0,1.0,,,1.0
2188,102.88374,1.0,0.0073260074,1.0,,,1.0
2189,102.72474,1.0,0.0078125,1.0,,,1.0
2190,50.058445,1.0,0.0067340066,1.0,,,1.0
2191,18.60122,1.0,0.0,1.0,,,1.0
2192,76.76842,1.0,0.0019880715,1.0,,,1.0
2193,23.667639,1.0,0.009345794,1.0,,,1.0
2194,30.802313,1.0,0.011363637,1.0,,,1.0
2195,51.792812,1.0,0.004608295,1.0,,,1.0
2196,37.1636,1.0,0.028571429,1.0,,,1.0
2197,23.061047,1.0,0.0088495575,1.0,,,1.0
2198,52.275127,1.0,0.013157895,1.0,,,1.0
2199,47.65984,1.0,0.004962779,1.0,,,1.0
2200,21.5319,1.0,0.0,1.0,,,1.0
2201,26.906616,1.0,0.010638298,1.0,,,1.0
2202,27.253378,1.0,0.0048076925,1.0,,,1.0
2203,56.898495,1.0,0.0054347827,1.0,,,1.0
2204,6.409159,1.0,0.014814815,1.0,,,1.0
2205,17.42918,1.0,0.0036630037,1.0,,,1.0
2206,35.960762,1.0,0.022222223,1.0,,,1.0
2207,41.702473,1.0,0.0072727273,1.0,,,1.0
2208,17.682062,1.0,0.015625,1.0,,,1.0
2209,7.5986295,1.0,0.028169014,1.0,,,1.0
2210,42.670406,1.0,0.007142857,1.0,,,1.0
2211,16.796589,1.0,0.0,1.0,,,1.0
2212,29.339872,1.0,0.009259259,1.0,,,1.0
2213,30.882236,1.0,0.012987013,1.0,,,1.0
2214,100.17136,1.0,0.008810572,1.0,,,1.0
2215,98.70822,1.0,0.021505376,1.0,,,1.0
2216,3.186232,1.0,0.017391304,1.0,,,1.0
2217,77.92276,1.0,0.004347826,1.0,,,1.0
2218,35.861374,1.0,0.01754386,1.0,,,1.0
2219,12.76755,1.0,0.0,1.0,,,1.0
2220,53.428047,1.0,0.008438818,1.0,,,1.0
2221,20.405405,1.0,0.0,1.0,,,1.0
2222,71.00598,1.0,0.004040404,1.0,,,1.0
2223,17.3507,1.0,0.016393442,1.0,,,1.0
2224,15.148463,1.0,0.006060606,1.0,,,1.0
2225,35.51589,1.0,0.028169014,1.0,,,1.0
2226,33.01926,1.0,0.0022172949,1.0,,,1.0
2227,33.60434,1.0,0.009009009,1.0,,,1.0
2228,21.55734,1.0,0.0,1.0,,,1.0
2229,56.76366,1.0,0.0028328612,1.0,,,1.0
2230,46.882812,1.0,0.0,1.0,,,1.0
2231,24.863554,1.0,0.006993007,1.0,,,1.0
2232,12.070368,1.0,0.0,1.0,,,1.0
2233,15.69693,1.0,0.0,1.0,,,1.0
2234,55.130615,1.0,0.012121212,1.0,,,1.0
2235,64.774826,1.0,0.014285714,1.0,,,1.0
2236,103.64353,1.0,0.006779661,1.0,,,1.0
2237,1.1396332,1.0,0.0,1.0,,,1.0
2238,55.82813,1.0,0.011494253,1.0,,,1.0
2239,75.32171,1.0,0.0038610038,1.0,,,1.0
2240,50.445942,1.0,0.018181818,1.0,,,1.0
2241,73.504425,1.0,0.005934718,1.0,,,1.0
2242,43.313755,1.0,0.008264462,1.0,,,1.0
2243,32.63862,1.0,0.0,1.0,,,1.0
2244,52.038982,1.0,0.0047281324,1.0,,,1.0
2245,109.534454,1.0,0.0038461538,1.0,,,1.0
2246,21.007324,1.0,0.025316456,1.0,,,1.0
2247,108.342125,1.0,0.0056818184,1.0,,,1.0
2248,94.55113,1.0,0.0036231885,1.0,,,1.0
2249,7.014473,1.0,0.0,1.0,,,1.0
2250,13.855999,1.0,0.004950495,1.0,,,1.0
2251,78.47665,1.0,0.0046620048,1.0,,,1.0
2252,109.534454,1.0,0.004608295,1.0,,,1.0
2253,78.47665,1.0,0.004819277,1.0,,,1.0
2254,60.60715,1.0,0.0065146578,1.0,,,1.0
2255,65.98681,1.0,0.007968128,1.0,,,1.0
2256,49.648373,1.0,0.0060975607,1.0,,,1.0
2257,24.282587,1.0,0.006134969,1.0,,,1.0
2258,12.414398,1.0,0.0,1.0,,,1.0
2259,12.605765,1.0,0.0088495575,1.0,,,1.0
2260,18.387362,1.0,0.007142857,1.0,,,1.0
2261,14.535093,1.0,0.0034129692,1.0,,,1.0
2262,85.70176,1.0,0.0054945056,1.0,,,1.0
2263,27.253378,1.0,0.004132231,1.0,,,1.0
2264,2.077264,1.0,0.0,1.0,,,1.0
2265,92.882454,1.0,0.0064935065,1.0,,,1.0
2266,12.962901,1.0,0.013986014,1.0,,,1.0
2267,19.950916,1.0,0.006369427,1.0,,,1.0
2268,39.032974,1.0,0.0,1.0,,,1.0
2269,85.39203,1.0,0.0038387715,1.0,,,1.0
2270,86.02153,1.0,0.0066225166,1.0,,,1.0
2271,33.70337,1.0,0.001980198,1.0,,,1.0
2272,109.534454,1.0,0.0038387715,1.0,,,1.0
2273,12.9007635,1.0,0.004716981,1.0,,,1.0
2274,41.821625,1.0,0.008264462,1.0,,,1.0
2275,20.19199,1.0,0.006535948,1.0,,,1.0
2276,40.258747,1.0,0.0,1.0,,,1.0
2277,13.836165,1.0,0.0,1.0,,,1.0
2278,43.780178,1.0,0.005050505,1.0,,,1.0
2279,69.42076,1.0,0.006329114,1.0,,,1.0
2280,9.910228,1.0,0.022222223,1.0,,,1.0
2281,8.65479,1.0,0.0,1.0,,,1.0
2282,48.068512,1.0,0.0061728396,1.0,,,1.0
2283,94.27873,1.0,0.0,1.0,,,1.0
2284,64.76018,1.0,0.0125,1.0,,,1.0
2285,44.54079,1.0,0.012048192,1.0,,,1.0
2286,36.51394,1.0,0.027027028,1.0,,,1.0
2287,50.91552,1.0,0.009803922,1.0,,,1.0
2288,10.204771,1.0,0.018867925,1.0,,,1.0
2289,31.286966,1.0,0.0093896715,1.0,,,1.0
2290,9.248672,1.0,0.019607844,1.0,,,1.0
2291,55.052856,1.0,0.0,1.0,,,1.0
2292,94.0619,1.0,0.008888889,1.0,,,1.0
2293,18.945568,1.0,0.011299435,1.0,,,1.0
2294,8.145024,1.0,0.0,1.0,,,1.0
2295,23.228024,1.0,0.0062111802,1.0,,,1.0
2296,10.84549,1.0,0.0,1.0,,,1.0
2297,81.19767,1.0,0.009478673,1.0,,,1.0
2298,8.353526,1.0,0.0037453184,1.0,,,1.0
2299,10.008569,1.0,0.008163265,1.0,,,1.0
2300,11.897206,1.0,0.0,1.0,,,1.0
2301,37.260456,1.0,0.0,1.0,,,1.0
2302,17.241955,1.0,0.0,1.0,,,1.0
2303,32.40112,1.0,0.0,1.0,,,1.0
2304,4.8625884,1.0,0.0051282053,1.0,,,1.0
2305,46.076572,1.0,0.008163265,1.0,,,1.0
2306,42.245228,1.0,0.012658228,1.0,,,1.0
2307,15.132594,1.0,0.012987013,1.0,,,1.0
2308,46.401623,1.0,0.004705882,1.0,,,1.0
2309,4.1588626,1.0,0.0,1.0,,,1.0
2310,18.384838,1.0,0.0,1.0,,,1.0
2311,30.710268,1.0,0.0,1.0,,,1.0
2312,86.03912,1.0,0.007380074,1.0,,,1.0
2313,19.816198,1.0,0.018348623,1.0,,,1.0
2314,37.69992,1.0,0.012738854,1.0,,,1.0
2315,39.86758,1.0,0.0,1.0,,,1.0
2316,42.756927,1.0,0.0,1.0,,,1.0
2317,78.953545,1.0,0.0069204154,1.0,,,1.0
2318,7.1565356,1.0,0.0,1.0,,,1.0
2319,26.279182,1.0,0.008403362,1.0,,,1.0
2320,40.47501,1.0,0.0,1.0,,,1.0
2321,14.3829975,1.0,0.01369863,1.0,,,1.0
2322,42.433804,1.0,0.005076142,1.0,,,1.0
2323,25.421911,1.0,0.0,1.0,,,1.0
2324,24.016008,1.0,0.009259259,1.0,,,1.0
2325,125.9227,1.0,0.008695652,1.0,,,1.0
2326,16.146418,1.0,0.0,1.0,,,1.0
2327,11.133518,1.0,0.016260162,1.0,,,1.0
2328,53.51324,1.0,0.006369427,1.0,,,1.0
2329,4.433512,1.0,0.0,1.0,,,1.0
2330,29.129408,1.0,0.008733625,1.0,,,1.0
2331,28.084454,1.0,0.0,1.0,,,1.0
2332,9.301244,1.0,0.00754717,1.0,,,1.0
2333,141.14594,1.0,0.006134969,1.0,,,1.0
2334,20.51963,1.0,0.009009009,1.0,,,1.0
2335,70.53568,1.0,0.0036630037,1.0,,,1.0
2336,33.82453,1.0,0.012987013,1.0,,,1.0
2337,76.26888,1.0,0.028985508,1.0,,,1.0
2338,6.019398,1.0,0.0,1.0,,,1.0
2339,21.518686,1.0,0.010471204,1.0,,,1.0
2340,52.40427,1.0,0.009302326,1.0,,,1.0
2341,15.947119,1.0,0.0032894737,1.0,,,1.0
2342,34.06485,1.0,0.0067340066,1.0,,,1.0
2343,1.4203855,1.0,0.0,1.0,,,1.0
2344,30.644943,1.0,0.002739726,1.0,,,1.0
2345,57.555965,1.0,0.006451613,1.0,,,1.0
2346,2.1585252,1.0,0.0,1.0,,,1.0
2347,24.50185,1.0,0.013888889,1.0,,,1.0
2348,4.3077145,1.0,0.0,1.0,,,1.0
2349,10.046955,1.0,0.0,1.0,,,1.0
2350,33.298798,1.0,0.016949153,1.0,,,1.0
2351,35.543304,1.0,0.015748031,1.0,,,1.0
2352,43.67976,1.0,0.0,1.0,,,1.0
2353,31.052696,1.0,0.0,1.0,,,1.0
2354,78.2306,1.0,0.008097166,1.0,,,1.0
2355,72.048134,1.0,0.0036630037,1.0,,,1.0
2356,16.625717,1.0,0.006802721,1.0,,,1.0
2357,40.684647,1.0,0.0,1.0,,,1.0
2358,4.2796674,1.0,0.0,1.0,,,1.0
2359,69.440056,1.0,0.0045045046,1.0,,,1.0
2360,33.699062,1.0,0.0,1.0,,,1.0
2361,27.178705,1.0,0.0,1.0,,,1.0
2362,26.157482,1.0,0.0,1.0,,,1.0
2363,8.368735,1.0,0.003267974,1.0,,,1.0
2364,13.806932,1.0,0.0,1.0,,,1.0
2365,68.1871,1.0,0.005181347,1.0,,,1.0
2366,13.940593,1.0,0.0058139535,1.0,,,1.0
2367,5.5127215,1.0,0.0,1.0,,,1.0
2368,55.549763,1.0,0.005076142,1.0,,,1.0
2369,59.166702,1.0,0.03076923,1.0,,,1.0
2370,82.452644,1.0,0.0,1.0,,,1.0
2371,26.67058,1.0,0.00862069,1.0,,,1.0
2372,27.434822,1.0,0.0060975607,1.0,,,1.0
2373,13.621085,1.0,0.0056179776,1.0,,,1.0
2374,30.30466,1.0,0.0029850747,1.0,,,1.0
2375,13.467304,1.0,0.011173184,1.0,,,1.0
2376,53.754555,1.0,0.004338395,1.0,,,1.0
2377,24.143202,1.0,0.009708738,1.0,,,1.0
2378,5.3739495,1.0,0.0,1.0,,,1.0
2379,20.032597,1.0,0.016,1.0,,,1.0
2380,16.796303,1.0,0.044444446,1.0,,,1.0
2381,14.473094,1.0,0.005524862,1.0,,,1.0
2382,17.474966,1.0,0.01369863,1.0,,,1.0
2383,29.421946,1.0,0.010416667,1.0,,,1.0
2384,31.414385,1.0,0.02,1.0,,,1.0
2385,70.6527,1.0,0.007352941,1.0,,,1.0
2386,30.293112,1.0,0.0030395137,1.0,,,1.0
2387,16.579361,1.0,0.0,1.0,,,1.0
2388,16.709175,1.0,0.0063492064,1.0,,,1.0
2389,12.021539,1.0,0.0,1.0,,,1.0
2390,122.87542,1.0,0.0035211267,1.0,,,1.0
2391,88.84265,1.0,0.0061728396,1.0,,,1.0
2392,31.414385,1.0,0.009803922,1.0,,,1.0
2393,8.356001,1.0,0.0,1.0,,,1.0
2394,86.18455,1.0,0.0077220076,1.0,,,1.0
2395,13.187498,1.0,0.004115226,1.0,,,1.0
2396,21.055397,1.0,0.013422819,1.0,,,1.0
2397,78.47665,1.0,0.008264462,1.0,,,1.0
2398,17.618238,1.0,0.015748031,1.0,,,1.0
2399,44.593353,1.0,0.011049724,1.0,,,1.0
2400,17.638533,1.0,0.020408163,1.0,,,1.0
2401,4.69217,1.0,0.025974026,1.0,,,1.0
2402,97.18079,1.0,0.0077220076,1.0,,,1.0
2403,38.605515,1.0,0.006153846,1.0,,,1.0
2404,56.98617,1.0,0.05263158,1.0,,,1.0
2405,33.37568,1.0,0.009615385,1.0,,,1.0
2406,19.323217,1.0,0.04255319,1.0,,,1.0
2407,58.884464,1.0,0.0,1.0,,,1.0
2408,7.1522684,1.0,0.0,1.0,,,1.0
2409,3.5772915,1.0,0.009090909,1.0,,,1.0
2410,40.84468,1.0,0.00862069,1.0,,,1.0
2411,43.303555,1.0,0.0124223605,1.0,,,1.0
2412,33.20235,1.0,0.03448276,1.0,,,1.0
2413,64.768616,1.0,0.0063897762,1.0,,,1.0
2414,61.20291,1.0,0.012738854,1.0,,,1.0
2415,14.459069,1.0,0.008547009,1.0,,,1.0
2416,33.35456,1.0,0.022222223,1.0,,,1.0
2417,40.136387,1.0,0.0029850747,1.0,,,1.0
2418,56.591736,1.0,0.017391304,1.0,,,1.0
2419,117.691864,1.0,0.0078125,1.0,,,1.0
2420,87.21102,1.0,0.0050125313,1.0,,,1.0
2421,10.5162,1.0,0.0,1.0,,,1.0
2422,21.538448,1.0,0.035714287,1.0,,,1.0
2423,2.8876674,1.0,0.0,1.0,,,1.0
2424,19.949017,1.0,0.006369427,1.0,,,1.0
2425,7.0095344,1.0,0.029850746,1.0,,,1.0
2426,63.727287,1.0,0.01904762,1.0,,,1.0
2427,69.42076,1.0,0.0073260074,1.0,,,1.0
2428,66.481125,1.0,0.004524887,1.0,,,1.0
2429,65.62722,1.0,0.0,1.0,,,1.0
2430,37.211807,1.0,0.008928572,1.0,,,1.0
2431,28.815344,1.0,0.012820513,1.0,,,1.0
2432,21.560097,1.0,0.030303031,1.0,,,1.0
2433,39.287556,1.0,0.008333334,1.0,,,1.0
2434,8.00346,1.0,0.0,1.0,,,1.0
2435,62.63384,1.0,0.0031847134,1.0,,,1.0
2436,23.228024,1.0,0.013888889,1.0,,,1.0
2437,11.133394,1.0,0.015625,1.0,,,1.0
2438,13.089994,1.0,0.017857144,1.0,,,1.0
2439,11.465883,1.0,0.0,1.0,,,1.0
2440,23.422632,1.0,0.0,1.0,,,1.0
2441,8.230326,1.0,0.0,1.0,,,1.0
2442,48.584362,1.0,0.004830918,1.0,,,1.0
2443,28.530111,1.0,0.002624672,1.0,,,1.0
2444,26.105045,1.0,0.009345794,1.0,,,1.0
2445,25.939163,1.0,0.0,1.0,,,1.0
2446,23.18951,1.0,0.013422819,1.0,,,1.0
2447,88.882866,1.0,0.006756757,1.0,,,1.0
2448,24.570518,1.0,0.008,1.0,,,1.0
2449,14.3829975,1.0,0.018181818,1.0,,,1.0
2450,4.5929947,1.0,0.0,1.0,,,1.0
2451,63.4572,1.0,0.007352941,1.0,,,1.0
2452,10.095781,1.0,0.0,1.0,,,1.0
2453,79.519646,1.0,0.004494382,1.0,,,1.0
2454,63.5304,1.0,0.0067114094,1.0,,,1.0
2455,30.490244,1.0,0.024691358,1.0,,,1.0
2456,23.85702,1.0,0.0057471264,1.0,,,1.0
2457,14.20896,1.0,0.0017574693,1.0,,,1.0
2458,59.60921,1.0,0.0073260074,1.0,,,1.0
2459,34.676254,1.0,0.009090909,1.0,,,1.0
2460,27.870028,1.0,0.0,1.0,,,1.0
2461,10.058877,1.0,0.009708738,1.0,,,1.0
2462,29.022688,1.0,0.0,1.0,,,1.0
2463,7.8719177,1.0,0.0,1.0,,,1.0
2464,25.848244,1.0,0.0,1.0,,,1.0
2465,56.72165,1.0,0.011299435,1.0,,,1.0
2466,20.270334,1.0,0.0,1.0,,,1.0
2467,57.10216,1.0,0.0,1.0,,,1.0
2468,9.855348,1.0,0.004132231,1.0,,,1.0
2469,32.783146,1.0,0.0074074073,1.0,,,1.0
2470,45.39266,1.0,0.006042296,1.0,,,1.0
2471,40.885918,1.0,0.0,1.0,,,1.0
2472,102.05991,1.0,0.004255319,1.0,,,1.0
2473,23.432644,1.0,0.011235955,1.0,,,1.0
2474,43.452435,1.0,0.0,1.0,,,1.0
2475,19.801197,1.0,0.0,1.0,,,1.0
2476,11.188463,1.0,0.002415459,1.0,,,1.0
2477,31.527805,1.0,0.0121951215,1.0,,,1.0
2478,4.327343,1.0,0.0,1.0,,,1.0
2479,92.05475,1.0,0.006993007,1.0,,,1.0
2480,36.150955,1.0,0.010309278,1.0,,,1.0
2481,6.844437,1.0,0.0,1.0,,,1.0
2482,23.900785,1.0,0.0,1.0,,,1.0
2483,31.292372,1.0,0.007168459,1.0,,,1.0
2484,39.815937,1.0,0.005952381,1.0,,,1.0
2485,30.927547,1.0,0.006451613,1.0,,,1.0
2486,53.371506,1.0,0.01438849,1.0,,,1.0
2487,30.976591,1.0,0.0,1.0,,,1.0
2488,10.824467,1.0,0.01754386,1.0,,,1.0
2489,23.228867,1.0,0.0,1.0,,,1.0
2490,6.9304605,1.0,0.0,1.0,,,1.0
2491,1.0768622,1.0,0.009009009,1.0,,,1.0
2492,58.774593,1.0,0.006666667,1.0,,,1.0
2493,2.368473,1.0,0.0,1.0,,,1.0
2494,20.729706,1.0,0.0053475937,1.0,,,1.0
2495,59.60921,1.0,0.0032894737,1.0,,,1.0
2496,73.42956,1.0,0.0,1.0,,,1.0
2497,50.154015,1.0,0.001968504,1.0,,,1.0
2498,43.430492,1.0,0.015037594,1.0,,,1.0
2499,19.639233,1.0,0.0,1.0,,,1.0
2500,41.72247,1.0,0.035714287,1.0,,,1.0
2501,51.027836,1.0,0.0048076925,1.0,,,1.0
2502,21.3083,1.0,0.008130081,1.0,,,1.0
2503,23.532372,1.0,0.0,1.0,,,1.0
2504,10.186616,1.0,0.014705882,1.0,,,1.0
2505,34.42337,1.0,0.0070422534,1.0,,,1.0
2506,78.47665,1.0,0.0036630037,1.0,,,1.0
2507,0.62897736,1.0,0.0,1.0,,,1.0
2508,47.477283,1.0,0.011428571,1.0,,,1.0
2509,20.764761,1.0,0.0,1.0,,,1.0
2510,19.283161,1.0,0.0018018018,1.0,,,1.0
2511,14.17463,1.0,0.0040816325,1.0,,,1.0
2512,38.431976,1.0,0.0061728396,1.0,,,1.0
2513,75.51869,1.0,0.004484305,1.0,,,1.0
2514,33.47653,1.0,0.0,1.0,,,1.0
2515,6.844437,1.0,0.009433962,1.0,,,1.0
2516,10.693787,1.0,0.023255814,1.0,,,1.0
2517,6.7130895,1.0,0.014814815,1.0,,,1.0
2518,17.611622,1.0,0.01724138,1.0,,,1.0
2519,27.434822,1.0,0.0065789474,1.0,,,1.0
2520,5.465845,1.0,0.0019880715,1.0,,,1.0
2521,102.88374,1.0,0.0033613446,1.0,,,1.0
2522,78.11516,1.0,0.004514673,1.0,,,1.0
2523,20.078493,1.0,0.018348623,1.0,,,1.0
2524,2.8115568,1.0,0.05,1.0,,,1.0
2525,36.022503,1.0,0.015267176,1.0,,,1.0
2526,12.243243,1.0,0.0026809652,1.0,,,1.0
2527,9.83942,1.0,0.0,1.0,,,1.0
2528,43.430492,1.0,0.006042296,1.0,,,1.0
2529,78.47665,1.0,0.02631579,1.0,,,1.0
2530,14.269681,1.0,0.0,1.0,,,1.0
2531,12.53524,1.0,0.010752688,1.0,,,1.0
2532,21.09312,1.0,0.0,1.0,,,1.0
2533,61.159466,1.0,0.013422819,1.0,,,1.0
2534,13.175864,1.0,0.0,1.0,,,1.0
2535,36.056908,1.0,0.003003003,1.0,,,1.0
2536,32.055897,1.0,0.0,1.0,,,1.0
2537,37.1636,1.0,0.014814815,1.0,,,1.0
2538,32.38077,1.0,0.011764706,1.0,,,1.0
2539,3.6999795,1.0,0.0057803467,1.0,,,1.0
2540,87.74461,1.0,0.0051150895,1.0,,,1.0
2541,27.55976,1.0,0.0,1.0,,,1.0
2542,39.80065,1.0,0.01754386,1.0,,,1.0
2543,59.01623,1.0,0.010050251,1.0,,,1.0
2544,38.127575,1.0,0.004048583,1.0,,,1.0
2545,8.531925,1.0,0.0074074073,1.0,,,1.0
2546,27.434822,1.0,0.009302326,1.0,,,1.0
2547,28.372871,1.0,0.00729927,1.0,,,1.0
2548,34.51331,1.0,0.006849315,1.0,,,1.0
2549,16.317108,1.0,0.0034602077,1.0,,,1.0
2550,10.843745,1.0,0.0,1.0,,,1.0
2551,12.231929,1.0,0.0,1.0,,,1.0
2552,81.40033,1.0,0.0,1.0,,,1.0
2553,81.40033,1.0,0.011764706,1.0,,,1.0
2554,56.72165,1.0,0.0076045627,1.0,,,1.0
2555,60.079163,1.0,0.0057803467,1.0,,,1.0
2556,63.727287,1.0,0.0070921984,1.0,,,1.0
2557,27.630615,1.0,0.004201681,1.0,,,1.0
2558,75.64731,1.0,0.0,1.0,,,1.0
2559,23.609406,1.0,0.0,1.0,,,1.0
2560,11.047125,1.0,0.0,1.0,,,1.0
2561,124.35362,1.0,0.008695652,1.0,,,1.0
2562,4.525533,1.0,0.0,1.0,,,1.0
2563,18.47501,1.0,0.023809524,1.0,,,1.0
2564,5.3506055,1.0,0.0,1.0,,,1.0
2565,98.58889,1.0,0.0,1.0,,,1.0
2566,27.870028,1.0,0.0057803467,1.0,,,1.0
2567,13.953678,1.0,0.0,1.0,,,1.0
2568,45.66446,1.0,0.009302326,1.0,,,1.0
2569,20.885994,1.0,0.0014104373,1.0,,,1.0
2570,57.57289,1.0,0.0,1.0,,,1.0
2571,45.81982,1.0,0.0020533882,1.0,,,1.0
2572,23.284428,1.0,0.01010101,1.0,,,1.0
2573,34.591675,1.0,0.00990099,1.0,,,1.0
2574,7.617899,1.0,0.00729927,1.0,,,1.0
2575,14.294573,1.0,0.0056179776,1.0,,,1.0
2576,27.84833,1.0,0.012345679,1.0,,,1.0
2577,42.201164,1.0,0.0,1.0,,,1.0
2578,19.733622,1.0,0.0036630037,1.0,,,1.0
2579,9.643033,1.0,0.018518519,1.0,,,1.0
2580,15.912369,1.0,0.008130081,1.0,,,1.0
2581,56.20208,1.0,0.0,1.0,,,1.0
2582,10.254768,1.0,0.018181818,1.0,,,1.0
2583,78.61112,1.0,0.0,1.0,,,1.0
2584,48.698395,1.0,0.0046620048,1.0,,,1.0
2585,63.4572,1.0,0.004651163,1.0,,,1.0
2586,47.775974,1.0,0.0038910506,1.0,,,1.0
2587,28.237713,1.0,0.011764706,1.0,,,1.0
2588,3.4317071,1.0,0.0,1.0,,,1.0
2589,17.995594,1.0,0.0056657223,1.0,,,1.0
2590,37.615612,1.0,0.0,1.0,,,1.0
2591,35.733562,1.0,0.015748031,1.0,,,1.0
2592,64.03762,1.0,0.004950495,1.0,,,1.0
2593,81.40033,1.0,0.008474576,1.0,,,1.0
2594,17.314491,1.0,0.0,1.0,,,1.0
2595,43.780178,1.0,0.018518519,1.0,,,1.0
2596,30.377064,1.0,0.0,1.0,,,1.0
2597,42.879612,1.0,0.0,1.0,,,1.0
2598,71.2374,1.0,0.011235955,1.0,,,1.0
2599,2.357981,1.0,0.0021691974,1.0,,,1.0
2600,39.25903,1.0,0.016260162,1.0,,,1.0
2601,24.143202,1.0,0.008130081,1.0,,,1.0
2602,41.801723,1.0,0.025,1.0,,,1.0
2603,12.231929,1.0,0.0,1.0,,,1.0
2604,6.3347664,1.0,0.017094018,1.0,,,1.0
2605,34.168453,1.0,0.010362694,1.0,,,1.0
2606,87.21734,1.0,0.0041841003,1.0,,,1.0
2607,51.71784,1.0,0.009049774,1.0,,,1.0
2608,18.169445,1.0,0.026666667,1.0,,,1.0
2609,20.06328,1.0,0.0,1.0,,,1.0
2610,64.39228,1.0,0.0088495575,1.0,,,1.0
2611,53.683945,1.0,0.0030395137,1.0,,,1.0
2612,15.36048,1.0,0.017391304,1.0,,,1.0
2613,12.893911,1.0,0.041666668,1.0,,,1.0
2614,33.09114,1.0,0.0,1.0,,,1.0
2615,29.574417,1.0,0.010638298,1.0,,,1.0
2616,22.084354,1.0,0.003690037,1.0,,,1.0
2617,117.37837,1.0,0.0028409092,1.0,,,1.0
2618,79.17712,1.0,0.007518797,1.0,,,1.0
2619,18.09313,1.0,0.006289308,1.0,,,1.0
2620,37.420574,1.0,0.0,1.0,,,1.0
2621,26.287113,1.0,0.009569378,1.0,,,1.0
2622,69.73952,1.0,0.006369427,1.0,,,1.0
2623,19.356586,1.0,0.0,1.0,,,1.0
2624,47.376976,1.0,0.018348623,1.0,,,1.0
2625,23.260002,1.0,0.014705882,1.0,,,1.0
2626,73.42956,1.0,0.0054200543,1.0,,,1.0
2627,48.068512,1.0,0.004796163,1.0,,,1.0
2628,57.42195,1.0,0.0054945056,1.0,,,1.0
2629,15.570074,1.0,0.003868472,1.0,,,1.0
2630,28.986164,1.0,0.0,1.0,,,1.0
2631,59.872826,1.0,0.007782101,1.0,,,1.0
2632,42.61417,1.0,0.0016528926,1.0,,,1.0
2633,71.65195,1.0,0.007246377,1.0,,,1.0
2634,18.299545,1.0,0.0,1.0,,,1.0
2635,20.85356,1.0,0.0,1.0,,,1.0
2636,20.74239,1.0,0.025641026,1.0,,,1.0
2637,15.068176,1.0,0.0025445293,1.0,,,1.0
2638,15.773643,1.0,0.0,1.0,,,1.0
2639,38.431976,1.0,0.0,1.0,,,1.0
2640,10.573156,1.0,0.0,1.0,,,1.0
2641,59.60921,1.0,0.015625,1.0,,,1.0
2642,112.43434,1.0,0.0036697248,1.0,,,1.0
2643,12.123571,1.0,0.016129032,1.0,,,1.0
2644,7.576427,1.0,0.0,1.0,,,1.0
2645,18.248724,1.0,0.012987013,1.0,,,1.0
2646,18.607048,1.0,0.008264462,1.0,,,1.0
2647,42.433804,1.0,0.0031545742,1.0,,,1.0
2648,31.98157,1.0,0.0,1.0,,,1.0
2649,1.7735065,1.0,0.0,1.0,,,1.0
2650,41.246243,1.0,0.0036363637,1.0,,,1.0
2651,7.782147,1.0,0.0,1.0,,,1.0
2652,15.031342,1.0,0.0,1.0,,,1.0
2653,34.423977,1.0,0.0069444445,1.0,,,1.0
2654,10.088199,1.0,0.0,1.0,,,1.0
2655,94.0619,1.0,0.0062111802,1.0,,,1.0
2656,14.412979,1.0,0.008,1.0,,,1.0
2657,38.96952,1.0,0.015748031,1.0,,,1.0
2658,45.986446,1.0,0.013793103,1.0,,,1.0
2659,4.7797174,1.0,0.0,1.0,,,1.0
2660,20.253557,1.0,0.0,1.0,,,1.0
2661,16.43189,1.0,0.0,1.0,,,1.0
2662,124.35362,1.0,0.0,1.0,,,1.0
2663,17.995594,1.0,0.0041841003,1.0,,,1.0
2664,66.657745,1.0,0.028169014,1.0,,,1.0
2665,41.959114,1.0,0.003875969,1.0,,,1.0
2666,43.94014,1.0,0.0,1.0,,,1.0
2667,26.617674,1.0,0.021276595,1.0,,,1.0
2668,33.68018,1.0,0.010752688,1.0,,,1.0
2669,87.21102,1.0,0.004524887,1.0,,,1.0
2670,42.160213,1.0,0.00729927,1.0,,,1.0
2671,38.199833,1.0,0.016393442,1.0,,,1.0
2672,37.45774,1.0,0.0,1.0,,,1.0
2673,88.882866,1.0,0.005524862,1.0,,,1.0
2674,41.232597,1.0,0.0078125,1.0,,,1.0
2675,13.271678,1.0,0.002624672,1.0,,,1.0
2676,4.9439626,1.0,0.0,1.0,,,1.0
2677,21.030607,1.0,0.027027028,1.0,,,1.0
2678,18.071817,1.0,0.013793103,1.0,,,1.0
2679,21.51996,1.0,0.00625,1.0,,,1.0
2680,55.29369,1.0,0.008403362,1.0,,,1.0
2681,20.032597,1.0,0.016528925,1.0,,,1.0
2682,33.66225,1.0,0.021276595,1.0,,,1.0
2683,17.3507,1.0,0.016260162,1.0,,,1.0
2684,26.623383,1.0,0.008196721,1.0,,,1.0
2685,36.261368,1.0,0.0036363637,1.0,,,1.0
2686,2.5396605,1.0,0.008,1.0,,,1.0
2687,35.480804,1.0,0.0050251256,1.0,,,1.0
2688,19.205982,1.0,0.033898305,1.0,,,1.0
2689,5.809632,1.0,0.0,1.0,,,1.0
2690,6.750834,1.0,0.002631579,1.0,,,1.0
2691,19.47356,1.0,0.021276595,1.0,,,1.0
2692,30.625973,1.0,0.0,1.0,,,1.0
2693,41.702473,1.0,0.0,1.0,,,1.0
2694,26.076529,1.0,0.013071896,1.0,,,1.0
2695,29.537066,1.0,0.00625,1.0,,,1.0
2696,8.0321455,1.0,0.0,1.0,,,1.0
2697,18.71661,1.0,0.0031152647,1.0,,,1.0
2698,25.896713,1.0,0.0,1.0,,,1.0
2699,42.478794,1.0,0.0,1.0,,,1.0
2700,44.54079,1.0,0.010152284,1.0,,,1.0
2701,18.596783,1.0,0.0099502485,1.0,,,1.0
2702,79.17712,1.0,0.0045454544,1.0,,,1.0
2703,19.816198,1.0,0.01,1.0,,,1.0
2704,12.243243,1.0,0.0,1.0,,,1.0
2705,2.0036757,1.0,0.021052632,1.0,,,1.0
2706,56.72165,1.0,0.0022271716,1.0,,,1.0
2707,6.984637,1.0,0.0,1.0,,,1.0
2708,64.09681,1.0,0.013513514,1.0,,,1.0
2709,75.48593,1.0,0.0,1.0,,,1.0
2710,15.734494,1.0,0.0,1.0,,,1.0
2711,2.5458584,1.0,0.0,1.0,,,1.0
2712,26.936724,1.0,0.0028818443,1.0,,,1.0
2713,7.8057046,1.0,0.008403362,1.0,,,1.0
2714,24.944756,1.0,0.0,1.0,,,1.0
2715,136.64789,1.0,0.013245033,1.0,,,1.0
2716,51.676765,1.0,0.0061728396,1.0,,,1.0
2717,60.52878,1.0,0.025641026,1.0,,,1.0
2718,8.471637,1.0,0.0,1.0,,,1.0
2719,36.03788,1.0,0.029411765,1.0,,,1.0
2720,31.936533,1.0,0.010152284,1.0,,,1.0
2721,8.264419,1.0,0.003012048,1.0,,,1.0
2722,2.0573618,1.0,0.0,1.0,,,1.0
2723,10.562002,1.0,0.0,1.0,,,1.0
2724,17.238586,1.0,0.0036101083,1.0,,,1.0
2725,20.660381,1.0,0.005050505,1.0,,,1.0
2726,56.376305,1.0,0.021276595,1.0,,,1.0
2727,26.464878,1.0,0.017094018,1.0,,,1.0
2728,13.892795,1.0,0.0,1.0,,,1.0
2729,9.482386,1.0,0.0,1.0,,,1.0
2730,39.306293,1.0,0.015873017,1.0,,,1.0
2731,84.1685,1.0,0.013333334,1.0,,,1.0
2732,112.43434,1.0,0.003960396,1.0,,,1.0
2733,19.55218,1.0,0.04761905,1.0,,,1.0
2734,37.464222,1.0,0.02173913,1.0,,,1.0
2735,64.1175,1.0,0.011428571,1.0,,,1.0
2736,64.76018,1.0,0.006451613,1.0,,,1.0
2737,45.776028,1.0,0.006472492,1.0,,,1.0
2738,95.403046,1.0,0.009302326,1.0,,,1.0
2739,33.345943,1.0,0.01,1.0,,,1.0
2740,39.850513,1.0,0.0,1.0,,,1.0
2741,17.240332,1.0,0.0,1.0,,,1.0
2742,30.523783,1.0,0.004854369,1.0,,,1.0
2743,40.258747,1.0,0.006369427,1.0,,,1.0
2744,3.4364746,1.0,0.0,1.0,,,1.0
2745,51.70851,1.0,0.0019569471,1.0,,,1.0
2746,30.913641,1.0,0.0,1.0,,,1.0
2747,24.86785,1.0,0.0037313432,1.0,,,1.0
2748,35.691525,1.0,0.004115226,1.0,,,1.0
2749,14.0857315,1.0,0.0,1.0,,,1.0
2750,19.55218,1.0,0.018867925,1.0,,,1.0
2751,33.70337,1.0,0.0033557047,1.0,,,1.0
2752,51.705837,1.0,0.00862069,1.0,,,1.0
2753,62.506805,1.0,0.014084507,1.0,,,1.0
2754,27.543184,1.0,0.005586592,1.0,,,1.0
2755,29.128477,1.0,0.0,1.0,,,1.0
2756,7.0128264,1.0,0.005235602,1.0,,,1.0
2757,45.22481,1.0,0.0055555557,1.0,,,1.0
2758,4.7654037,1.0,0.0,1.0,,,1.0
2759,24.143202,1.0,0.009615385,1.0,,,1.0
2760,85.00561,1.0,0.007936508,1.0,,,1.0
2761,37.615612,1.0,0.0036764706,1.0,,,1.0
2762,66.72058,1.0,0.008810572,1.0,,,1.0
2763,38.605515,1.0,0.0063091484,1.0,,,1.0
2764,48.93671,1.0,0.008403362,1.0,,,1.0
2765,35.09287,1.0,0.030303031,1.0,,,1.0
2766,16.24137,1.0,0.006779661,1.0,,,1.0
2767,35.297977,1.0,0.0028490028,1.0,,,1.0
2768,32.19919,1.0,0.0,1.0,,,1.0
2769,31.134962,1.0,0.025,1.0,,,1.0
2770,7.537506,1.0,0.0,1.0,,,1.0
2771,16.164274,1.0,0.0,1.0,,,1.0
2772,43.2561,1.0,0.011904762,1.0,,,1.0
2773,8.943512,1.0,0.0062111802,1.0,,,1.0
2774,73.504425,1.0,0.00729927,1.0,,,1.0
2775,14.883355,1.0,0.0049261083,1.0,,,1.0
2776,89.88506,1.0,0.0045454544,1.0,,,1.0
2777,5.245907,1.0,0.0040816325,1.0,,,1.0
2778,28.137043,1.0,0.0069444445,1.0,,,1.0
2779,24.337536,1.0,0.0,1.0,,,1.0
2780,21.77913,1.0,0.001980198,1.0,,,1.0
2781,42.46982,1.0,0.0,1.0,,,1.0
2782,23.119238,1.0,0.015384615,1.0,,,1.0
2783,40.323025,1.0,0.007575758,1.0,,,1.0
2784,30.266438,1.0,0.013333334,1.0,,,1.0
2785,13.452551,1.0,0.022222223,1.0,,,1.0
2786,57.206547,1.0,0.015037594,1.0,,,1.0
2787,23.85702,1.0,0.01459854,1.0,,,1.0
2788,7.9971275,1.0,0.0,1.0,,,1.0
2789,7.4558926,1.0,0.0,1.0,,,1.0
2790,19.516884,1.0,0.0,1.0,,,1.0
2791,19.986782,1.0,0.0,1.0,,,1.0
2792,12.085133,1.0,0.020833334,1.0,,,1.0
2793,25.499916,1.0,0.0057142857,1.0,,,1.0
2794,7.0107484,1.0,0.030303031,1.0,,,1.0
2795,10.430222,1.0,0.02739726,1.0,,,1.0
2796,14.390658,1.0,0.010416667,1.0,,,1.0
2797,25.20799,1.0,0.005376344,1.0,,,1.0
2798,42.885136,1.0,0.0,1.0,,,1.0
2799,37.630478,1.0,0.0067114094,1.0,,,1.0
2800,12.543869,1.0,0.0,1.0,,,1.0
2801,4.336883,1.0,0.006535948,1.0,,,1.0
2802,17.241955,1.0,0.006329114,1.0,,,1.0
2803,73.85746,1.0,0.0,1.0,,,1.0
2804,5.192706,1.0,0.041666668,1.0,,,1.0
2805,29.022688,1.0,0.009259259,1.0,,,1.0
2806,31.288324,1.0,0.0033444816,1.0,,,1.0
2807,68.78812,1.0,0.008547009,1.0,,,1.0
2808,34.979244,1.0,0.017391304,1.0,,,1.0
2809,47.477283,1.0,0.010309278,1.0,,,1.0
2810,8.0683155,1.0,0.0,1.0,,,1.0
2811,73.267296,1.0,0.015873017,1.0,,,1.0
2812,47.121517,1.0,0.0070921984,1.0,,,1.0
2813,125.9227,1.0,0.009345794,1.0,,,1.0
2814,14.423748,1.0,0.0063897762,1.0,,,1.0
2815,13.538914,1.0,0.020833334,1.0,,,1.0
2816,55.254353,1.0,0.0068965517,1.0,,,1.0
2817,23.806738,1.0,0.014925373,1.0,,,1.0
2818,19.263567,1.0,0.008403362,1.0,,,1.0
2819,26.005243,1.0,0.0,1.0,,,1.0
2820,32.973198,1.0,0.00862069,1.0,,,1.0
2821,81.40033,1.0,0.009302326,1.0,,,1.0
2822,35.30824,1.0,0.011173184,1.0,,,1.0
2823,41.30865,1.0,0.0018484289,1.0,,,1.0
2824,42.09108,1.0,0.010638298,1.0,,,1.0
2825,14.420751,1.0,0.010752688,1.0,,,1.0
2826,18.931227,1.0,0.011049724,1.0,,,1.0
2827,115.54238,1.0,0.0044444446,1.0,,,1.0
2828,122.87542,1.0,0.0072202166,1.0,,,1.0
2829,38.281216,1.0,0.0,1.0,,,1.0
2830,29.537066,1.0,0.011299435,1.0,,,1.0
2831,41.83559,1.0,0.0,1.0,,,1.0
2832,51.747063,1.0,0.026666667,1.0,,,1.0
2833,45.732464,1.0,0.0060975607,1.0,,,1.0
2834,14.183151,1.0,0.0,1.0,,,1.0
2835,25.079369,1.0,0.012820513,1.0,,,1.0
2836,31.776314,1.0,0.006042296,1.0,,,1.0
2837,9.045166,1.0,0.0,1.0,,,1.0
2838,8.723701,1.0,0.008264462,1.0,,,1.0
2839,126.36123,1.0,0.0055555557,1.0,,,1.0
2840,2.6361423,1.0,0.018518519,1.0,,,1.0
2841,64.825195,1.0,0.010989011,1.0,,,1.0
2842,24.844992,1.0,0.0,1.0,,,1.0
2843,8.966859,1.0,0.0,1.0,,,1.0
2844,37.1636,1.0,0.009708738,1.0,,,1.0
2845,40.66883,1.0,0.013513514,1.0,,,1.0
2846,42.83199,1.0,0.011173184,1.0,,,1.0
2847,56.245182,1.0,0.0,1.0,,,1.0
2848,23.893007,1.0,0.01369863,1.0,,,1.0
2849,5.8914104,1.0,0.0,1.0,,,1.0
2850,5.63547,1.0,0.0,1.0,,,1.0
2851,57.42195,1.0,0.011627907,1.0,,,1.0
2852,4.1170077,1.0,0.0,1.0,,,1.0
2853,27.91127,1.0,0.0,1.0,,,1.0
2854,73.267296,1.0,0.0,1.0,,,1.0
2855,35.31692,1.0,0.01980198,1.0,,,1.0
2856,39.252228,1.0,0.010526316,1.0,,,1.0
2857,45.026672,1.0,0.0,1.0,,,1.0
2858,29.94178,1.0,0.0,1.0,,,1.0
2859,25.132524,1.0,0.0,1.0,,,1.0
2860,42.83199,1.0,0.015748031,1.0,,,1.0
2861,16.941963,1.0,0.0,1.0,,,1.0
2862,20.995932,1.0,0.0,1.0,,,1.0
2863,70.20119,1.0,0.0032894737,1.0,,,1.0
2864,11.929017,1.0,0.005882353,1.0,,,1.0
2865,8.769673,1.0,0.005952381,1.0,,,1.0
2866,40.240288,1.0,0.010050251,1.0,,,1.0
2867,33.31437,1.0,0.025641026,1.0,,,1.0
2868,16.941963,1.0,0.021052632,1.0,,,1.0
2869,70.227974,1.0,0.005899705,1.0,,,1.0
2870,13.513453,1.0,0.00625,1.0,,,1.0
2871,39.073605,1.0,0.0,1.0,,,1.0
2872,17.026337,1.0,0.0073260074,1.0,,,1.0
2873,88.42269,1.0,0.02020202,1.0,,,1.0
2874,71.09825,1.0,0.007490637,1.0,,,1.0
2875,28.564484,1.0,0.0,1.0,,,1.0
2876,4.0098224,1.0,0.0,1.0,,,1.0
2877,58.16378,1.0,0.0067114094,1.0,,,1.0
2878,22.29082,1.0,0.0,1.0,,,1.0
2879,22.328156,1.0,0.017094018,1.0,,,1.0
2880,11.968947,1.0,0.0,1.0,,,1.0
2881,7.090699,1.0,0.012820513,1.0,,,1.0
2882,41.58523,1.0,0.0,1.0,,,1.0
2883,20.802237,1.0,0.0,1.0,,,1.0
2884,43.67976,1.0,0.0031746032,1.0,,,1.0
2885,66.37378,1.0,0.009090909,1.0,,,1.0
2886,21.9086,1.0,0.0,1.0,,,1.0
2887,3.031362,1.0,0.0031545742,1.0,,,1.0
2888,41.959114,1.0,0.007380074,1.0,,,1.0
2889,7.5543985,1.0,0.0,1.0,,,1.0
2890,40.258747,1.0,0.00094250706,1.0,,,1.0
2891,67.456924,1.0,0.0,1.0,,,1.0
2892,25.068401,1.0,0.013157895,1.0,,,1.0
2893,14.956273,1.0,0.0,1.0,,,1.0
2894,80.03177,1.0,0.0042462847,1.0,,,1.0
2895,42.428608,1.0,0.0017361111,1.0,,,1.0
2896,51.310734,1.0,0.01010101,1.0,,,1.0
2897,65.211044,1.0,0.00456621,1.0,,,1.0
2898,16.242645,1.0,0.0,1.0,,,1.0
2899,19.978104,1.0,0.0,1.0,,,1.0
2900,41.220646,1.0,0.0,1.0,,,1.0
2901,3.771657,1.0,0.18181819,1.0,,,1.0
2902,40.46492,1.0,0.003976143,1.0,,,1.0
2903,33.16621,1.0,0.018181818,1.0,,,1.0
2904,14.465026,1.0,0.0,1.0,,,1.0
2905,79.17712,1.0,0.006779661,1.0,,,1.0
2906,54.010124,1.0,0.016666668,1.0,,,1.0
2907,52.333042,1.0,0.0,1.0,,,1.0
2908,25.064625,1.0,0.01724138,1.0,,,1.0
2909,46.401623,1.0,0.0041841003,1.0,,,1.0
2910,35.000267,1.0,0.0,1.0,,,1.0
2911,50.191074,1.0,0.0028328612,1.0,,,1.0
2912,35.14924,1.0,0.008403362,1.0,,,1.0
2913,45.725292,1.0,0.02,1.0,,,1.0
2914,38.96952,1.0,0.0,1.0,,,1.0
2915,14.943771,1.0,0.007518797,1.0,,,1.0
2916,27.080961,1.0,0.016129032,1.0,,,1.0
2917,20.268154,1.0,0.0,1.0,,,1.0
2918,49.67842,1.0,0.012658228,1.0,,,1.0
2919,3.9738963,1.0,0.0,1.0,,,1.0
2920,10.257195,1.0,0.0,1.0,,,1.0
2921,25.250355,1.0,0.004405286,1.0,,,1.0
2922,68.78812,1.0,0.0,1.0,,,1.0
2923,7.595112,1.0,0.0,1.0,,,1.0
2924,42.46549,1.0,0.00896861,1.0,,,1.0
2925,16.769426,1.0,0.0,1.0,,,1.0
2926,49.10451,1.0,0.0049875313,1.0,,,1.0
2927,94.27873,1.0,0.005952381,1.0,,,1.0
2928,29.413895,1.0,0.0,1.0,,,1.0
2929,7.251807,1.0,0.0025974025,1.0,,,1.0
2930,37.1636,1.0,0.0088495575,1.0,,,1.0
2931,63.311985,1.0,0.006472492,1.0,,,1.0
2932,46.753887,1.0,0.018867925,1.0,,,1.0
2933,37.204697,1.0,0.007633588,1.0,,,1.0
2934,12.513767,1.0,0.0,1.0,,,1.0
2935,115.54238,1.0,0.0,1.0,,,1.0
2936,55.052856,1.0,0.0,1.0,,,1.0
2937,56.376305,1.0,0.0038986355,1.0,,,1.0
2938,33.21836,1.0,0.01,1.0,,,1.0
2939,5.7402344,1.0,0.005050505,1.0,,,1.0
2940,55.66456,1.0,0.004761905,1.0,,,1.0
2941,10.742137,1.0,0.0,1.0,,,1.0
2942,12.370679,1.0,0.0,1.0,,,1.0
2943,10.810707,1.0,0.0,1.0,,,1.0
2944,28.792452,1.0,0.0,1.0,,,1.0
2945,26.010574,1.0,0.009433962,1.0,,,1.0
2946,40.47501,1.0,0.0,1.0,,,1.0
2947,28.671898,1.0,0.0039525693,1.0,,,1.0
2948,81.34332,1.0,0.010050251,1.0,,,1.0
2949,66.482666,1.0,0.0,1.0,,,1.0
2950,81.40033,1.0,0.007490637,1.0,,,1.0
2951,57.555965,1.0,0.008,1.0,,,1.0
2952,63.756386,1.0,0.014184397,1.0,,,1.0
2953,26.67058,1.0,0.003960396,1.0,,,1.0
2954,62.82736,1.0,0.004555809,1.0,,,1.0
2955,40.459732,1.0,0.009259259,1.0,,,1.0
2956,55.378963,1.0,0.0,1.0,,,1.0
2957,14.379894,1.0,0.032258064,1.0,,,1.0
2958,9.982097,1.0,0.0952381,1.0,,,1.0
2959,39.971397,1.0,0.0033003301,1.0,,,1.0
2960,73.267296,1.0,0.011299435,1.0,,,1.0
2961,53.51324,1.0,0.0066225166,1.0,,,1.0
2962,32.200317,1.0,0.0121951215,1.0,,,1.0
2963,33.16621,1.0,0.017699115,1.0,,,1.0
2964,40.323025,1.0,0.0061728396,1.0,,,1.0
2965,94.02578,1.0,0.0038461538,1.0,,,1.0
2966,57.904873,1.0,0.008928572,1.0,,,1.0
2967,44.976383,1.0,0.005586592,1.0,,,1.0
2968,23.065699,1.0,0.005586592,1.0,,,1.0
2969,51.772392,1.0,0.0,1.0,,,1.0
2970,9.230011,1.0,0.0,1.0,,,1.0
2971,25.885262,1.0,0.024390243,1.0,,,1.0
2972,59.907425,1.0,0.010362694,1.0,,,1.0
2973,58.774593,1.0,0.005479452,1.0,,,1.0
2974,14.535093,1.0,0.0,1.0,,,1.0
2975,31.428375,1.0,0.016528925,1.0,,,1.0
2976,15.75942,1.0,0.0,1.0,,,1.0
2977,28.919506,1.0,0.009852217,1.0,,,1.0
2978,66.380035,1.0,0.017094018,1.0,,,1.0
2979,48.833973,1.0,0.007490637,1.0,,,1.0
2980,31.527805,1.0,0.003929273,1.0,,,1.0
2981,66.76958,1.0,0.020408163,1.0,,,1.0
2982,32.082397,1.0,0.010526316,1.0,,,1.0
2983,35.579136,1.0,0.0067114094,1.0,,,1.0
2984,42.387726,1.0,0.012987013,1.0,,,1.0
2985,40.51056,1.0,0.0041237115,1.0,,,1.0
2986,33.038593,1.0,0.0,1.0,,,1.0
2987,11.868039,1.0,0.03076923,1.0,,,1.0
2988,70.53568,1.0,0.0,1.0,,,1.0
2989,19.949017,1.0,0.007575758,1.0,,,1.0
2990,89.530876,1.0,0.0028818443,1.0,,,1.0
2991,29.623753,1.0,0.0058479533,1.0,,,1.0
2992,9.601066,1.0,0.0,1.0,,,1.0
2993,26.170856,1.0,0.008163265,1.0,,,1.0
2994,8.171131,1.0,0.014084507,1.0,,,1.0
2995,40.913662,1.0,0.0038910506,1.0,,,1.0
2996,52.038982,1.0,0.011764706,1.0,,,1.0
2997,18.447407,1.0,0.007490637,1.0,,,1.0
2998,42.039547,1.0,0.013157895,1.0,,,1.0
2999,17.405043,1.0,0.0043668123,1.0,,,1.0
3000,104.04593,1.0,0.0014306152,1.0,,,1.0
3001,9.143555,1.0,0.0,1.0,,,1.0
3002,61.61508,1.0,0.01923077,1.0,,,1.0
3003,7.320138,1.0,0.014925373,1.0,,,1.0
3004,36.21358,1.0,0.028169014,1.0,,,1.0
3005,50.20582,1.0,0.007490637,1.0,,,1.0
3006,48.629158,1.0,0.006756757,1.0,,,1.0
3007,25.86502,1.0,0.0,1.0,,,1.0
3008,1.8240839,1.0,0.0,1.0,,,1.0
3009,37.1636,1.0,0.027777778,1.0,,,1.0
3010,47.869267,1.0,0.01183432,1.0,,,1.0
3011,3.1351428,1.0,0.0,1.0,,,1.0
3012,14.123643,1.0,0.0070921984,1.0,,,1.0
3013,100.01263,1.0,0.008888889,1.0,,,1.0
3014,18.752657,1.0,0.0,1.0,,,1.0
3015,49.10451,1.0,0.007246377,1.0,,,1.0
3016,7.782147,1.0,0.0035971224,1.0,,,1.0
3017,89.298325,1.0,0.003717472,1.0,,,1.0
3018,31.983511,1.0,0.0,1.0,,,1.0
3019,39.646202,1.0,0.027027028,1.0,,,1.0
3020,47.869267,1.0,0.014184397,1.0,,,1.0
3021,41.53904,1.0,0.0,1.0,,,1.0
3022,30.091837,1.0,0.0,1.0,,,1.0
3023,15.85446,1.0,0.02,1.0,,,1.0
3024,20.347841,1.0,0.009569378,1.0,,,1.0
3025,81.120895,1.0,0.015873017,1.0,,,1.0
3026,28.149693,1.0,0.012048192,1.0,,,1.0
3027,108.2672,1.0,0.006134969,1.0,,,1.0
3028,36.253323,1.0,0.0091743115,1.0,,,1.0
3029,11.7739,1.0,0.006644518,1.0,,,1.0
3030,6.8165264,1.0,0.0049751243,1.0,,,1.0
3031,4.127383,1.0,0.0,1.0,,,1.0
3032,13.114179,1.0,0.002079002,1.0,,,1.0
3033,23.11591,1.0,0.0052083335,1.0,,,1.0
3034,7.4912186,1.0,0.007633588,1.0,,,1.0
3035,26.311289,1.0,0.010869565,1.0,,,1.0
3036,15.683795,1.0,0.002770083,1.0,,,1.0
3037,115.54238,1.0,0.010204081,1.0,,,1.0
3038,13.82615,1.0,0.003984064,1.0,,,1.0
3039,26.67058,1.0,0.0039525693,1.0,,,1.0
3040,12.313015,1.0,0.018181818,1.0,,,1.0
3041,4.4463215,1.0,0.0,1.0,,,1.0
3042,24.43795,1.0,0.0045871558,1.0,,,1.0
3043,48.53854,1.0,0.006134969,1.0,,,1.0
3044,40.69658,1.0,0.010309278,1.0,,,1.0
3045,10.088199,1.0,0.0068965517,1.0,,,1.0
3046,28.60421,1.0,0.07692308,1.0,,,1.0
3047,14.535093,1.0,0.004149378,1.0,,,1.0
3048,76.26888,1.0,0.004651163,1.0,,,1.0
3049,35.36286,1.0,0.0,1.0,,,1.0
3050,83.95971,1.0,0.024390243,1.0,,,1.0
3051,48.857628,1.0,0.021276595,1.0,,,1.0
3052,4.1440573,1.0,0.012987013,1.0,,,1.0
3053,81.30377,1.0,0.022727273,1.0,,,1.0
3054,10.824467,1.0,0.012269938,1.0,,,1.0
3055,16.90457,1.0,0.019607844,1.0,,,1.0
3056,41.70995,1.0,0.008583691,1.0,,,1.0
3057,35.48768,1.0,0.004219409,1.0,,,1.0
3058,42.559216,1.0,0.0038610038,1.0,,,1.0
3059,31.768429,1.0,0.00877193,1.0,,,1.0
3060,42.433804,1.0,0.014705882,1.0,,,1.0
3061,32.91443,1.0,0.008064516,1.0,,,1.0
3062,54.69655,1.0,0.011560693,1.0,,,1.0
3063,115.54238,1.0,0.009803922,1.0,,,1.0
3064,19.755814,1.0,0.0099502485,1.0,,,1.0
3065,19.131063,1.0,0.018867925,1.0,,,1.0
3066,115.54238,1.0,0.01010101,1.0,,,1.0
3067,4.22864,1.0,0.0,1.0,,,1.0
3068,75.78735,1.0,0.0058651026,1.0,,,1.0
3069,37.0169,1.0,0.0,1.0,,,1.0
3070,81.40033,1.0,0.009803922,1.0,,,1.0
3071,32.000538,1.0,0.0056179776,1.0,,,1.0
3072,15.6921625,1.0,0.0124223605,1.0,,,1.0
3073,26.240759,1.0,0.0025445293,1.0,,,1.0
3074,4.727706,1.0,0.01459854,1.0,,,1.0
3075,46.634182,1.0,0.013071896,1.0,,,1.0
3076,33.008106,1.0,0.012345679,1.0,,,1.0
3077,9.25431,1.0,0.0,1.0,,,1.0
3078,51.6686,1.0,0.007751938,1.0,,,1.0
3079,18.509695,1.0,0.01010101,1.0,,,1.0
3080,23.941542,1.0,0.021276595,1.0,,,1.0
3081,28.814049,1.0,0.0034129692,1.0,,,1.0
3082,57.07793,1.0,0.0032573289,1.0,,,1.0
3083,29.692673,1.0,0.0057142857,1.0,,,1.0
3084,31.83337,1.0,0.020618556,1.0,,,1.0
3085,24.677414,1.0,0.003937008,1.0,,,1.0
3086,17.3507,1.0,0.01904762,1.0,,,1.0
3087,102.05991,1.0,0.004338395,1.0,,,1.0
3088,122.87542,1.0,0.011428571,1.0,,,1.0
3089,23.18951,1.0,0.0036764706,1.0,,,1.0
3090,46.33236,1.0,0.010362694,1.0,,,1.0
3091,50.445942,1.0,0.008438818,1.0,,,1.0
3092,10.685128,1.0,0.0,1.0,,,1.0
3093,15.168512,1.0,0.0,1.0,,,1.0
3094,25.639994,1.0,0.0,1.0,,,1.0
3095,72.75457,1.0,0.010752688,1.0,,,1.0
3096,31.229944,1.0,0.007017544,1.0,,,1.0
3097,37.298878,1.0,0.023255814,1.0,,,1.0
3098,10.481378,1.0,0.0032786885,1.0,,,1.0
3099,28.625896,1.0,0.0,1.0,,,1.0
3100,6.817031,1.0,0.00729927,1.0,,,1.0
3101,50.154015,1.0,0.0124223605,1.0,,,1.0
3102,26.480389,1.0,0.025641026,1.0,,,1.0
3103,22.009079,1.0,0.055555556,1.0,,,1.0
3104,18.925522,1.0,0.0,1.0,,,1.0
3105,26.279182,1.0,0.0023696683,1.0,,,1.0
3106,10.904931,1.0,0.00877193,1.0,,,1.0
3107,57.788727,1.0,0.007168459,1.0,,,1.0
3108,26.082012,1.0,0.023809524,1.0,,,1.0
3109,23.278002,1.0,0.0,1.0,,,1.0
3110,73.267296,1.0,0.0038610038,1.0,,,1.0
3111,71.00416,1.0,0.0023310024,1.0,,,1.0
3112,9.542415,1.0,0.0,1.0,,,1.0
3113,40.982872,1.0,0.0,1.0,,,1.0
3114,16.51707,1.0,0.010526316,1.0,,,1.0
3115,47.376976,1.0,0.0070921984,1.0,,,1.0
3116,50.108963,1.0,0.006369427,1.0,,,1.0
3117,7.0107484,1.0,0.016393442,1.0,,,1.0
3118,79.59619,1.0,0.012048192,1.0,,,1.0
3119,12.574819,1.0,0.0071174377,1.0,,,1.0
3120,25.591843,1.0,0.0,1.0,,,1.0
3121,24.494076,1.0,0.0,1.0,,,1.0
3122,73.504425,1.0,0.005063291,1.0,,,1.0
3123,67.00446,1.0,0.009009009,1.0,,,1.0
3124,23.474073,1.0,0.0,1.0,,,1.0
3125,9.641148,1.0,0.0070921984,1.0,,,1.0
3126,17.088167,1.0,0.0952381,1.0,,,1.0
3127,10.104797,1.0,0.016393442,1.0,,,1.0
3128,8.255786,1.0,0.011235955,1.0,,,1.0
3129,73.267296,1.0,0.010309278,1.0,,,1.0
3130,6.5107975,1.0,0.0,1.0,,,1.0
3131,22.244972,1.0,0.0,1.0,,,1.0
3132,10.061066,1.0,0.0,1.0,,,1.0
3133,66.525536,1.0,0.0050251256,1.0,,,1.0
3134,55.581814,1.0,0.004016064,1.0,,,1.0
3135,67.00446,1.0,0.0038240917,1.0,,,1.0
3136,67.39744,1.0,0.0046948357,1.0,,,1.0
3137,6.8939514,1.0,0.0,1.0,,,1.0
3138,26.529806,1.0,0.00990099,1.0,,,1.0
3139,73.85746,1.0,0.0070921984,1.0,,,1.0
3140,20.559364,1.0,0.0,1.0,,,1.0
3141,50.154434,1.0,0.0041841003,1.0,,,1.0
3142,33.874462,1.0,0.018181818,1.0,,,1.0
3143,100.17136,1.0,0.0125,1.0,,,1.0
3144,28.35591,1.0,0.023809524,1.0,,,1.0
3145,32.394344,1.0,0.004158004,1.0,,,1.0
3146,12.136205,1.0,0.0,1.0,,,1.0
3147,20.295315,1.0,0.01,1.0,,,1.0
3148,26.010574,1.0,0.004347826,1.0,,,1.0
3149,17.091736,1.0,0.0,1.0,,,1.0
3150,8.474555,1.0,0.005181347,1.0,,,1.0
3151,33.943382,1.0,0.0,1.0,,,1.0
3152,68.1871,1.0,0.00862069,1.0,,,1.0
3153,56.027534,1.0,0.014705882,1.0,,,1.0
3154,82.19594,1.0,0.0048076925,1.0,,,1.0
3155,43.066597,1.0,0.009708738,1.0,,,1.0
3156,29.658504,1.0,0.0,1.0,,,1.0
3157,8.0683155,1.0,0.0,1.0,,,1.0
3158,22.45595,1.0,0.018518519,1.0,,,1.0
3159,4.9785523,1.0,0.0,1.0,,,1.0
3160,6.5475955,1.0,0.006369427,1.0,,,1.0
3161,30.199808,1.0,0.010256411,1.0,,,1.0
3162,7.096882,1.0,0.0,1.0,,,1.0
3163,40.887405,1.0,0.0068965517,1.0,,,1.0
3164,95.84354,1.0,0.012658228,1.0,,,1.0
3165,33.006695,1.0,0.012738854,1.0,,,1.0
3166,19.744022,1.0,0.0,1.0,,,1.0
3167,24.535927,1.0,0.007782101,1.0,,,1.0
3168,12.486285,1.0,0.0,1.0,,,1.0
3169,15.669204,1.0,0.008547009,1.0,,,1.0
3170,46.9621,1.0,0.0,1.0,,,1.0
3171,23.464256,1.0,0.0046948357,1.0,,,1.0
3172,17.553268,1.0,0.0,1.0,,,1.0
3173,65.982254,1.0,0.0037453184,1.0,,,1.0
3174,30.882236,1.0,0.04,1.0,,,1.0
3175,26.617523,1.0,0.0,1.0,,,1.0
3176,69.72549,1.0,0.0024875621,1.0,,,1.0
3177,30.029192,1.0,0.006369427,1.0,,,1.0
3178,8.709013,1.0,0.005586592,1.0,,,1.0
3179,33.97899,1.0,0.0012738854,1.0,,,1.0
3180,21.628544,1.0,0.005376344,1.0,,,1.0
3181,4.036477,1.0,0.0,1.0,,,1.0
3182,62.159447,1.0,0.022988506,1.0,,,1.0
3183,57.10216,1.0,0.0091743115,1.0,,,1.0
3184,50.20582,1.0,0.0050251256,1.0,,,1.0
3185,45.2774,1.0,0.012345679,1.0,,,1.0
3186,19.743355,1.0,0.03508772,1.0,,,1.0
3187,24.86785,1.0,0.0,1.0,,,1.0
3188,2.7114813,1.0,0.0,1.0,,,1.0
3189,25.388958,1.0,0.010204081,1.0,,,1.0
3190,43.09123,1.0,0.0,1.0,,,1.0
3191,10.205944,1.0,0.0,1.0,,,1.0
3192,115.54238,1.0,0.003968254,1.0,,,1.0
3193,17.151075,1.0,0.0,1.0,,,1.0
3194,74.032364,1.0,0.00625,1.0,,,1.0
3195,59.4938,1.0,0.004132231,1.0,,,1.0
3196,98.09675,1.0,0.0093896715,1.0,,,1.0
3197,56.898495,1.0,0.0053050397,1.0,,,1.0
3198,73.504425,1.0,0.010471204,1.0,,,1.0
3199,89.91889,1.0,0.005586592,1.0,,,1.0
3200,8.094917,1.0,0.0,1.0,,,1.0
3201,35.59902,1.0,0.004140787,1.0,,,1.0
3202,33.63226,1.0,0.012578616,1.0,,,1.0
3203,15.670576,1.0,0.005899705,1.0,,,1.0
3204,75.51869,1.0,0.0051020407,1.0,,,1.0
3205,71.66708,1.0,0.0,1.0,,,1.0
3206,59.4938,1.0,0.0060790274,1.0,,,1.0
3207,24.378965,1.0,0.011111111,1.0,,,1.0
3208,24.112421,1.0,0.016806724,1.0,,,1.0
3209,23.920704,1.0,0.0,1.0,,,1.0
3210,24.066315,1.0,0.0,1.0,,,1.0
3211,9.696525,1.0,0.0,1.0,,,1.0
3212,16.30934,1.0,0.0,1.0,,,1.0
3213,20.660381,1.0,0.0029498525,1.0,,,1.0
3214,81.40033,1.0,0.0057142857,1.0,,,1.0
3215,9.610887,1.0,0.0,1.0,,,1.0
3216,56.72165,1.0,0.007575758,1.0,,,1.0
3217,26.991556,1.0,0.006666667,1.0,,,1.0
3218,42.57018,1.0,0.008163265,1.0,,,1.0
3219,26.623383,1.0,0.0051020407,1.0,,,1.0
3220,12.313015,1.0,0.022727273,1.0,,,1.0
3221,17.45198,1.0,0.003021148,1.0,,,1.0
3222,23.893007,1.0,0.0,1.0,,,1.0
3223,11.070154,1.0,0.0,1.0,,,1.0
3224,76.26888,1.0,0.0,1.0,,,1.0
3225,43.233494,1.0,0.0054054055,1.0,,,1.0
3226,13.3150015,1.0,0.0,1.0,,,1.0
3227,26.287113,1.0,0.0040816325,1.0,,,1.0
3228,15.399393,1.0,0.0,1.0,,,1.0
3229,42.89122,1.0,0.011904762,1.0,,,1.0
3230,80.32686,1.0,0.014492754,1.0,,,1.0
3231,6.021234,1.0,0.0,1.0,,,1.0
3232,34.037895,1.0,0.004405286,1.0,,,1.0
3233,33.16621,1.0,0.010752688,1.0,,,1.0
3234,5.6473055,1.0,0.02173913,1.0,,,1.0
3235,15.670576,1.0,0.001980198,1.0,,,1.0
3236,56.376305,1.0,0.0037037036,1.0,,,1.0
3237,10.792299,1.0,0.0,1.0,,,1.0
3238,58.903362,1.0,0.0,1.0,,,1.0
3239,57.57289,1.0,0.0030674846,1.0,,,1.0
3240,31.078806,1.0,0.0,1.0,,,1.0
3241,1.0639971,1.0,0.0,1.0,,,1.0
3242,31.030573,1.0,0.0,1.0,,,1.0
3243,24.494076,1.0,0.0,1.0,,,1.0
3244,7.5358257,1.0,0.015151516,1.0,,,1.0
3245,32.24062,1.0,0.0124223605,1.0,,,1.0
3246,13.098313,1.0,0.017857144,1.0,,,1.0
3247,9.0142,1.0,0.01369863,1.0,,,1.0
3248,6.751319,1.0,0.0,1.0,,,1.0
3249,46.69796,1.0,0.0,1.0,,,1.0
3250,28.174898,1.0,0.0,1.0,,,1.0
3251,46.33236,1.0,0.003921569,1.0,,,1.0
3252,19.214643,1.0,0.007246377,1.0,,,1.0
3253,42.433804,1.0,0.007380074,1.0,,,1.0
3254,59.26218,1.0,0.032258064,1.0,,,1.0
3255,77.30586,1.0,0.01,1.0,,,1.0
3256,14.383079,1.0,0.02247191,1.0,,,1.0
3257,24.378965,1.0,0.008064516,1.0,,,1.0
3258,59.164825,1.0,0.0,1.0,,,1.0
3259,33.345943,1.0,0.0051282053,1.0,,,1.0
3260,46.917625,1.0,0.0032258064,1.0,,,1.0
3261,16.748564,1.0,0.004524887,1.0,,,1.0
3262,117.691864,1.0,0.00407332,1.0,,,1.0
3263,48.50151,1.0,0.0,1.0,,,1.0
3264,10.287372,1.0,0.0,1.0,,,1.0
3265,25.225025,1.0,0.013333334,1.0,,,1.0
3266,112.634705,1.0,0.002624672,1.0,,,1.0
3267,37.615612,1.0,0.003944773,1.0,,,1.0
3268,55.554306,1.0,0.008810572,1.0,,,1.0
3269,25.49416,1.0,0.0,1.0,,,1.0
3270,11.588625,1.0,0.027027028,1.0,,,1.0
3271,55.254353,1.0,0.007843138,1.0,,,1.0
3272,33.054882,1.0,0.008163265,1.0,,,1.0
3273,15.339009,1.0,0.0,1.0,,,1.0
3274,39.3626,1.0,0.0,1.0,,,1.0
3275,72.904945,1.0,0.0063492064,1.0,,,1.0
3276,47.072884,1.0,0.012820513,1.0,,,1.0
3277,30.30466,1.0,0.0019230769,1.0,,,1.0
3278,21.219702,1.0,0.0,1.0,,,1.0
3279,60.845142,1.0,0.015625,1.0,,,1.0
3280,48.97928,1.0,0.003875969,1.0,,,1.0
3281,27.893972,1.0,0.0019646366,1.0,,,1.0
3282,16.487339,1.0,0.0,1.0,,,1.0
3283,13.573996,1.0,0.0035587188,1.0,,,1.0
3284,50.91552,1.0,0.01,1.0,,,1.0
3285,17.221462,1.0,0.016666668,1.0,,,1.0
3286,7.340475,1.0,0.010869565,1.0,,,1.0
3287,40.193996,1.0,0.0116959065,1.0,,,1.0
3288,33.197285,1.0,0.021276595,1.0,,,1.0
3289,51.588406,1.0,0.0,1.0,,,1.0
3290,6.669431,1.0,0.006968641,1.0,,,1.0
3291,108.342125,1.0,0.013605442,1.0,,,1.0
3292,24.378965,1.0,0.015748031,1.0,,,1.0
3293,17.131384,1.0,0.0,1.0,,,1.0
3294,47.121517,1.0,0.012345679,1.0,,,1.0
3295,65.50862,1.0,0.003960396,1.0,,,1.0
3296,48.97928,1.0,0.0,1.0,,,1.0
3297,47.776474,1.0,0.008,1.0,,,1.0
3298,12.322747,1.0,0.0039525693,1.0,,,1.0
3299,26.114958,1.0,0.006535948,1.0,,,1.0
3300,59.164825,1.0,0.01724138,1.0,,,1.0
3301,38.96952,1.0,0.013157895,1.0,,,1.0
3302,23.168713,1.0,0.008403362,1.0,,,1.0
3303,81.40033,1.0,0.0052083335,1.0,,,1.0
3304,52.085163,1.0,0.0,1.0,,,1.0
3305,42.46982,1.0,0.0030487804,1.0,,,1.0
3306,63.79785,1.0,0.011494253,1.0,,,1.0
3307,28.492748,1.0,0.015625,1.0,,,1.0
3308,13.376903,1.0,0.0,1.0,,,1.0
3309,63.703773,1.0,0.009302326,1.0,,,1.0
3310,15.334364,1.0,0.0,1.0,,,1.0
3311,2.1017852,1.0,0.0,1.0,,,1.0
3312,34.886307,1.0,0.0,1.0,,,1.0
3313,15.570074,1.0,0.003717472,1.0,,,1.0
3314,52.332787,1.0,0.0051020407,1.0,,,1.0
3315,17.098019,1.0,0.020408163,1.0,,,1.0
3316,22.389795,1.0,0.022222223,1.0,,,1.0
3317,16.76604,1.0,0.0043668123,1.0,,,1.0
3318,5.072774,1.0,0.0,1.0,,,1.0
3319,43.430492,1.0,0.006289308,1.0,,,1.0
3320,68.1871,1.0,0.007194245,1.0,,,1.0
3321,2.1331038,1.0,0.0016977929,1.0,,,1.0
3322,16.289019,1.0,0.0,1.0,,,1.0
3323,16.059586,1.0,0.009569378,1.0,,,1.0
3324,16.422731,1.0,0.009009009,1.0,,,1.0
3325,89.88506,1.0,0.006116208,1.0,,,1.0
3326,1.4171364,1.0,0.0,1.0,,,1.0
3327,69.440056,1.0,0.012345679,1.0,,,1.0
3328,43.862625,1.0,0.0043668123,1.0,,,1.0
3329,9.405348,1.0,0.014285714,1.0,,,1.0
3330,89.298325,1.0,0.01183432,1.0,,,1.0
3331,20.987047,1.0,0.0,1.0,,,1.0
3332,43.21014,1.0,0.016666668,1.0,,,1.0
3333,56.28069,1.0,0.029850746,1.0,,,1.0
3334,9.13878,1.0,0.0,1.0,,,1.0
3335,44.872574,1.0,0.004132231,1.0,,,1.0
3336,57.155567,1.0,0.012903226,1.0,,,1.0
3337,26.279182,1.0,0.006802721,1.0,,,1.0
3338,104.55939,1.0,0.004201681,1.0,,,1.0
3339,35.39015,1.0,0.004830918,1.0,,,1.0
3340,7.3334312,1.0,0.0,1.0,,,1.0
3341,31.98157,1.0,0.01058201,1.0,,,1.0
3342,2.929187,1.0,0.0,1.0,,,1.0
3343,28.623796,1.0,0.0,1.0,,,1.0
3344,24.445871,1.0,0.005524862,1.0,,,1.0
3345,64.03762,1.0,0.00591716,1.0,,,1.0
3346,12.7195215,1.0,0.0,1.0,,,1.0
3347,58.396866,1.0,0.0026007802,1.0,,,1.0
3348,11.144491,1.0,0.016806724,1.0,,,1.0
3349,17.506966,1.0,0.05882353,1.0,,,1.0
3350,24.888832,1.0,0.0,1.0,,,1.0
3351,27.939741,1.0,0.0,1.0,,,1.0
3352,29.979485,1.0,0.0,1.0,,,1.0
3353,40.31641,1.0,0.02247191,1.0,,,1.0
3354,56.3599,1.0,0.016666668,1.0,,,1.0
3355,56.3599,1.0,0.007518797,1.0,,,1.0
3356,64.76018,1.0,0.008583691,1.0,,,1.0
3357,27.434822,1.0,0.026666667,1.0,,,1.0
3358,2.739709,1.0,0.04,1.0,,,1.0
3359,49.504684,1.0,0.002967359,1.0,,,1.0
3360,39.496872,1.0,0.009478673,1.0,,,1.0
3361,47.31656,1.0,0.0,1.0,,,1.0
3362,20.327187,1.0,0.0,1.0,,,1.0
3363,21.373446,1.0,0.0,1.0,,,1.0
3364,17.151144,1.0,0.014084507,1.0,,,1.0
3365,26.756544,1.0,0.0,1.0,,,1.0
3366,13.538914,1.0,0.011049724,1.0,,,1.0
3367,30.845446,1.0,0.0,1.0,,,1.0
3368,19.733622,1.0,0.0025510204,1.0,,,1.0
3369,4.2796674,1.0,0.0,1.0,,,1.0
3370,57.51592,1.0,0.00625,1.0,,,1.0
3371,101.899734,1.0,0.02173913,1.0,,,1.0
3372,39.66804,1.0,0.005586592,1.0,,,1.0
3373,39.65677,1.0,0.0,1.0,,,1.0
3374,71.64439,1.0,0.0,1.0,,,1.0
3375,16.47135,1.0,0.0,1.0,,,1.0
3376,72.904945,1.0,0.0056338026,1.0,,,1.0
3377,49.648373,1.0,0.00390625,1.0,,,1.0
3378,47.775974,1.0,0.0073260074,1.0,,,1.0
3379,55.130615,1.0,0.00990099,1.0,,,1.0
3380,31.287855,1.0,0.019607844,1.0,,,1.0
3381,20.083523,1.0,0.0,1.0,,,1.0
3382,50.381348,1.0,0.014814815,1.0,,,1.0
3383,24.629253,1.0,0.009259259,1.0,,,1.0
3384,104.55939,1.0,0.0057803467,1.0,,,1.0
3385,89.91889,1.0,0.0065789474,1.0,,,1.0
3386,62.3884,1.0,0.0029325513,1.0,,,1.0
3387,22.764217,1.0,0.011764706,1.0,,,1.0
3388,34.889996,1.0,0.010752688,1.0,,,1.0
3389,19.256262,1.0,0.0,1.0,,,1.0
3390,94.0619,1.0,0.016806724,1.0,,,1.0
3391,108.342125,1.0,0.0036697248,1.0,,,1.0
3392,32.351654,1.0,0.0043668123,1.0,,,1.0
3393,34.591675,1.0,0.009259259,1.0,,,1.0
3394,28.436874,1.0,0.0054644807,1.0,,,1.0
3395,22.720432,1.0,0.037037037,1.0,,,1.0
3396,25.980799,1.0,0.011904762,1.0,,,1.0
3397,46.011578,1.0,0.0,1.0,,,1.0
3398,89.88506,1.0,0.0043956046,1.0,,,1.0
3399,35.887413,1.0,0.0,1.0,,,1.0
3400,40.818283,1.0,0.015037594,1.0,,,1.0
3401,42.433804,1.0,0.009049774,1.0,,,1.0
3402,14.379475,1.0,0.003984064,1.0,,,1.0
3403,11.430999,1.0,0.0,1.0,,,1.0
3404,56.72165,1.0,0.008547009,1.0,,,1.0
3405,13.992393,1.0,0.0,1.0,,,1.0
3406,23.061047,1.0,0.0,1.0,,,1.0
3407,42.751625,1.0,0.006451613,1.0,,,1.0
3408,41.220646,1.0,0.0,1.0,,,1.0
3409,66.76958,1.0,0.006369427,1.0,,,1.0
3410,3.7138352,1.0,0.0057142857,1.0,,,1.0
3411,9.361176,1.0,0.0,1.0,,,1.0
3412,60.52878,1.0,0.0018832391,1.0,,,1.0
3413,49.071426,1.0,0.0017699115,1.0,,,1.0
3414,33.258663,1.0,0.01904762,1.0,,,1.0
3415,35.419224,1.0,0.006451613,1.0,,,1.0
3416,126.36123,1.0,0.00952381,1.0,,,1.0
3417,65.7124,1.0,0.0045454544,1.0,,,1.0
3418,20.765882,1.0,0.0045454544,1.0,,,1.0
3419,24.214714,1.0,0.02173913,1.0,,,1.0
3420,26.67058,1.0,0.006802721,1.0,,,1.0
3421,14.325253,1.0,0.0,1.0,,,1.0
3422,11.027159,1.0,0.009345794,1.0,,,1.0
3423,29.478361,1.0,0.0055555557,1.0,,,1.0
3424,6.7478876,1.0,0.014492754,1.0,,,1.0
3425,17.857367,1.0,0.0,1.0,,,1.0
3426,48.698395,1.0,0.0,1.0,,,1.0
3427,23.215204,1.0,0.025,1.0,,,1.0
3428,19.984035,1.0,0.0,1.0,,,1.0
3429,28.492748,1.0,0.0088495575,1.0,,,1.0
3430,56.25854,1.0,0.0069444445,1.0,,,1.0
3431,25.44528,1.0,0.011299435,1.0,,,1.0
3432,34.624695,1.0,0.006024096,1.0,,,1.0
3433,20.135286,1.0,0.012987013,1.0,,,1.0
3434,7.9950128,1.0,0.0035587188,1.0,,,1.0
3435,32.843678,1.0,0.012820513,1.0,,,1.0
3436,25.298908,1.0,0.018867925,1.0,,,1.0
3437,4.7038155,1.0,0.0,1.0,,,1.0
3438,44.994015,1.0,0.008163265,1.0,,,1.0
3439,45.026672,1.0,0.018867925,1.0,,,1.0
3440,46.28599,1.0,0.005181347,1.0,,,1.0
3441,17.37698,1.0,0.0070422534,1.0,,,1.0
3442,10.965063,1.0,0.016949153,1.0,,,1.0
3443,36.261192,1.0,0.007874016,1.0,,,1.0
3444,9.537217,1.0,0.0,1.0,,,1.0
3445,25.829971,1.0,0.018018018,1.0,,,1.0
3446,42.46982,1.0,0.0032573289,1.0,,,1.0
3447,7.1774426,1.0,0.014084507,1.0,,,1.0
3448,43.31244,1.0,0.0033444816,1.0,,,1.0
3449,23.36335,1.0,0.02631579,1.0,,,1.0
3450,40.308277,1.0,0.021276595,1.0,,,1.0
3451,13.002218,1.0,0.007194245,1.0,,,1.0
3452,30.29651,1.0,0.027777778,1.0,,,1.0
3453,40.680386,1.0,0.0065789474,1.0,,,1.0
3454,23.98402,1.0,0.011111111,1.0,,,1.0
3455,54.867058,1.0,0.0,1.0,,,1.0
3456,44.219784,1.0,0.01010101,1.0,,,1.0
3457,17.99455,1.0,0.003322259,1.0,,,1.0
3458,14.120529,1.0,0.0,1.0,,,1.0
3459,5.4096704,1.0,0.0,1.0,,,1.0
3460,29.218437,1.0,0.0,1.0,,,1.0
3461,10.811478,1.0,0.024096385,1.0,,,1.0
3462,32.38077,1.0,0.0,1.0,,,1.0
3463,41.13426,1.0,0.0,1.0,,,1.0
3464,89.88506,1.0,0.003164557,1.0,,,1.0
3465,66.76958,1.0,0.014705882,1.0,,,1.0
3466,39.373234,1.0,0.011111111,1.0,,,1.0
3467,87.21102,1.0,0.00862069,1.0,,,1.0
3468,21.249662,1.0,0.0,1.0,,,1.0
3469,61.175056,1.0,0.0025575447,1.0,,,1.0
3470,114.3943,1.0,0.0067114094,1.0,,,1.0
3471,23.667639,1.0,0.0064102565,1.0,,,1.0
3472,56.376305,1.0,0.0,1.0,,,1.0
3473,41.422695,1.0,0.013986014,1.0,,,1.0
3474,3.2941306,1.0,0.030303031,1.0,,,1.0
3475,17.723326,1.0,0.018181818,1.0,,,1.0
3476,1.9541451,1.0,0.0,1.0,,,1.0
3477,5.2355323,1.0,0.0,1.0,,,1.0
3478,39.032974,1.0,0.013793103,1.0,,,1.0
3479,24.535927,1.0,0.009345794,1.0,,,1.0
3480,109.534454,1.0,0.0065789474,1.0,,,1.0
3481,63.727287,1.0,0.0,1.0,,,1.0
3482,40.93188,1.0,0.02173913,1.0,,,1.0
3483,26.319498,1.0,0.0054054055,1.0,,,1.0
3484,36.35934,1.0,0.008474576,1.0,,,1.0
3485,18.696638,1.0,0.001776199,1.0,,,1.0
3486,12.136434,1.0,0.020618556,1.0,,,1.0
3487,22.20362,1.0,0.0,1.0,,,1.0
3488,24.471617,1.0,0.02739726,1.0,,,1.0
3489,40.9368,1.0,0.13333334,1.0,,,1.0
3490,59.60921,1.0,0.007575758,1.0,,,1.0
3491,55.288162,1.0,0.011173184,1.0,,,1.0
3492,27.43373,1.0,0.0,1.0,,,1.0
3493,50.058445,1.0,0.016528925,1.0,,,1.0
3494,20.553225,1.0,0.01459854,1.0,,,1.0
3495,40.818283,1.0,0.0,1.0,,,1.0
3496,90.34002,1.0,0.001980198,1.0,,,1.0
3497,70.86064,1.0,0.010526316,1.0,,,1.0
3498,39.971962,1.0,0.0,1.0,,,1.0
3499,55.412785,1.0,0.009708738,1.0,,,1.0
3500,51.792812,1.0,0.011764706,1.0,,,1.0
3501,22.396517,1.0,0.006666667,1.0,,,1.0
3502,7.6042366,1.0,0.0064102565,1.0,,,1.0
3503,11.806811,1.0,0.0,1.0,,,1.0
3504,10.424998,1.0,0.02,1.0,,,1.0
3505,43.430492,1.0,0.003690037,1.0,,,1.0
3506,30.223225,1.0,0.0019120459,1.0,,,1.0
3507,94.0619,1.0,0.010309278,1.0,,,1.0
3508,24.465464,1.0,0.016260162,1.0,,,1.0
3509,14.940938,1.0,0.01724138,1.0,,,1.0
3510,48.79062,1.0,0.007905139,1.0,,,1.0
3511,38.85421,1.0,0.0046296297,1.0,,,1.0
3512,64.85589,1.0,0.0064935065,1.0,,,1.0
3513,59.643055,1.0,0.008,1.0,,,1.0
3514,85.39203,1.0,0.003968254,1.0,,,1.0
3515,92.31766,1.0,0.01058201,1.0,,,1.0
3516,20.253557,1.0,0.0,1.0,,,1.0
3517,70.63793,1.0,0.007874016,1.0,,,1.0
3518,20.347841,1.0,0.0057142857,1.0,,,1.0
3519,36.180534,1.0,0.01724138,1.0,,,1.0
3520,20.348982,1.0,0.0,1.0,,,1.0
3521,23.065699,1.0,0.0057803467,1.0,,,1.0
3522,81.40033,1.0,0.010638298,1.0,,,1.0
3523,30.223225,1.0,0.0,1.0,,,1.0
3524,47.030117,1.0,0.021505376,1.0,,,1.0
3525,27.394081,1.0,0.0,1.0,,,1.0
3526,2.4402282,1.0,0.0039525693,1.0,,,1.0
3527,17.240332,1.0,0.0,1.0,,,1.0
3528,12.311419,1.0,0.01754386,1.0,,,1.0
3529,24.91538,1.0,0.0,1.0,,,1.0
3530,34.32672,1.0,0.0,1.0,,,1.0
3531,102.72474,1.0,0.004140787,1.0,,,1.0
3532,10.108409,1.0,0.0,1.0,,,1.0
3533,65.23029,1.0,0.0017953322,1.0,,,1.0
3534,40.21494,1.0,0.002610966,1.0,,,1.0
3535,55.130615,1.0,0.010638298,1.0,,,1.0
3536,66.482666,1.0,0.0066006603,1.0,,,1.0
3537,30.318716,1.0,0.0,1.0,,,1.0
3538,81.40033,1.0,0.0,1.0,,,1.0
3539,49.15786,1.0,0.025316456,1.0,,,1.0
3540,19.978104,1.0,0.0,1.0,,,1.0
3541,72.048134,1.0,0.004842615,1.0,,,1.0
3542,25.945734,1.0,0.0,1.0,,,1.0
3543,115.46164,1.0,0.0031545742,1.0,,,1.0
3544,37.525265,1.0,0.0021459227,1.0,,,1.0
3545,89.530876,1.0,0.006006006,1.0,,,1.0
3546,43.453697,1.0,0.003058104,1.0,,,1.0
3547,73.267296,1.0,0.0019120459,1.0,,,1.0
3548,49.064255,1.0,0.010416667,1.0,,,1.0
3549,19.181643,1.0,0.021505376,1.0,,,1.0
3550,57.42195,1.0,0.004048583,1.0,,,1.0
3551,21.516771,1.0,0.0,1.0,,,1.0
3552,15.600718,1.0,0.0,1.0,,,1.0
3553,42.433804,1.0,0.006060606,1.0,,,1.0
3554,34.240128,1.0,0.007874016,1.0,,,1.0
3555,31.849411,1.0,0.0,1.0,,,1.0
3556,35.09287,1.0,0.0088495575,1.0,,,1.0
3557,39.306293,1.0,0.0,1.0,,,1.0
3558,0.42077354,1.0,0.0,1.0,,,1.0
3559,62.82736,1.0,0.0,1.0,,,1.0
3560,60.326736,1.0,0.010526316,1.0,,,1.0
3561,15.72421,1.0,0.04761905,1.0,,,1.0
3562,7.2322965,1.0,0.0,1.0,,,1.0
3563,2.881962,1.0,0.0,1.0,,,1.0
3564,6.268457,1.0,0.0,1.0,,,1.0
3565,26.583462,1.0,0.0069444445,1.0,,,1.0
3566,36.13689,1.0,0.0,1.0,,,1.0
3567,54.91154,1.0,0.0057471264,1.0,,,1.0
3568,59.58762,1.0,0.006968641,1.0,,,1.0
3569,24.86785,1.0,0.0028818443,1.0,,,1.0
3570,38.151104,1.0,0.0018018018,1.0,,,1.0
3571,82.84713,1.0,0.017699115,1.0,,,1.0
3572,59.89199,1.0,0.0,1.0,,,1.0
3573,50.095165,1.0,0.0070422534,1.0,,,1.0
3574,15.887235,1.0,0.0,1.0,,,1.0
3575,86.611275,1.0,0.0035842294,1.0,,,1.0
3576,73.85746,1.0,0.0045351475,1.0,,,1.0
3577,6.311266,1.0,0.0,1.0,,,1.0
3578,6.0915413,1.0,0.05263158,1.0,,,1.0
3579,29.55012,1.0,0.002617801,1.0,,,1.0
3580,15.765412,1.0,0.0036101083,1.0,,,1.0
3581,31.527805,1.0,0.0038986355,1.0,,,1.0
3582,25.20799,1.0,0.016528925,1.0,,,1.0
3583,62.83131,1.0,0.0013642565,1.0,,,1.0
3584,14.420879,1.0,0.011111111,1.0,,,1.0
3585,31.881863,1.0,0.011764706,1.0,,,1.0
3586,14.535093,1.0,0.0019762847,1.0,,,1.0
3587,37.789955,1.0,0.0,1.0,,,1.0
3588,8.350029,1.0,0.0,1.0,,,1.0
3589,71.65195,1.0,0.025974026,1.0,,,1.0
3590,56.376305,1.0,0.006535948,1.0,,,1.0
3591,13.532522,1.0,0.0,1.0,,,1.0
3592,48.91477,1.0,0.0,1.0,,,1.0
3593,11.160983,1.0,0.010309278,1.0,,,1.0
3594,32.846237,1.0,0.0037037036,1.0,,,1.0
3595,11.900198,1.0,0.0,1.0,,,1.0
3596,7.276347,1.0,0.0,1.0,,,1.0
3597,43.38592,1.0,0.0121951215,1.0,,,1.0
3598,22.630816,1.0,0.0,1.0,,,1.0
3599,55.130615,1.0,0.007575758,1.0,,,1.0
3600,5.5223775,1.0,0.0,1.0,,,1.0
3601,47.45516,1.0,0.0,1.0,,,1.0
3602,19.930353,1.0,0.017857144,1.0,,,1.0
3603,86.234726,1.0,0.003322259,1.0,,,1.0
3604,14.431294,1.0,0.008196721,1.0,,,1.0
3605,69.440056,1.0,0.004761905,1.0,,,1.0
3606,40.788563,1.0,0.024390243,1.0,,,1.0
3607,34.77546,1.0,0.005882353,1.0,,,1.0
3608,98.70822,1.0,0.011560693,1.0,,,1.0
3609,41.412525,1.0,0.0,1.0,,,1.0
3610,43.86576,1.0,0.0,1.0,,,1.0
3611,23.324146,1.0,0.019417476,1.0,,,1.0
3612,13.012477,1.0,0.0,1.0,,,1.0
3613,11.147267,1.0,0.004405286,1.0,,,1.0
3614,20.729706,1.0,0.011976048,1.0,,,1.0
3615,44.55214,1.0,0.007874016,1.0,,,1.0
3616,99.15464,1.0,0.00952381,1.0,,,1.0
3617,37.521385,1.0,0.011904762,1.0,,,1.0
3618,8.08492,1.0,0.0,1.0,,,1.0
3619,0.5268535,1.0,0.0,1.0,,,1.0
3620,70.76439,1.0,0.006451613,1.0,,,1.0
3621,44.83272,1.0,0.004672897,1.0,,,1.0
3622,67.24342,1.0,0.0018832391,1.0,,,1.0
3623,36.81599,1.0,0.0,1.0,,,1.0
3624,24.990395,1.0,0.0060790274,1.0,,,1.0
3625,20.40353,1.0,0.00877193,1.0,,,1.0
3626,29.864182,1.0,0.00862069,1.0,,,1.0
3627,70.53568,1.0,0.009803922,1.0,,,1.0
3628,11.574238,1.0,0.014492754,1.0,,,1.0
3629,48.068512,1.0,0.0,1.0,,,1.0
3630,33.765644,1.0,0.0041841003,1.0,,,1.0
3631,16.10021,1.0,0.0072202166,1.0,,,1.0
3632,12.84499,1.0,0.012987013,1.0,,,1.0
3633,33.17813,1.0,0.010362694,1.0,,,1.0
3634,9.196656,1.0,0.0,1.0,,,1.0
3635,15.433346,1.0,0.008510638,1.0,,,1.0
3636,16.229027,1.0,0.0,1.0,,,1.0
3637,6.988014,1.0,0.024390243,1.0,,,1.0
3638,124.35362,1.0,0.004672897,1.0,,,1.0
3639,9.248672,1.0,0.011363637,1.0,,,1.0
3640,38.739883,1.0,0.0,1.0,,,1.0
3641,18.02592,1.0,0.0,1.0,,,1.0
3642,16.487339,1.0,0.0,1.0,,,1.0
3643,49.00136,1.0,0.0013679891,1.0,,,1.0
3644,8.947056,1.0,0.0,1.0,,,1.0
3645,41.11562,1.0,0.004255319,1.0,,,1.0
3646,21.389751,1.0,0.0,1.0,,,1.0
3647,19.470385,1.0,0.0033557047,1.0,,,1.0
3648,8.529619,1.0,0.0,1.0,,,1.0
3649,58.172653,1.0,0.014705882,1.0,,,1.0
3650,27.44689,1.0,0.009009009,1.0,,,1.0
3651,47.030117,1.0,0.010989011,1.0,,,1.0
3652,16.46867,1.0,0.0,1.0,,,1.0
3653,33.903538,1.0,0.0033783785,1.0,,,1.0
3654,21.219702,1.0,0.0,1.0,,,1.0
3655,71.00416,1.0,0.010362694,1.0,,,1.0
3656,89.2655,1.0,0.014814815,1.0,,,1.0
3657,54.69655,1.0,0.0071174377,1.0,,,1.0
3658,61.175056,1.0,0.0032573289,1.0,,,1.0
3659,63.773907,1.0,0.028985508,1.0,,,1.0
3660,6.605809,1.0,0.0,1.0,,,1.0
3661,32.648952,1.0,0.033898305,1.0,,,1.0
3662,9.873518,1.0,0.0,1.0,,,1.0
3663,56.691032,1.0,0.005830904,1.0,,,1.0
3664,56.376305,1.0,0.0,1.0,,,1.0
3665,19.869078,1.0,0.008130081,1.0,,,1.0
3666,33.09309,1.0,0.006968641,1.0,,,1.0
3667,65.5214,1.0,0.0,1.0,,,1.0
3668,22.508457,1.0,0.010050251,1.0,,,1.0
3669,45.776028,1.0,0.007633588,1.0,,,1.0
3670,53.25937,1.0,0.006802721,1.0,,,1.0
3671,10.230155,1.0,0.015151516,1.0,,,1.0
3672,17.654335,1.0,0.0038022813,1.0,,,1.0
3673,3.8213198,1.0,0.0021505377,1.0,,,1.0
3674,122.87542,1.0,0.006472492,1.0,,,1.0
3675,5.915169,1.0,0.0,1.0,,,1.0
3676,4.7502027,1.0,0.0,1.0,,,1.0
3677,23.682264,1.0,0.0,1.0,,,1.0
3678,43.8141,1.0,0.0051282053,1.0,,,1.0
3679,18.848434,1.0,0.0,1.0,,,1.0
3680,80.54764,1.0,0.010471204,1.0,,,1.0
3681,9.482383,1.0,0.014285714,1.0,,,1.0
3682,23.464256,1.0,0.006968641,1.0,,,1.0
3683,45.769985,1.0,0.01058201,1.0,,,1.0
3684,46.447643,1.0,0.0088495575,1.0,,,1.0
3685,102.88374,1.0,0.0,1.0,,,1.0
3686,31.98157,1.0,0.008264462,1.0,,,1.0
3687,17.713785,1.0,0.0,1.0,,,1.0
3688,15.445959,1.0,0.009569378,1.0,,,1.0
3689,9.675636,1.0,0.0,1.0,,,1.0
3690,73.33114,1.0,0.01369863,1.0,,,1.0
3691,44.910854,1.0,0.0,1.0,,,1.0
3692,39.021088,1.0,0.012048192,1.0,,,1.0
3693,86.00488,1.0,0.009569378,1.0,,,1.0
3694,48.93671,1.0,0.008547009,1.0,,,1.0
3695,67.39744,1.0,0.008695652,1.0,,,1.0
3696,21.336222,1.0,0.0,1.0,,,1.0
3697,18.178112,1.0,0.021276595,1.0,,,1.0
3698,125.9227,1.0,0.02247191,1.0,,,1.0
3699,28.149693,1.0,0.004016064,1.0,,,1.0
3700,20.56387,1.0,0.007194245,1.0,,,1.0
3701,65.14389,1.0,0.00243309,1.0,,,1.0
3702,25.882061,1.0,0.025,1.0,,,1.0
3703,81.34332,1.0,0.010152284,1.0,,,1.0
3704,21.373446,1.0,0.022222223,1.0,,,1.0
3705,23.18951,1.0,0.009259259,1.0,,,1.0
3706,6.3062596,1.0,0.010526316,1.0,,,1.0
3707,18.055567,1.0,0.02020202,1.0,,,1.0
3708,23.861872,1.0,0.01754386,1.0,,,1.0
3709,34.682137,1.0,0.0038314175,1.0,,,1.0
3710,17.205826,1.0,0.003533569,1.0,,,1.0
3711,115.54238,1.0,0.005235602,1.0,,,1.0
3712,25.792208,1.0,0.033333335,1.0,,,1.0
3713,28.623796,1.0,0.0049261083,1.0,,,1.0
3714,33.345943,1.0,0.009090909,1.0,,,1.0
3715,29.979485,1.0,0.02,1.0,,,1.0
3716,51.839165,1.0,0.009708738,1.0,,,1.0
3717,30.443695,1.0,0.007194245,1.0,,,1.0
3718,33.16621,1.0,0.016260162,1.0,,,1.0
3719,14.698873,1.0,0.0,1.0,,,1.0
3720,37.243046,1.0,0.007246377,1.0,,,1.0
3721,39.670795,1.0,0.0,1.0,,,1.0
3722,94.55113,1.0,0.009708738,1.0,,,1.0
3723,44.952496,1.0,0.0,1.0,,,1.0
3724,53.757904,1.0,0.0,1.0,,,1.0
3725,57.42195,1.0,0.012820513,1.0,,,1.0
3726,25.708672,1.0,0.0031746032,1.0,,,1.0
3727,13.181133,1.0,0.008547009,1.0,,,1.0
3728,33.63226,1.0,0.011173184,1.0,,,1.0
3729,9.493482,1.0,0.055555556,1.0,,,1.0
3730,16.625717,1.0,0.0047393367,1.0,,,1.0
3731,11.31371,1.0,0.037037037,1.0,,,1.0
3732,26.254536,1.0,0.007194245,1.0,,,1.0
3733,47.869267,1.0,0.0054054055,1.0,,,1.0
3734,105.86188,1.0,0.0055710305,1.0,,,1.0
3735,99.134476,1.0,0.010309278,1.0,,,1.0
3736,14.968868,1.0,0.006849315,1.0,,,1.0
3737,42.41879,1.0,0.0125,1.0,,,1.0
3738,15.447093,1.0,0.0,1.0,,,1.0
3739,54.038498,1.0,0.0,1.0,,,1.0
3740,75.03355,1.0,0.0036363637,1.0,,,1.0
3741,38.605515,1.0,0.01,1.0,,,1.0
3742,77.65414,1.0,0.0,1.0,,,1.0
3743,7.557565,1.0,0.060606062,1.0,,,1.0
3744,8.621264,1.0,0.014285714,1.0,,,1.0
3745,30.323294,1.0,0.0,1.0,,,1.0
3746,6.0693197,1.0,0.0,1.0,,,1.0
3747,24.744331,1.0,0.025641026,1.0,,,1.0
3748,103.64353,1.0,0.009569378,1.0,,,1.0
3749,58.90594,1.0,0.0049261083,1.0,,,1.0
3750,13.154562,1.0,0.021052632,1.0,,,1.0
3751,4.8625884,1.0,0.005376344,1.0,,,1.0
3752,11.009965,1.0,0.0,1.0,,,1.0
3753,37.80578,1.0,0.0,1.0,,,1.0
3754,29.261364,1.0,0.010204081,1.0,,,1.0
3755,36.022503,1.0,0.011904762,1.0,,,1.0
3756,29.222048,1.0,0.0033333334,1.0,,,1.0
3757,7.6042366,1.0,0.0019762847,1.0,,,1.0
3758,10.696635,1.0,0.005586592,1.0,,,1.0
3759,15.640262,1.0,0.00591716,1.0,,,1.0
3760,10.980592,1.0,0.010989011,1.0,,,1.0
3761,14.960943,1.0,0.0,1.0,,,1.0
3762,19.631742,1.0,0.0,1.0,,,1.0
3763,68.09962,1.0,0.0,1.0,,,1.0
3764,45.81105,1.0,0.0,1.0,,,1.0
3765,42.433804,1.0,0.009433962,1.0,,,1.0
3766,13.307634,1.0,0.0,1.0,,,1.0
3767,36.89534,1.0,0.003984064,1.0,,,1.0
3768,50.300728,1.0,0.0,1.0,,,1.0
3769,48.97928,1.0,0.013245033,1.0,,,1.0
3770,30.300766,1.0,0.011627907,1.0,,,1.0
3771,8.195077,1.0,0.004608295,1.0,,,1.0
3772,49.830387,1.0,0.0050251256,1.0,,,1.0
3773,115.54238,1.0,0.0022883294,1.0,,,1.0
3774,26.67058,1.0,0.017391304,1.0,,,1.0
3775,29.836765,1.0,0.012658228,1.0,,,1.0
3776,58.42304,1.0,0.003773585,1.0,,,1.0
3777,20.080896,1.0,0.003690037,1.0,,,1.0
3778,31.183592,1.0,0.0,1.0,,,1.0
3779,6.5929785,1.0,0.0,1.0,,,1.0
3780,48.068512,1.0,0.008928572,1.0,,,1.0
3781,57.918507,1.0,0.0,1.0,,,1.0
3782,49.098423,1.0,0.014705882,1.0,,,1.0
3783,30.460304,1.0,0.011299435,1.0,,,1.0
3784,57.555965,1.0,0.012820513,1.0,,,1.0
3785,34.672173,1.0,0.006849315,1.0,,,1.0
3786,12.218997,1.0,0.004166667,1.0,,,1.0
3787,37.615612,1.0,0.0038240917,1.0,,,1.0
3788,15.570074,1.0,0.0038314175,1.0,,,1.0
3789,10.853316,1.0,0.0,1.0,,,1.0
3790,93.04912,1.0,0.01438849,1.0,,,1.0
3791,21.900784,1.0,0.006060606,1.0,,,1.0
3792,27.082186,1.0,0.0,1.0,,,1.0
3793,11.344694,1.0,0.0,1.0,,,1.0
3794,25.57826,1.0,0.005076142,1.0,,,1.0
3795,2.6588063,1.0,0.015384615,1.0,,,1.0
3796,16.487339,1.0,0.013071896,1.0,,,1.0
3797,49.504684,1.0,0.005988024,1.0,,,1.0
3798,29.399183,1.0,0.0062111802,1.0,,,1.0
3799,18.510439,1.0,0.0052083335,1.0,,,1.0
3800,35.326077,1.0,0.0041841003,1.0,,,1.0
3801,33.423164,1.0,0.011494253,1.0,,,1.0
3802,14.577487,1.0,0.016393442,1.0,,,1.0
3803,29.836765,1.0,0.013986014,1.0,,,1.0
3804,10.450737,1.0,0.011764706,1.0,,,1.0
3805,4.127383,1.0,0.008928572,1.0,,,1.0
3806,40.580776,1.0,0.0036231885,1.0,,,1.0
3807,7.3650675,1.0,0.009345794,1.0,,,1.0
3808,26.105045,1.0,0.009302326,1.0,,,1.0
3809,25.18133,1.0,0.013513514,1.0,,,1.0
3810,11.133394,1.0,0.0024813896,1.0,,,1.0
3811,43.869236,1.0,0.006451613,1.0,,,1.0
3812,20.451635,1.0,0.008474576,1.0,,,1.0
3813,56.591736,1.0,0.025,1.0,,,1.0
3814,57.42195,1.0,0.005376344,1.0,,,1.0
3815,16.862999,1.0,0.0,1.0,,,1.0
3816,18.601734,1.0,0.008928572,1.0,,,1.0
3817,82.545975,1.0,0.0051282053,1.0,,,1.0
3818,28.52808,1.0,0.0019417476,1.0,,,1.0
3819,15.594421,1.0,0.0,1.0,,,1.0
3820,98.70822,1.0,0.009009009,1.0,,,1.0
3821,10.157147,1.0,0.0057803467,1.0,,,1.0
3822,13.604647,1.0,0.0,1.0,,,1.0
3823,23.715256,1.0,0.0018621974,1.0,,,1.0
3824,9.248672,1.0,0.010752688,1.0,,,1.0
3825,41.959114,1.0,0.0035211267,1.0,,,1.0
3826,38.779144,1.0,0.0,1.0,,,1.0
3827,98.70822,1.0,0.005988024,1.0,,,1.0
3828,10.5111885,1.0,0.0,1.0,,,1.0
3829,48.22787,1.0,0.0059701493,1.0,,,1.0
3830,49.474697,1.0,0.013986014,1.0,,,1.0
3831,9.873276,1.0,0.0,1.0,,,1.0
3832,10.51722,1.0,0.0,1.0,,,1.0
3833,83.855774,1.0,0.007874016,1.0,,,1.0
3834,46.401623,1.0,0.0062305294,1.0,,,1.0
3835,17.593369,1.0,0.008130081,1.0,,,1.0
3836,5.1982517,1.0,0.0,1.0,,,1.0
3837,7.985372,1.0,0.0,1.0,,,1.0
3838,41.741543,1.0,0.004878049,1.0,,,1.0
3839,35.48768,1.0,0.027777778,1.0,,,1.0
3840,47.121517,1.0,0.007142857,1.0,,,1.0
3841,42.33811,1.0,0.0064935065,1.0,,,1.0
3842,87.21734,1.0,0.0,1.0,,,1.0
3843,34.97296,1.0,0.0031152647,1.0,,,1.0
3844,21.050339,1.0,0.013071896,1.0,,,1.0
3845,3.0146163,1.0,0.0,1.0,,,1.0
3846,76.14794,1.0,0.0053475937,1.0,,,1.0
3847,14.93514,1.0,0.004842615,1.0,,,1.0
3848,46.917625,1.0,0.001953125,1.0,,,1.0
3849,41.959114,1.0,0.0024096386,1.0,,,1.0
3850,58.774593,1.0,0.005037783,1.0,,,1.0
3851,106.25835,1.0,0.006968641,1.0,,,1.0
3852,9.50374,1.0,0.0019880715,1.0,,,1.0
3853,85.70176,1.0,0.011904762,1.0,,,1.0
3854,55.549763,1.0,0.004819277,1.0,,,1.0
3855,25.728254,1.0,0.00862069,1.0,,,1.0
3856,9.548949,1.0,0.0,1.0,,,1.0
3857,38.57827,1.0,0.0051150895,1.0,,,1.0
3858,5.64704,1.0,0.010869565,1.0,,,1.0
3859,78.72688,1.0,0.0,1.0,,,1.0
3860,16.851448,1.0,0.0056818184,1.0,,,1.0
3861,25.896713,1.0,0.0,1.0,,,1.0
3862,29.2801,1.0,0.008130081,1.0,,,1.0
3863,51.40445,1.0,0.00877193,1.0,,,1.0
3864,26.48901,1.0,0.0121951215,1.0,,,1.0
3865,31.90278,1.0,0.004,1.0,,,1.0
3866,21.765255,1.0,0.005449591,1.0,,,1.0
3867,51.027836,1.0,0.014285714,1.0,,,1.0
3868,2.9584377,1.0,0.0,1.0,,,1.0
3869,18.14726,1.0,0.04761905,1.0,,,1.0
3870,80.376945,1.0,0.004008016,1.0,,,1.0
3871,63.4572,1.0,0.006802721,1.0,,,1.0
3872,7.1456575,1.0,0.0,1.0,,,1.0
3873,26.741909,1.0,0.0,1.0,,,1.0
3874,9.261479,1.0,0.0054054055,1.0,,,1.0
3875,29.683321,1.0,0.002610966,1.0,,,1.0
3876,27.870028,1.0,0.0,1.0,,,1.0
3877,29.371069,1.0,0.006134969,1.0,,,1.0
3878,42.09108,1.0,0.010256411,1.0,,,1.0
3879,18.148666,1.0,0.0,1.0,,,1.0
3880,38.605515,1.0,0.006153846,1.0,,,1.0
3881,15.834674,1.0,0.0,1.0,,,1.0
3882,54.507668,1.0,0.0,1.0,,,1.0
3883,22.008106,1.0,0.02020202,1.0,,,1.0
3884,8.203207,1.0,0.0,1.0,,,1.0
3885,20.159172,1.0,0.0017035775,1.0,,,1.0
3886,8.344349,1.0,0.0065789474,1.0,,,1.0
3887,11.000984,1.0,0.0,1.0,,,1.0
3888,28.372871,1.0,0.011428571,1.0,,,1.0
3889,21.264977,1.0,0.009090909,1.0,,,1.0
3890,102.72474,1.0,0.004347826,1.0,,,1.0
3891,28.678,1.0,0.0030395137,1.0,,,1.0
3892,60.64076,1.0,0.0038314175,1.0,,,1.0
3893,2.3407395,1.0,0.0,1.0,,,1.0
3894,18.644426,1.0,0.0,1.0,,,1.0
3895,73.01899,1.0,0.020408163,1.0,,,1.0
3896,28.245121,1.0,0.0,1.0,,,1.0
3897,32.74942,1.0,0.00862069,1.0,,,1.0
3898,18.53049,1.0,0.007490637,1.0,,,1.0
3899,29.834888,1.0,0.007017544,1.0,,,1.0
3900,109.534454,1.0,0.005050505,1.0,,,1.0
3901,16.941963,1.0,0.010752688,1.0,,,1.0
3902,64.32761,1.0,0.012345679,1.0,,,1.0
3903,4.192502,1.0,0.0,1.0,,,1.0
3904,24.407019,1.0,0.006060606,1.0,,,1.0
3905,31.9625,1.0,0.007751938,1.0,,,1.0
3906,23.532372,1.0,0.0054945056,1.0,,,1.0
3907,6.3928094,1.0,0.05263158,1.0,,,1.0
3908,32.200317,1.0,0.004672897,1.0,,,1.0
3909,39.794476,1.0,0.0,1.0,,,1.0
3910,22.809608,1.0,0.026666667,1.0,,,1.0
3911,88.41924,1.0,0.0,1.0,,,1.0
3912,35.36286,1.0,0.0024271845,1.0,,,1.0
3913,1.341823,1.0,0.0,1.0,,,1.0
3914,14.225011,1.0,0.0064102565,1.0,,,1.0
3915,21.312826,1.0,0.011363637,1.0,,,1.0
3916,17.657516,1.0,0.016393442,1.0,,,1.0
3917,26.088243,1.0,0.0,1.0,,,1.0
3918,38.996548,1.0,0.013793103,1.0,,,1.0
3919,28.410452,1.0,0.0031545742,1.0,,,1.0
3920,72.048134,1.0,0.004651163,1.0,,,1.0
3921,32.979847,1.0,0.012048192,1.0,,,1.0
3922,25.778414,1.0,0.007633588,1.0,,,1.0
3923,8.995996,1.0,0.041666668,1.0,,,1.0
3924,6.495801,1.0,0.02631579,1.0,,,1.0
3925,29.574545,1.0,0.029850746,1.0,,,1.0
3926,28.370144,1.0,0.0,1.0,,,1.0
3927,57.51592,1.0,0.011299435,1.0,,,1.0
3928,78.61112,1.0,0.032786883,1.0,,,1.0
3929,10.123309,1.0,0.0,1.0,,,1.0
3930,18.53786,1.0,0.0,1.0,,,1.0
3931,34.019485,1.0,0.02739726,1.0,,,1.0
3932,38.000042,1.0,0.0055555557,1.0,,,1.0
3933,47.391773,1.0,0.011111111,1.0,,,1.0
3934,16.708004,1.0,0.009803922,1.0,,,1.0
3935,23.75543,1.0,0.009090909,1.0,,,1.0
3936,24.89132,1.0,0.009803922,1.0,,,1.0
3937,22.24801,1.0,0.016260162,1.0,,,1.0
3938,18.162094,1.0,0.00295858,1.0,,,1.0
3939,19.36942,1.0,0.002538071,1.0,,,1.0
3940,44.69185,1.0,0.007067138,1.0,,,1.0
3941,39.24241,1.0,0.012903226,1.0,,,1.0
3942,88.42269,1.0,0.01,1.0,,,1.0
3943,42.22715,1.0,0.0,1.0,,,1.0
3944,26.485447,1.0,0.015873017,1.0,,,1.0
3945,27.44557,1.0,0.03773585,1.0,,,1.0
3946,8.6673565,1.0,0.008130081,1.0,,,1.0
3947,17.42918,1.0,0.008583691,1.0,,,1.0
3948,23.935577,1.0,0.016260162,1.0,,,1.0
3949,10.578043,1.0,0.015384615,1.0,,,1.0
3950,15.698985,1.0,0.0066225166,1.0,,,1.0
3951,14.272099,1.0,0.018181818,1.0,,,1.0
3952,42.61605,1.0,0.0,1.0,,,1.0
3953,13.667544,1.0,0.0,1.0,,,1.0
3954,47.056965,1.0,0.010989011,1.0,,,1.0
3955,37.243046,1.0,0.011235955,1.0,,,1.0
3956,50.154434,1.0,0.011627907,1.0,,,1.0
3957,137.15147,1.0,0.0062695923,1.0,,,1.0
3958,25.886654,1.0,0.0,1.0,,,1.0
3959,10.449698,1.0,0.0,1.0,,,1.0
3960,34.672432,1.0,0.013605442,1.0,,,1.0
3961,21.414951,1.0,0.014084507,1.0,,,1.0
3962,19.563904,1.0,0.0,1.0,,,1.0
3963,60.52878,1.0,0.022222223,1.0,,,1.0
3964,26.326637,1.0,0.005235602,1.0,,,1.0
3965,40.31641,1.0,0.012820513,1.0,,,1.0
3966,30.927547,1.0,0.0,1.0,,,1.0
3967,39.596268,1.0,0.008658009,1.0,,,1.0
3968,35.51589,1.0,0.007518797,1.0,,,1.0
3969,35.480804,1.0,0.0051150895,1.0,,,1.0
3970,8.809432,1.0,0.025641026,1.0,,,1.0
3971,19.630527,1.0,0.0,1.0,,,1.0
3972,86.02153,1.0,0.016666668,1.0,,,1.0
3973,4.1646123,1.0,0.0024937657,1.0,,,1.0
3974,55.254353,1.0,0.009708738,1.0,,,1.0
3975,48.93671,1.0,0.007490637,1.0,,,1.0
3976,11.9744835,1.0,0.004830918,1.0,,,1.0
3977,76.92152,1.0,0.003267974,1.0,,,1.0
3978,15.670576,1.0,0.003787879,1.0,,,1.0
3979,104.04593,1.0,0.004405286,1.0,,,1.0
3980,25.965086,1.0,0.0,1.0,,,1.0
3981,20.42838,1.0,0.0,1.0,,,1.0
3982,3.6101692,1.0,0.0,1.0,,,1.0
3983,8.23454,1.0,0.018867925,1.0,,,1.0
3984,33.743164,1.0,0.016,1.0,,,1.0
3985,50.20582,1.0,0.008163265,1.0,,,1.0
3986,30.50774,1.0,0.008695652,1.0,,,1.0
3987,22.59423,1.0,0.03846154,1.0,,,1.0
3988,9.254248,1.0,0.0,1.0,,,1.0
3989,105.86188,1.0,0.0093896715,1.0,,,1.0
3990,47.869267,1.0,0.018348623,1.0,,,1.0
3991,33.519825,1.0,0.0,1.0,,,1.0
3992,10.453083,1.0,0.0,1.0,,,1.0
3993,55.052856,1.0,0.0047393367,1.0,,,1.0
3994,42.61605,1.0,0.0,1.0,,,1.0
3995,9.794545,1.0,0.003003003,1.0,,,1.0
3996,19.562376,1.0,0.02,1.0,,,1.0
3997,18.596783,1.0,0.006289308,1.0,,,1.0
3998,3.054765,1.0,0.0,1.0,,,1.0
3999,68.25846,1.0,0.0065789474,1.0,,,1.0
4000,51.027836,1.0,0.0056818184,1.0,,,1.0
4001,57.909126,1.0,0.0,1.0,,,1.0
4002,15.644454,1.0,0.006557377,1.0,,,1.0
4003,30.50774,1.0,0.0019646366,1.0,,,1.0
4004,102.05991,1.0,0.0036630037,1.0,,,1.0
4005,24.407019,1.0,0.027027028,1.0,,,1.0
4006,81.40033,1.0,0.006430868,1.0,,,1.0
4007,30.952517,1.0,0.0042735045,1.0,,,1.0
4008,11.133518,1.0,0.0061728396,1.0,,,1.0
4009,26.22103,1.0,0.009259259,1.0,,,1.0
4010,40.258747,1.0,0.0038535646,1.0,,,1.0
4011,29.709818,1.0,0.0037593986,1.0,,,1.0
4012,46.23511,1.0,0.0058479533,1.0,,,1.0
4013,50.617916,1.0,0.011764706,1.0,,,1.0
4014,17.45658,1.0,0.0063492064,1.0,,,1.0
4015,17.241955,1.0,0.009009009,1.0,,,1.0
4016,80.49888,1.0,0.0050125313,1.0,,,1.0
4017,23.26793,1.0,0.0,1.0,,,1.0
4018,20.563284,1.0,0.0,1.0,,,1.0
4019,64.06434,1.0,0.006024096,1.0,,,1.0
4020,33.526173,1.0,0.014084507,1.0,,,1.0
4021,33.007034,1.0,0.0,1.0,,,1.0
4022,5.9587226,1.0,0.0,1.0,,,1.0
4023,35.59902,1.0,0.008368201,1.0,,,1.0
4024,88.45813,1.0,0.013513514,1.0,,,1.0
4025,1.1523062,1.0,0.0012004802,1.0,,,1.0
4026,13.583273,1.0,0.0070422534,1.0,,,1.0
4027,33.175777,1.0,0.004454343,1.0,,,1.0
4028,64.11903,1.0,0.0,1.0,,,1.0
4029,49.927513,1.0,0.0,1.0,,,1.0
4030,17.457329,1.0,0.04,1.0,,,1.0
4031,89.91889,1.0,0.008733625,1.0,,,1.0
4032,10.547261,1.0,0.016666668,1.0,,,1.0
4033,35.513313,1.0,0.0,1.0,,,1.0
4034,26.48901,1.0,0.0028328612,1.0,,,1.0
4035,32.842327,1.0,0.0,1.0,,,1.0
4036,7.4803934,1.0,0.011976048,1.0,,,1.0
4037,40.818283,1.0,0.0,1.0,,,1.0
4038,11.82701,1.0,0.0,1.0,,,1.0
4039,43.2561,1.0,0.005376344,1.0,,,1.0
4040,25.543596,1.0,0.009345794,1.0,,,1.0
4041,40.560955,1.0,0.007168459,1.0,,,1.0
4042,32.97824,1.0,0.010638298,1.0,,,1.0
4043,6.0365276,1.0,0.0,1.0,,,1.0
4044,35.32081,1.0,0.00729927,1.0,,,1.0
4045,38.553482,1.0,0.0,1.0,,,1.0
4046,81.453354,1.0,0.0124223605,1.0,,,1.0
4047,33.189396,1.0,0.016528925,1.0,,,1.0
4048,12.978996,1.0,0.0030487804,1.0,,,1.0
4049,58.016228,1.0,0.005181347,1.0,,,1.0
4050,18.741688,1.0,0.0,1.0,,,1.0
4051,27.19665,1.0,0.0,1.0,,,1.0
4052,16.785627,1.0,0.0035460992,1.0,,,1.0
4053,51.891052,1.0,0.007782101,1.0,,,1.0
4054,13.213612,1.0,0.0,1.0,,,1.0
4055,9.465833,1.0,0.0,1.0,,,1.0
4056,11.676294,1.0,0.0,1.0,,,1.0
4057,10.5162,1.0,0.0,1.0,,,1.0
4058,28.283329,1.0,0.007936508,1.0,,,1.0
4059,16.748564,1.0,0.004255319,1.0,,,1.0
4060,41.959114,1.0,0.0077220076,1.0,,,1.0
4061,19.761812,1.0,0.022222223,1.0,,,1.0
4062,16.28633,1.0,0.0,1.0,,,1.0
4063,26.936724,1.0,0.0061728396,1.0,,,1.0
4064,5.4090037,1.0,0.0037313432,1.0,,,1.0
4065,69.68582,1.0,0.0,1.0,,,1.0
4066,59.164825,1.0,0.017857144,1.0,,,1.0
4067,71.65195,1.0,0.0124223605,1.0,,,1.0
4068,13.940593,1.0,0.013157895,1.0,,,1.0
4069,15.9191,1.0,0.033333335,1.0,,,1.0
4070,26.583462,1.0,0.010471204,1.0,,,1.0
4071,40.945526,1.0,0.0,1.0,,,1.0
4072,19.821333,1.0,0.0038461538,1.0,,,1.0
4073,58.016228,1.0,0.007874016,1.0,,,1.0
4074,22.008814,1.0,0.01980198,1.0,,,1.0
4075,34.979244,1.0,0.008064516,1.0,,,1.0
4076,0.5706024,1.0,0.0,1.0,,,1.0
4077,64.32761,1.0,0.012048192,1.0,,,1.0
4078,31.790745,1.0,0.015151516,1.0,,,1.0
4079,10.031765,1.0,0.006472492,1.0,,,1.0
4080,124.35362,1.0,0.010471204,1.0,,,1.0
4081,81.40033,1.0,0.009345794,1.0,,,1.0
4082,1.8386104,1.0,0.007352941,1.0,,,1.0
4083,26.673695,1.0,0.010309278,1.0,,,1.0
4084,47.056965,1.0,0.0125,1.0,,,1.0
4085,23.238667,1.0,0.0022573364,1.0,,,1.0
4086,73.504425,1.0,0.009302326,1.0,,,1.0
4087,57.57289,1.0,0.016528925,1.0,,,1.0
4088,27.457932,1.0,0.024390243,1.0,,,1.0
4089,13.677582,1.0,0.0,1.0,,,1.0
4090,55.130615,1.0,0.03846154,1.0,,,1.0
4091,5.7741723,1.0,0.0,1.0,,,1.0
4092,32.648952,1.0,0.008196721,1.0,,,1.0
4093,14.943771,1.0,0.003717472,1.0,,,1.0
4094,13.214611,1.0,0.022727273,1.0,,,1.0
4095,12.70078,1.0,0.0,1.0,,,1.0
4096,32.96143,1.0,0.011764706,1.0,,,1.0
4097,9.910228,1.0,0.0,1.0,,,1.0
4098,26.358833,1.0,0.0,1.0,,,1.0
4099,78.763336,1.0,0.017857144,1.0,,,1.0
4100,24.125977,1.0,0.0050251256,1.0,,,1.0
4101,36.96167,1.0,0.005291005,1.0,,,1.0
4102,43.57887,1.0,0.002770083,1.0,,,1.0
4103,81.19767,1.0,0.005291005,1.0,,,1.0
4104,22.211855,1.0,0.010050251,1.0,,,1.0
4105,30.288498,1.0,0.016393442,1.0,,,1.0
4106,4.484026,1.0,0.011494253,1.0,,,1.0
4107,114.3943,1.0,0.004524887,1.0,,,1.0
4108,5.178595,1.0,0.005952381,1.0,,,1.0
4109,18.178839,1.0,0.0068965517,1.0,,,1.0
4110,48.97928,1.0,0.0038535646,1.0,,,1.0
4111,87.74461,1.0,0.005235602,1.0,,,1.0
4112,18.596783,1.0,0.006557377,1.0,,,1.0
4113,36.605022,1.0,0.012048192,1.0,,,1.0
4114,41.509296,1.0,0.014925373,1.0,,,1.0
4115,26.931103,1.0,0.009433962,1.0,,,1.0
4116,54.59127,1.0,0.0,1.0,,,1.0
4117,43.9698,1.0,0.0,1.0,,,1.0
4118,105.86188,1.0,0.00456621,1.0,,,1.0
4119,30.398499,1.0,0.01923077,1.0,,,1.0
4120,73.267296,1.0,0.003921569,1.0,,,1.0
4121,6.69843,1.0,0.009708738,1.0,,,1.0
4122,2.7971401,1.0,0.010416667,1.0,,,1.0
4123,63.5304,1.0,0.006153846,1.0,,,1.0
4124,14.066003,1.0,0.00729927,1.0,,,1.0
4125,39.077213,1.0,0.0,1.0,,,1.0
4126,0.6843444,1.0,0.0,1.0,,,1.0
4127,37.760273,1.0,0.007518797,1.0,,,1.0
4128,20.078493,1.0,0.015151516,1.0,,,1.0
4129,36.261192,1.0,0.005586592,1.0,,,1.0
4130,2.875006,1.0,0.0,1.0,,,1.0
4131,16.373295,1.0,0.0044444446,1.0,,,1.0
4132,3.4198928,1.0,0.0,1.0,,,1.0
4133,56.67542,1.0,0.0057803467,1.0,,,1.0
4134,49.371346,1.0,0.0,1.0,,,1.0
4135,13.810226,1.0,0.0030395137,1.0,,,1.0
4136,18.226812,1.0,0.0,1.0,,,1.0
4137,10.2914295,1.0,0.0032258064,1.0,,,1.0
4138,29.222048,1.0,0.0,1.0,,,1.0
4139,57.767338,1.0,0.0,1.0,,,1.0
4140,36.6287,1.0,0.011627907,1.0,,,1.0
4141,55.66456,1.0,0.0041841003,1.0,,,1.0
4142,50.736324,1.0,0.013605442,1.0,,,1.0
4143,4.801583,1.0,0.0032786885,1.0,,,1.0
4144,89.88506,1.0,0.004494382,1.0,,,1.0
4145,62.8094,1.0,0.025641026,1.0,,,1.0
4146,18.64411,1.0,0.0,1.0,,,1.0
4147,10.264658,1.0,0.0,1.0,,,1.0
4148,48.02623,1.0,0.0054347827,1.0,,,1.0
4149,4.4681354,1.0,0.018867925,1.0,,,1.0
4150,50.44356,1.0,0.011494253,1.0,,,1.0
4151,57.788727,1.0,0.0061728396,1.0,,,1.0
4152,32.460873,1.0,0.0,1.0,,,1.0
4153,100.17136,1.0,0.0065789474,1.0,,,1.0
4154,69.43896,1.0,0.01459854,1.0,,,1.0
4155,64.32761,1.0,0.022988506,1.0,,,1.0
4156,66.769264,1.0,0.011627907,1.0,,,1.0
4157,56.778805,1.0,0.011049724,1.0,,,1.0
4158,40.887505,1.0,0.00877193,1.0,,,1.0
4159,42.433804,1.0,0.007874016,1.0,,,1.0
4160,16.443638,1.0,0.0,1.0,,,1.0
4161,8.255786,1.0,0.0074074073,1.0,,,1.0
4162,124.35362,1.0,0.0029325513,1.0,,,1.0
4163,57.555965,1.0,0.035714287,1.0,,,1.0
4164,56.005455,1.0,0.051282052,1.0,,,1.0
4165,8.01796,1.0,0.0,1.0,,,1.0
4166,38.605515,1.0,0.01369863,1.0,,,1.0
4167,15.772517,1.0,0.0,1.0,,,1.0
4168,18.206644,1.0,0.0125,1.0,,,1.0
4169,2.3948169,1.0,0.0068965517,1.0,,,1.0
4170,109.534454,1.0,0.006968641,1.0,,,1.0
4171,21.56107,1.0,0.0,1.0,,,1.0
4172,4.6927614,1.0,0.014492754,1.0,,,1.0
4173,11.341791,1.0,0.0,1.0,,,1.0
4174,24.536448,1.0,0.0032573289,1.0,,,1.0
4175,43.20567,1.0,0.0,1.0,,,1.0
4176,20.40353,1.0,0.0064102565,1.0,,,1.0
4177,33.63226,1.0,0.011363637,1.0,,,1.0
4178,3.6657069,1.0,0.0058479533,1.0,,,1.0
4179,26.105045,1.0,0.006369427,1.0,,,1.0
4180,50.20582,1.0,0.011976048,1.0,,,1.0
4181,23.282707,1.0,0.0124223605,1.0,,,1.0
4182,46.634182,1.0,0.008928572,1.0,,,1.0
4183,45.776028,1.0,0.0060975607,1.0,,,1.0
4184,46.33236,1.0,0.009803922,1.0,,,1.0
4185,6.1008773,1.0,0.0,1.0,,,1.0
4186,12.513767,1.0,0.0,1.0,,,1.0
4187,12.933343,1.0,0.0,1.0,,,1.0
4188,19.67453,1.0,0.007874016,1.0,,,1.0
4189,3.4896493,1.0,0.005509642,1.0,,,1.0
4190,102.88374,1.0,0.0047393367,1.0,,,1.0
4191,57.918507,1.0,0.0,1.0,,,1.0
4192,44.219784,1.0,0.0060975607,1.0,,,1.0
4193,99.97798,1.0,0.009615385,1.0,,,1.0
4194,9.631986,1.0,0.0,1.0,,,1.0
4195,32.48948,1.0,0.0,1.0,,,1.0
4196,78.47665,1.0,0.010989011,1.0,,,1.0
4197,19.68865,1.0,0.0053475937,1.0,,,1.0
4198,15.644454,1.0,0.0031347962,1.0,,,1.0
4199,74.48423,1.0,0.007518797,1.0,,,1.0
4200,125.9227,1.0,0.012048192,1.0,,,1.0
4201,33.504845,1.0,0.012048192,1.0,,,1.0
4202,17.966253,1.0,0.009708738,1.0,,,1.0
4203,14.956273,1.0,0.012345679,1.0,,,1.0
4204,49.10451,1.0,0.01010101,1.0,,,1.0
4205,17.039675,1.0,0.0,1.0,,,1.0
4206,17.474966,1.0,0.006644518,1.0,,,1.0
4207,29.944387,1.0,0.0053333333,1.0,,,1.0
4208,82.84713,1.0,0.00877193,1.0,,,1.0
4209,80.49888,1.0,0.005,1.0,,,1.0
4210,122.87542,1.0,0.0062695923,1.0,,,1.0
4211,112.43434,1.0,0.007751938,1.0,,,1.0
4212,24.404675,1.0,0.02020202,1.0,,,1.0
4213,55.581814,1.0,0.012658228,1.0,,,1.0
4214,26.67058,1.0,0.015037594,1.0,,,1.0
4215,35.419224,1.0,0.006993007,1.0,,,1.0
4216,9.962406,1.0,0.011235955,1.0,,,1.0
4217,32.51213,1.0,0.012269938,1.0,,,1.0
4218,10.139115,1.0,0.01754386,1.0,,,1.0
4219,29.928143,1.0,0.008510638,1.0,,,1.0
4220,15.570074,1.0,0.0060975607,1.0,,,1.0
4221,4.1542654,1.0,0.023529412,1.0,,,1.0
4222,22.157978,1.0,0.008130081,1.0,,,1.0
4223,29.79571,1.0,0.009433962,1.0,,,1.0
4224,64.06434,1.0,0.008888889,1.0,,,1.0
4225,27.008041,1.0,0.013888889,1.0,,,1.0
4226,18.450565,1.0,0.006472492,1.0,,,1.0
4227,14.0857315,1.0,0.01,1.0,,,1.0
4228,19.683836,1.0,0.0,1.0,,,1.0
4229,55.27203,1.0,0.008474576,1.0,,,1.0
4230,89.530876,1.0,0.0035714286,1.0,,,1.0
4231,14.844687,1.0,0.006289308,1.0,,,1.0
4232,8.859789,1.0,0.0116959065,1.0,,,1.0
4233,17.99455,1.0,0.0068965517,1.0,,,1.0
4234,39.670803,1.0,0.011299435,1.0,,,1.0
4235,23.26793,1.0,0.012987013,1.0,,,1.0
4236,5.039693,1.0,0.020618556,1.0,,,1.0
4237,52.905174,1.0,0.011904762,1.0,,,1.0
4238,44.630802,1.0,0.0076923077,1.0,,,1.0
4239,39.81936,1.0,0.01,1.0,,,1.0
4240,69.42076,1.0,0.008368201,1.0,,,1.0
4241,57.555965,1.0,0.003690037,1.0,,,1.0
4242,49.015846,1.0,0.003508772,1.0,,,1.0
4243,94.40702,1.0,0.017699115,1.0,,,1.0
4244,9.286369,1.0,0.006430868,1.0,,,1.0
4245,38.57827,1.0,0.0036363637,1.0,,,1.0
4246,4.6149864,1.0,0.0,1.0,,,1.0
4247,62.159447,1.0,0.016260162,1.0,,,1.0
4248,45.692894,1.0,0.0037950664,1.0,,,1.0
4249,68.78812,1.0,0.0063091484,1.0,,,1.0
4250,73.267296,1.0,0.016666668,1.0,,,1.0
4251,89.88506,1.0,0.006042296,1.0,,,1.0
4252,74.18345,1.0,0.008474576,1.0,,,1.0
4253,42.09108,1.0,0.0054347827,1.0,,,1.0
4254,117.691864,1.0,0.009615385,1.0,,,1.0
4255,37.09724,1.0,0.0042735045,1.0,,,1.0
4256,11.332186,1.0,0.0091743115,1.0,,,1.0
4257,30.882236,1.0,0.029850746,1.0,,,1.0
4258,38.605515,1.0,0.015748031,1.0,,,1.0
4259,34.89894,1.0,0.0,1.0,,,1.0
4260,19.761812,1.0,0.0,1.0,,,1.0
4261,31.4894,1.0,0.004672897,1.0,,,1.0
4262,11.019859,1.0,0.010526316,1.0,,,1.0
4263,15.433346,1.0,0.008658009,1.0,,,1.0
4264,11.118725,1.0,0.083333336,1.0,,,1.0
4265,14.2873955,1.0,0.010050251,1.0,,,1.0
4266,12.370679,1.0,0.0,1.0,,,1.0
4267,27.968794,1.0,0.00456621,1.0,,,1.0
4268,21.20057,1.0,0.0,1.0,,,1.0
4269,63.79785,1.0,0.0061728396,1.0,,,1.0
4270,29.574545,1.0,0.01369863,1.0,,,1.0
4271,21.320402,1.0,0.0,1.0,,,1.0
4272,9.644279,1.0,0.0,1.0,,,1.0
4273,5.339405,1.0,0.0,1.0,,,1.0
4274,17.692375,1.0,0.0031347962,1.0,,,1.0
4275,36.7077,1.0,0.0,1.0,,,1.0
4276,1.8240839,1.0,0.0,1.0,,,1.0
4277,86.18455,1.0,0.008810572,1.0,,,1.0
4278,10.203394,1.0,0.009756098,1.0,,,1.0
4279,33.230038,1.0,0.024390243,1.0,,,1.0
4280,79.519646,1.0,0.004282655,1.0,,,1.0
4281,48.629158,1.0,0.0063897762,1.0,,,1.0
4282,55.315052,1.0,0.021276595,1.0,,,1.0
4283,39.663345,1.0,0.0,1.0,,,1.0
4284,13.309431,1.0,0.0625,1.0,,,1.0
4285,8.503566,1.0,0.033898305,1.0,,,1.0
4286,85.39203,1.0,0.010362694,1.0,,,1.0
4287,30.421831,1.0,0.009756098,1.0,,,1.0
4288,37.820805,1.0,0.012658228,1.0,,,1.0
4289,26.590586,1.0,0.007434944,1.0,,,1.0
4290,49.648373,1.0,0.0037313432,1.0,,,1.0
4291,17.966253,1.0,0.0071174377,1.0,,,1.0
4292,15.181713,1.0,0.0,1.0,,,1.0
4293,50.617916,1.0,0.013333334,1.0,,,1.0
4294,29.085136,1.0,0.0,1.0,,,1.0
4295,74.25972,1.0,0.007194245,1.0,,,1.0
4296,57.10216,1.0,0.0,1.0,,,1.0
4297,7.7831817,1.0,0.015384615,1.0,,,1.0
4298,24.143202,1.0,0.0027855153,1.0,,,1.0
4299,25.34739,1.0,0.0,1.0,,,1.0
4300,17.371853,1.0,0.0,1.0,,,1.0
4301,27.515274,1.0,0.0093896715,1.0,,,1.0
4302,20.46048,1.0,0.0,1.0,,,1.0
4303,26.556396,1.0,0.01923077,1.0,,,1.0
4304,65.751656,1.0,0.0013175231,1.0,,,1.0
4305,29.55012,1.0,0.0045871558,1.0,,,1.0
4306,46.634182,1.0,0.0063091484,1.0,,,1.0
4307,68.1871,1.0,0.0045045046,1.0,,,1.0
4308,57.555965,1.0,0.008032128,1.0,,,1.0
4309,31.90278,1.0,0.012345679,1.0,,,1.0
4310,17.241955,1.0,0.006535948,1.0,,,1.0
4311,18.610048,1.0,0.004201681,1.0,,,1.0
4312,56.427536,1.0,0.014705882,1.0,,,1.0
4313,37.343773,1.0,0.007843138,1.0,,,1.0
4314,16.490858,1.0,0.0,1.0,,,1.0
4315,3.1921127,1.0,0.0,1.0,,,1.0
4316,25.258305,1.0,0.0,1.0,,,1.0
4317,32.40112,1.0,0.02,1.0,,,1.0
4318,69.440056,1.0,0.010526316,1.0,,,1.0
4319,15.819504,1.0,0.0,1.0,,,1.0
4320,3.6605642,1.0,0.0022779044,1.0,,,1.0
4321,19.506754,1.0,0.00754717,1.0,,,1.0
4322,29.79571,1.0,0.016666668,1.0,,,1.0
4323,14.7516775,1.0,0.0,1.0,,,1.0
4324,2.8936722,1.0,0.0,1.0,,,1.0
4325,50.85755,1.0,0.0032051282,1.0,,,1.0
4326,32.96296,1.0,0.015151516,1.0,,,1.0
4327,11.094608,1.0,0.0038314175,1.0,,,1.0
4328,26.623383,1.0,0.00243309,1.0,,,1.0
4329,21.65146,1.0,0.0,1.0,,,1.0
4330,66.525536,1.0,0.0018450185,1.0,,,1.0
4331,55.726704,1.0,0.0,1.0,,,1.0
4332,8.498866,1.0,0.0,1.0,,,1.0
4333,20.090929,1.0,0.0045454544,1.0,,,1.0
4334,11.812899,1.0,0.0,1.0,,,1.0
4335,2.8359272,1.0,0.0,1.0,,,1.0
4336,51.743202,1.0,0.005076142,1.0,,,1.0
4337,25.771612,1.0,0.0,1.0,,,1.0
4338,9.149314,1.0,0.0,1.0,,,1.0
4339,17.653147,1.0,0.0025510204,1.0,,,1.0
4340,7.528168,1.0,0.0068965517,1.0,,,1.0
4341,37.56037,1.0,0.0064102565,1.0,,,1.0
4342,67.00446,1.0,0.008,1.0,,,1.0
4343,19.605946,1.0,0.006369427,1.0,,,1.0
4344,23.061047,1.0,0.0,1.0,,,1.0
4345,22.185493,1.0,0.021276595,1.0,,,1.0
4346,64.022675,1.0,0.0,1.0,,,1.0
4347,17.333563,1.0,0.01,1.0,,,1.0
4348,45.663223,1.0,0.0,1.0,,,1.0
4349,21.148314,1.0,0.0,1.0,,,1.0
4350,22.317127,1.0,0.0,1.0,,,1.0
4351,47.497578,1.0,0.016949153,1.0,,,1.0
4352,53.83871,1.0,0.0045454544,1.0,,,1.0
4353,71.65195,1.0,0.004048583,1.0,,,1.0
4354,20.176226,1.0,0.05882353,1.0,,,1.0
4355,54.033077,1.0,0.00295858,1.0,,,1.0
4356,23.735628,1.0,0.006666667,1.0,,,1.0
4357,116.13675,1.0,0.0,1.0,,,1.0
4358,50.29413,1.0,0.01754386,1.0,,,1.0
4359,10.275392,1.0,0.0,1.0,,,1.0
4360,27.34589,1.0,0.010471204,1.0,,,1.0
4361,6.3874884,1.0,0.0020120724,1.0,,,1.0
4362,4.399034,1.0,0.0,1.0,,,1.0
4363,40.28621,1.0,0.013333334,1.0,,,1.0
4364,29.574545,1.0,0.01904762,1.0,,,1.0
4365,2.5577996,1.0,0.0,1.0,,,1.0
4366,42.8121,1.0,0.02173913,1.0,,,1.0
4367,9.274632,1.0,0.0,1.0,,,1.0
4368,85.39203,1.0,0.0037243948,1.0,,,1.0
4369,92.609,1.0,0.009302326,1.0,,,1.0
4370,21.414951,1.0,0.01010101,1.0,,,1.0
4371,14.500732,1.0,0.006060606,1.0,,,1.0
4372,9.556048,1.0,0.0,1.0,,,1.0
4373,27.008041,1.0,0.0038022813,1.0,,,1.0
4374,33.68018,1.0,0.015748031,1.0,,,1.0
4375,42.433804,1.0,0.002375297,1.0,,,1.0
4376,70.53568,1.0,0.010989011,1.0,,,1.0
4377,38.667484,1.0,0.0029239766,1.0,,,1.0
4378,44.19484,1.0,0.0063897762,1.0,,,1.0
4379,54.494526,1.0,0.010989011,1.0,,,1.0
4380,26.215775,1.0,0.004016064,1.0,,,1.0
4381,48.833973,1.0,0.00921659,1.0,,,1.0
4382,28.877544,1.0,0.015151516,1.0,,,1.0
4383,92.882454,1.0,0.01058201,1.0,,,1.0
4384,28.377846,1.0,0.0054644807,1.0,,,1.0
4385,31.527805,1.0,0.0,1.0,,,1.0
4386,11.975807,1.0,0.0,1.0,,,1.0
4387,26.49168,1.0,0.0,1.0,,,1.0
4388,19.50714,1.0,0.03125,1.0,,,1.0
4389,35.744644,1.0,0.0018214936,1.0,,,1.0
4390,83.9123,1.0,0.010928961,1.0,,,1.0
4391,24.011976,1.0,0.0,1.0,,,1.0
4392,28.763172,1.0,0.009478673,1.0,,,1.0
4393,9.62606,1.0,0.0025974025,1.0,,,1.0
4394,5.9104505,1.0,0.0,1.0,,,1.0
4395,70.53568,1.0,0.018691588,1.0,,,1.0
4396,61.797504,1.0,0.01,1.0,,,1.0
4397,21.994856,1.0,0.0,1.0,,,1.0
4398,29.312286,1.0,0.0,1.0,,,1.0
4399,17.241955,1.0,0.0099502485,1.0,,,1.0
4400,27.434822,1.0,0.017699115,1.0,,,1.0
4401,59.382378,1.0,0.013888889,1.0,,,1.0
4402,16.785555,1.0,0.0,1.0,,,1.0
4403,49.10451,1.0,0.005291005,1.0,,,1.0
4404,20.46048,1.0,0.0,1.0,,,1.0
4405,7.686653,1.0,0.0,1.0,,,1.0
4406,18.752657,1.0,0.0,1.0,,,1.0
4407,5.1631274,1.0,0.0,1.0,,,1.0
4408,11.8579855,1.0,0.030303031,1.0,,,1.0
4409,15.054717,1.0,0.0,1.0,,,1.0
4410,37.1636,1.0,0.01923077,1.0,,,1.0
4411,55.549763,1.0,0.0063492064,1.0,,,1.0
4412,16.183619,1.0,0.0,1.0,,,1.0
4413,112.43434,1.0,0.017391304,1.0,,,1.0
4414,30.443695,1.0,0.01,1.0,,,1.0
4415,29.806673,1.0,0.0,1.0,,,1.0
4416,16.539055,1.0,0.0050251256,1.0,,,1.0
4417,51.147472,1.0,0.016,1.0,,,1.0
4418,8.230326,1.0,0.014285714,1.0,,,1.0
4419,8.670141,1.0,0.0,1.0,,,1.0
4420,48.22787,1.0,0.006329114,1.0,,,1.0
4421,80.49888,1.0,0.014084507,1.0,,,1.0
4422,27.434822,1.0,0.0054945056,1.0,,,1.0
4423,75.9773,1.0,0.0067114094,1.0,,,1.0
4424,8.02361,1.0,0.0,1.0,,,1.0
4425,21.133986,1.0,0.0037593986,1.0,,,1.0
4426,67.00446,1.0,0.009852217,1.0,,,1.0
4427,19.073042,1.0,0.0,1.0,,,1.0
4428,34.455566,1.0,0.0042918455,1.0,,,1.0
4429,34.019485,1.0,0.01438849,1.0,,,1.0
4430,47.44271,1.0,0.007751938,1.0,,,1.0
4431,7.357517,1.0,0.0,1.0,,,1.0
4432,42.96001,1.0,0.010362694,1.0,,,1.0
4433,86.03912,1.0,0.0034602077,1.0,,,1.0
4434,32.76053,1.0,0.004405286,1.0,,,1.0
4435,46.23511,1.0,0.0025125628,1.0,,,1.0
4436,76.26888,1.0,0.012345679,1.0,,,1.0
4437,0.54542506,1.0,0.0,1.0,,,1.0
4438,27.641802,1.0,0.0055710305,1.0,,,1.0
4439,12.639575,1.0,0.0,1.0,,,1.0
4440,13.217668,1.0,0.0,1.0,,,1.0
4441,33.364864,1.0,0.024096385,1.0,,,1.0
4442,34.06485,1.0,0.0068259384,1.0,,,1.0
4443,65.50862,1.0,0.003929273,1.0,,,1.0
4444,31.064167,1.0,0.0,1.0,,,1.0
4445,1.4039365,1.0,0.0,1.0,,,1.0
4446,37.937656,1.0,0.025,1.0,,,1.0
4447,9.65194,1.0,0.015384615,1.0,,,1.0
4448,1.6375316,1.0,0.0,1.0,,,1.0
4449,17.192652,1.0,0.01923077,1.0,,,1.0
4450,3.2204907,1.0,0.008264462,1.0,,,1.0
4451,14.439361,1.0,0.011299435,1.0,,,1.0
4452,76.26888,1.0,0.0053050397,1.0,,,1.0
4453,50.27301,1.0,0.016949153,1.0,,,1.0
4454,59.05024,1.0,0.0020533882,1.0,,,1.0
4455,16.796589,1.0,0.011363637,1.0,,,1.0
4456,73.267296,1.0,0.003717472,1.0,,,1.0
4457,15.951155,1.0,0.01724138,1.0,,,1.0
4458,86.44912,1.0,0.005988024,1.0,,,1.0
4459,28.763172,1.0,0.00295858,1.0,,,1.0
4460,110.308365,1.0,0.039215688,1.0,,,1.0
4461,20.126028,1.0,0.0,1.0,,,1.0
4462,8.168271,1.0,0.0,1.0,,,1.0
4463,18.223118,1.0,0.02020202,1.0,,,1.0
4464,77.059265,1.0,0.0073260074,1.0,,,1.0
4465,13.539106,1.0,0.009345794,1.0,,,1.0
4466,28.966385,1.0,0.010526316,1.0,,,1.0
4467,47.65984,1.0,0.002967359,1.0,,,1.0
4468,35.49939,1.0,0.0,1.0,,,1.0
4469,12.825125,1.0,0.014084507,1.0,,,1.0
4470,42.599796,1.0,0.0033003301,1.0,,,1.0
4471,19.799633,1.0,0.0058139535,1.0,,,1.0
4472,60.758087,1.0,0.006666667,1.0,,,1.0
4473,33.776478,1.0,0.045454547,1.0,,,1.0
4474,22.535187,1.0,0.0,1.0,,,1.0
4475,40.84468,1.0,0.0037453184,1.0,,,1.0
4476,56.02844,1.0,0.007490637,1.0,,,1.0
4477,70.76439,1.0,0.018348623,1.0,,,1.0
4478,37.328815,1.0,0.0034129692,1.0,,,1.0
4479,78.2306,1.0,0.006666667,1.0,,,1.0
4480,64.06434,1.0,0.00990099,1.0,,,1.0
4481,23.80188,1.0,0.0,1.0,,,1.0
4482,30.013018,1.0,0.0,1.0,,,1.0
4483,12.215583,1.0,0.0,1.0,,,1.0
4484,57.09135,1.0,0.033898305,1.0,,,1.0
4485,25.57826,1.0,0.008810572,1.0,,,1.0
4486,60.70733,1.0,0.0074074073,1.0,,,1.0
4487,64.01263,1.0,0.003984064,1.0,,,1.0
4488,31.527805,1.0,0.0064935065,1.0,,,1.0
4489,30.952517,1.0,0.0069444445,1.0,,,1.0
4490,37.1636,1.0,0.009259259,1.0,,,1.0
4491,29.377665,1.0,0.007518797,1.0,,,1.0
4492,7.2802987,1.0,0.0,1.0,,,1.0
4493,36.617287,1.0,0.0033898305,1.0,,,1.0
4494,35.421356,1.0,0.005194805,1.0,,,1.0
4495,35.744644,1.0,0.006666667,1.0,,,1.0
4496,12.04891,1.0,0.0,1.0,,,1.0
4497,37.097908,1.0,0.00456621,1.0,,,1.0
4498,40.885918,1.0,0.013157895,1.0,,,1.0
4499,11.017487,1.0,0.0077220076,1.0,,,1.0
4500,11.931302,1.0,0.013333334,1.0,,,1.0
4501,81.13242,1.0,0.006849315,1.0,,,1.0
4502,63.177364,1.0,0.0,1.0,,,1.0
4503,29.421946,1.0,0.0,1.0,,,1.0
4504,80.376945,1.0,0.008298756,1.0,,,1.0
4505,29.261364,1.0,0.0,1.0,,,1.0
4506,16.814556,1.0,0.054054055,1.0,,,1.0
4507,3.6786335,1.0,0.0,1.0,,,1.0
4508,117.691864,1.0,0.00952381,1.0,,,1.0
4509,16.322353,1.0,0.02631579,1.0,,,1.0
4510,8.916566,1.0,0.01724138,1.0,,,1.0
4511,48.121075,1.0,0.0057142857,1.0,,,1.0
4512,19.031137,1.0,0.006329114,1.0,,,1.0
4513,33.687805,1.0,0.006289308,1.0,,,1.0
4514,10.288866,1.0,0.0,1.0,,,1.0
4515,18.809147,1.0,0.0,1.0,,,1.0
4516,20.709585,1.0,0.018867925,1.0,,,1.0
4517,66.80831,1.0,0.0,1.0,,,1.0
4518,32.63006,1.0,0.002617801,1.0,,,1.0
4519,38.6258,1.0,0.021505376,1.0,,,1.0
4520,42.433804,1.0,0.004524887,1.0,,,1.0
4521,37.81681,1.0,0.005235602,1.0,,,1.0
4522,7.6714206,1.0,0.0,1.0,,,1.0
4523,27.434822,1.0,0.0058479533,1.0,,,1.0
4524,14.956273,1.0,0.00990099,1.0,,,1.0
4525,55.614754,1.0,0.00877193,1.0,,,1.0
4526,21.857758,1.0,0.0058139535,1.0,,,1.0
4527,21.566593,1.0,0.0,1.0,,,1.0
4528,44.951385,1.0,0.007936508,1.0,,,1.0
4529,115.54238,1.0,0.014285714,1.0,,,1.0
4530,41.724583,1.0,0.006472492,1.0,,,1.0
4531,20.62119,1.0,0.037037037,1.0,,,1.0
4532,21.05285,1.0,0.005154639,1.0,,,1.0
4533,6.4793415,1.0,0.048780486,1.0,,,1.0
4534,6.9481807,1.0,0.041666668,1.0,,,1.0
4535,17.862709,1.0,0.0,1.0,,,1.0
4536,18.78345,1.0,0.0,1.0,,,1.0
4537,71.09825,1.0,0.007633588,1.0,,,1.0
4538,23.228024,1.0,0.016666668,1.0,,,1.0
4539,7.6042366,1.0,0.0,1.0,,,1.0
4540,16.941963,1.0,0.0,1.0,,,1.0
4541,17.80592,1.0,0.014084507,1.0,,,1.0
4542,86.234726,1.0,0.0068965517,1.0,,,1.0
4543,94.0619,1.0,0.0043956046,1.0,,,1.0
4544,21.657558,1.0,0.006756757,1.0,,,1.0
4545,18.752657,1.0,0.0,1.0,,,1.0
4546,27.968794,1.0,0.010471204,1.0,,,1.0
4547,103.32655,1.0,0.0034602077,1.0,,,1.0
4548,32.148567,1.0,0.0,1.0,,,1.0
4549,40.580776,1.0,0.014925373,1.0,,,1.0
4550,28.456558,1.0,0.0,1.0,,,1.0
4551,15.780169,1.0,0.024390243,1.0,,,1.0
4552,21.77913,1.0,0.0,1.0,,,1.0
4553,3.4364746,1.0,0.0064102565,1.0,,,1.0
4554,31.74974,1.0,0.0054054055,1.0,,,1.0
4555,54.431694,1.0,0.0,1.0,,,1.0
4556,36.74984,1.0,0.0076923077,1.0,,,1.0
4557,3.7090127,1.0,0.0,1.0,,,1.0
4558,25.412148,1.0,0.004608295,1.0,,,1.0
4559,38.02521,1.0,0.0043290043,1.0,,,1.0
4560,23.667639,1.0,0.008264462,1.0,,,1.0
4561,44.19484,1.0,0.004889976,1.0,,,1.0
4562,11.133903,1.0,0.007434944,1.0,,,1.0
4563,112.43434,1.0,0.0050125313,1.0,,,1.0
4564,76.26888,1.0,0.009708738,1.0,,,1.0
4565,49.071426,1.0,0.0035211267,1.0,,,1.0
4566,122.87542,1.0,0.004405286,1.0,,,1.0
4567,50.249947,1.0,0.0072202166,1.0,,,1.0
4568,45.215786,1.0,0.0,1.0,,,1.0
4569,44.738903,1.0,0.01010101,1.0,,,1.0
4570,17.94387,1.0,0.0,1.0,,,1.0
4571,64.06434,1.0,0.007782101,1.0,,,1.0
4572,85.54174,1.0,0.014814815,1.0,,,1.0
4573,29.509592,1.0,0.0,1.0,,,1.0
4574,20.738213,1.0,0.010309278,1.0,,,1.0
4575,37.328815,1.0,0.005263158,1.0,,,1.0
4576,53.428047,1.0,0.0072727273,1.0,,,1.0
4577,26.463684,1.0,0.0056497175,1.0,,,1.0
4578,7.4586225,1.0,0.012345679,1.0,,,1.0
4579,63.79785,1.0,0.022222223,1.0,,,1.0
4580,62.83131,1.0,0.005509642,1.0,,,1.0
4581,13.677582,1.0,0.013986014,1.0,,,1.0
4582,39.3993,1.0,0.0053475937,1.0,,,1.0
4583,20.40353,1.0,0.0032894737,1.0,,,1.0
4584,25.829971,1.0,0.0,1.0,,,1.0
4585,40.258747,1.0,0.025641026,1.0,,,1.0
4586,50.78977,1.0,0.0121951215,1.0,,,1.0
4587,86.611275,1.0,0.004338395,1.0,,,1.0
4588,1.431874,1.0,0.0,1.0,,,1.0
4589,20.25146,1.0,0.0050251256,1.0,,,1.0
4590,27.965487,1.0,0.0032894737,1.0,,,1.0
4591,96.03766,1.0,0.0,1.0,,,1.0
4592,18.53049,1.0,0.004878049,1.0,,,1.0
4593,18.079508,1.0,0.037037037,1.0,,,1.0
4594,68.77098,1.0,0.004784689,1.0,,,1.0
4595,12.754394,1.0,0.0,1.0,,,1.0
4596,8.602825,1.0,0.0,1.0,,,1.0
4597,10.031765,1.0,0.0032573289,1.0,,,1.0
4598,100.17136,1.0,0.003236246,1.0,,,1.0
4599,59.60921,1.0,0.0,1.0,,,1.0
4600,15.653671,1.0,0.012987013,1.0,,,1.0
4601,14.846326,1.0,0.0,1.0,,,1.0
4602,0.6380361,1.0,0.0,1.0,,,1.0
4603,14.285633,1.0,0.008,1.0,,,1.0
4604,16.851448,1.0,0.0046948357,1.0,,,1.0
4605,15.644454,1.0,0.0063091484,1.0,,,1.0
4606,45.798294,1.0,0.009708738,1.0,,,1.0
4607,70.53568,1.0,0.024691358,1.0,,,1.0
4608,19.799633,1.0,0.011764706,1.0,,,1.0
4609,28.918488,1.0,0.0,1.0,,,1.0
4610,30.882236,1.0,0.00877193,1.0,,,1.0
4611,50.277218,1.0,0.011235955,1.0,,,1.0
4612,39.596268,1.0,0.008658009,1.0,,,1.0
4613,41.39017,1.0,0.006666667,1.0,,,1.0
4614,92.376396,1.0,0.0036231885,1.0,,,1.0
4615,1.399943,1.0,0.0032258064,1.0,,,1.0
4616,13.077688,1.0,0.0,1.0,,,1.0
4617,51.460384,1.0,0.005988024,1.0,,,1.0
4618,3.0182042,1.0,0.0,1.0,,,1.0
4619,26.992071,1.0,0.0046296297,1.0,,,1.0
4620,4.2563667,1.0,0.0,1.0,,,1.0
4621,41.428894,1.0,0.011764706,1.0,,,1.0
4622,98.70822,1.0,0.02631579,1.0,,,1.0
4623,13.58487,1.0,0.0,1.0,,,1.0
4624,11.791333,1.0,0.01058201,1.0,,,1.0
4625,9.855348,1.0,0.02173913,1.0,,,1.0
4626,43.313755,1.0,0.0,1.0,,,1.0
4627,4.737549,1.0,0.0,1.0,,,1.0
4628,83.57953,1.0,0.010204081,1.0,,,1.0
4629,17.173595,1.0,0.0,1.0,,,1.0
4630,25.539497,1.0,0.018867925,1.0,,,1.0
4631,16.941963,1.0,0.008097166,1.0,,,1.0
4632,16.403889,1.0,0.0,1.0,,,1.0
4633,19.744022,1.0,0.028571429,1.0,,,1.0
4634,28.199574,1.0,0.012987013,1.0,,,1.0
4635,57.757755,1.0,0.0,1.0,,,1.0
4636,26.835497,1.0,0.0,1.0,,,1.0
4637,41.19437,1.0,0.007751938,1.0,,,1.0
4638,12.38902,1.0,0.0,1.0,,,1.0
4639,54.219826,1.0,0.014084507,1.0,,,1.0
4640,30.728693,1.0,0.0027855153,1.0,,,1.0
4641,22.008106,1.0,0.03448276,1.0,,,1.0
4642,42.039547,1.0,0.022727273,1.0,,,1.0
4643,14.448611,1.0,0.0,1.0,,,1.0
4644,37.615612,1.0,0.003960396,1.0,,,1.0
4645,26.80191,1.0,0.0,1.0,,,1.0
4646,10.369881,1.0,0.0,1.0,,,1.0
4647,91.68036,1.0,0.0055555557,1.0,,,1.0
4648,18.604836,1.0,0.007874016,1.0,,,1.0
4649,94.55113,1.0,0.014705882,1.0,,,1.0
4650,26.906616,1.0,0.0,1.0,,,1.0
4651,48.79064,1.0,0.007246377,1.0,,,1.0
4652,21.09312,1.0,0.010989011,1.0,,,1.0
4653,42.68453,1.0,0.0052083335,1.0,,,1.0
4654,35.09537,1.0,0.0,1.0,,,1.0
4655,25.57826,1.0,0.0,1.0,,,1.0
4656,2.75401,1.0,0.0019762847,1.0,,,1.0
4657,56.3599,1.0,0.013333334,1.0,,,1.0
4658,31.98157,1.0,0.009661836,1.0,,,1.0
4659,35.985096,1.0,0.0,1.0,,,1.0
4660,73.33548,1.0,0.00754717,1.0,,,1.0
4661,53.408028,1.0,0.00921659,1.0,,,1.0
4662,7.0341573,1.0,0.07692308,1.0,,,1.0
4663,39.077213,1.0,0.013986014,1.0,,,1.0
4664,56.425014,1.0,0.0,1.0,,,1.0
4665,10.108409,1.0,0.002004008,1.0,,,1.0
4666,13.994184,1.0,0.009756098,1.0,,,1.0
4667,9.745778,1.0,0.0,1.0,,,1.0
4668,40.885918,1.0,0.010309278,1.0,,,1.0
4669,11.31371,1.0,0.007246377,1.0,,,1.0
4670,43.430492,1.0,0.007067138,1.0,,,1.0
4671,32.081238,1.0,0.01369863,1.0,,,1.0
4672,32.932434,1.0,0.0,1.0,,,1.0
4673,40.23803,1.0,0.0065789474,1.0,,,1.0
4674,27.238966,1.0,0.006535948,1.0,,,1.0
4675,10.430222,1.0,0.0,1.0,,,1.0
4676,7.640641,1.0,0.05,1.0,,,1.0
4677,42.433804,1.0,0.011299435,1.0,,,1.0
4678,17.857367,1.0,0.0,1.0,,,1.0
4679,61.45962,1.0,0.013071896,1.0,,,1.0
4680,37.097908,1.0,0.0063492064,1.0,,,1.0
4681,29.293152,1.0,0.01369863,1.0,,,1.0
4682,27.416014,1.0,0.0070921984,1.0,,,1.0
4683,21.551468,1.0,0.00295858,1.0,,,1.0
4684,3.5902705,1.0,0.0,1.0,,,1.0
4685,93.79604,1.0,0.0,1.0,,,1.0
4686,31.174076,1.0,0.01369863,1.0,,,1.0
4687,16.999578,1.0,0.0051282053,1.0,,,1.0
4688,21.015255,1.0,0.0031948881,1.0,,,1.0
4689,46.978462,1.0,0.007633588,1.0,,,1.0
4690,8.652113,1.0,0.003773585,1.0,,,1.0
4691,19.05484,1.0,0.004784689,1.0,,,1.0
4692,16.268894,1.0,0.0,1.0,,,1.0
4693,34.676254,1.0,0.00990099,1.0,,,1.0
4694,90.554794,1.0,0.019417476,1.0,,,1.0
4695,8.192507,1.0,0.04255319,1.0,,,1.0
4696,99.15464,1.0,0.0,1.0,,,1.0
4697,26.941425,1.0,0.008333334,1.0,,,1.0
4698,51.82656,1.0,0.0039525693,1.0,,,1.0
4699,55.507927,1.0,0.011111111,1.0,,,1.0
4700,17.094687,1.0,0.009345794,1.0,,,1.0
4701,25.962488,1.0,0.018348623,1.0,,,1.0
4702,8.201224,1.0,0.0032573289,1.0,,,1.0
4703,99.924126,1.0,0.015384615,1.0,,,1.0
4704,2.6861126,1.0,0.0,1.0,,,1.0
4705,25.070675,1.0,0.0054054055,1.0,,,1.0
4706,64.11903,1.0,0.015384615,1.0,,,1.0
4707,80.49888,1.0,0.003937008,1.0,,,1.0
4708,32.081238,1.0,0.008264462,1.0,,,1.0
4709,8.801952,1.0,0.0,1.0,,,1.0
4710,60.758087,1.0,0.025316456,1.0,,,1.0
4711,34.94713,1.0,0.0,1.0,,,1.0
4712,66.43879,1.0,0.0,1.0,,,1.0
4713,33.16621,1.0,0.015151516,1.0,,,1.0
4714,78.09253,1.0,0.0064102565,1.0,,,1.0
4715,87.21102,1.0,0.0057803467,1.0,,,1.0
4716,61.159466,1.0,0.010471204,1.0,,,1.0
4717,14.294573,1.0,0.0040650405,1.0,,,1.0
4718,35.23551,1.0,0.0057142857,1.0,,,1.0
4719,27.566584,1.0,0.0034602077,1.0,,,1.0
4720,65.11482,1.0,0.0031055901,1.0,,,1.0
4721,16.475462,1.0,0.0058651026,1.0,,,1.0
4722,22.33582,1.0,0.030303031,1.0,,,1.0
4723,12.865076,1.0,0.0,1.0,,,1.0
4724,30.728693,1.0,0.006451613,1.0,,,1.0
4725,20.754004,1.0,0.016393442,1.0,,,1.0
4726,34.979244,1.0,0.005181347,1.0,,,1.0
4727,44.54079,1.0,0.0088495575,1.0,,,1.0
4728,22.087435,1.0,0.014705882,1.0,,,1.0
4729,69.440056,1.0,0.007352941,1.0,,,1.0
4730,3.3858423,1.0,0.007633588,1.0,,,1.0
4731,26.02016,1.0,0.0026385225,1.0,,,1.0
4732,2.3586326,1.0,0.003215434,1.0,,,1.0
4733,8.359934,1.0,0.0,1.0,,,1.0
4734,26.010574,1.0,0.0,1.0,,,1.0
4735,14.057926,1.0,0.006472492,1.0,,,1.0
4736,9.248672,1.0,0.016528925,1.0,,,1.0
4737,7.562172,1.0,0.046511628,1.0,,,1.0
4738,89.298325,1.0,0.0029498525,1.0,,,1.0
4739,6.089282,1.0,0.007142857,1.0,,,1.0
4740,124.35362,1.0,0.0030487804,1.0,,,1.0
4741,36.229965,1.0,0.0,1.0,,,1.0
4742,31.90278,1.0,0.01980198,1.0,,,1.0
4743,27.395947,1.0,0.11764706,1.0,,,1.0
4744,23.432644,1.0,0.00862069,1.0,,,1.0
4745,31.292372,1.0,0.0023809525,1.0,,,1.0
4746,33.63226,1.0,0.011363637,1.0,,,1.0
4747,15.466038,1.0,0.006451613,1.0,,,1.0
4748,40.0332,1.0,0.0049751243,1.0,,,1.0
4749,44.186485,1.0,0.017094018,1.0,,,1.0
4750,43.03516,1.0,0.008403362,1.0,,,1.0
4751,16.506775,1.0,0.00124533,1.0,,,1.0
4752,43.639072,1.0,0.0,1.0,,,1.0
4753,26.529806,1.0,0.0037950664,1.0,,,1.0
4754,2.1873715,1.0,0.0,1.0,,,1.0
4755,108.11063,1.0,0.012269938,1.0,,,1.0
4756,5.178595,1.0,0.0036363637,1.0,,,1.0
4757,41.791065,1.0,0.006849315,1.0,,,1.0
4758,23.869509,1.0,0.0,1.0,,,1.0
4759,51.696503,1.0,0.004166667,1.0,,,1.0
4760,23.532372,1.0,0.005952381,1.0,,,1.0
4761,47.018696,1.0,0.0029498525,1.0,,,1.0
4762,30.902964,1.0,0.016260162,1.0,,,1.0
4763,108.342125,1.0,0.0050251256,1.0,,,1.0
4764,29.381933,1.0,0.027027028,1.0,,,1.0
4765,17.424686,1.0,0.024390243,1.0,,,1.0
4766,23.00073,1.0,0.0,1.0,,,1.0
4767,23.805717,1.0,0.022222223,1.0,,,1.0
4768,24.44268,1.0,0.018518519,1.0,,,1.0
4769,25.20799,1.0,0.00990099,1.0,,,1.0
4770,7.2749157,1.0,0.05263158,1.0,,,1.0
4771,3.453421,1.0,0.008333334,1.0,,,1.0
4772,98.70822,1.0,0.019607844,1.0,,,1.0
4773,9.65194,1.0,0.008928572,1.0,,,1.0
4774,76.26888,1.0,0.013422819,1.0,,,1.0
4775,27.082186,1.0,0.0022675737,1.0,,,1.0
4776,21.024792,1.0,0.005076142,1.0,,,1.0
4777,8.583799,1.0,0.037037037,1.0,,,1.0
4778,23.995049,1.0,0.018518519,1.0,,,1.0
4779,9.83942,1.0,0.0044247787,1.0,,,1.0
4780,27.91127,1.0,0.009090909,1.0,,,1.0
4781,17.36989,1.0,0.0124223605,1.0,,,1.0
4782,33.19042,1.0,0.0,1.0,,,1.0
4783,82.95007,1.0,0.005376344,1.0,,,1.0
4784,60.60715,1.0,0.0,1.0,,,1.0
4785,19.215893,1.0,0.0,1.0,,,1.0
4786,9.617484,1.0,0.0088495575,1.0,,,1.0
4787,17.425755,1.0,0.0054054055,1.0,,,1.0
4788,106.50943,1.0,0.004750594,1.0,,,1.0
4789,42.121235,1.0,0.00729927,1.0,,,1.0
4790,14.225011,1.0,0.0,1.0,,,1.0
4791,42.447838,1.0,0.008163265,1.0,,,1.0
4792,9.554467,1.0,0.0,1.0,,,1.0
4793,31.292372,1.0,0.008928572,1.0,,,1.0
4794,94.55113,1.0,0.0088495575,1.0,,,1.0
4795,14.75162,1.0,0.0063091484,1.0,,,1.0
4796,29.400625,1.0,0.007936508,1.0,,,1.0
4797,10.563428,1.0,0.0,1.0,,,1.0
4798,55.27203,1.0,0.027777778,1.0,,,1.0
4799,32.74812,1.0,0.010416667,1.0,,,1.0
4800,95.84354,1.0,0.006451613,1.0,,,1.0
4801,34.568268,1.0,0.0,1.0,,,1.0
4802,100.17136,1.0,0.005882353,1.0,,,1.0
4803,45.94312,1.0,0.02247191,1.0,,,1.0
4804,87.15189,1.0,0.0076045627,1.0,,,1.0
4805,5.9437966,1.0,0.008130081,1.0,,,1.0
4806,104.55939,1.0,0.0056818184,1.0,,,1.0
4807,23.387144,1.0,0.0019230769,1.0,,,1.0
4808,13.68679,1.0,0.005050505,1.0,,,1.0
4809,117.691864,1.0,0.00456621,1.0,,,1.0
4810,3.3540676,1.0,0.006134969,1.0,,,1.0
4811,16.084032,1.0,0.0,1.0,,,1.0
4812,48.93671,1.0,0.008032128,1.0,,,1.0
4813,48.79062,1.0,0.004901961,1.0,,,1.0
4814,126.36123,1.0,0.0069204154,1.0,,,1.0
4815,80.45577,1.0,0.0076045627,1.0,,,1.0
4816,11.885226,1.0,0.0,1.0,,,1.0
4817,92.882454,1.0,0.0038610038,1.0,,,1.0
4818,10.183037,1.0,0.0,1.0,,,1.0
4819,38.96952,1.0,0.019417476,1.0,,,1.0
4820,6.4846416,1.0,0.05,1.0,,,1.0
4821,29.71264,1.0,0.0,1.0,,,1.0
4822,31.614967,1.0,0.0029239766,1.0,,,1.0
4823,45.253063,1.0,0.004385965,1.0,,,1.0
4824,48.48685,1.0,0.013157895,1.0,,,1.0
4825,11.55225,1.0,0.020833334,1.0,,,1.0
4826,59.60921,1.0,0.0065789474,1.0,,,1.0
4827,57.075314,1.0,0.007633588,1.0,,,1.0
4828,57.45109,1.0,0.005235602,1.0,,,1.0
4829,10.203394,1.0,0.0,1.0,,,1.0
4830,71.00416,1.0,0.0043572984,1.0,,,1.0
4831,70.53568,1.0,0.008064516,1.0,,,1.0
4832,30.802313,1.0,0.0055555557,1.0,,,1.0
4833,17.147804,1.0,0.0,1.0,,,1.0
4834,30.786213,1.0,0.010752688,1.0,,,1.0
4835,54.038498,1.0,0.0,1.0,,,1.0
4836,63.727287,1.0,0.016949153,1.0,,,1.0
4837,66.482666,1.0,0.0062111802,1.0,,,1.0
4838,48.91477,1.0,0.0041237115,1.0,,,1.0
4839,59.80664,1.0,0.009049774,1.0,,,1.0
4840,88.16907,1.0,0.003984064,1.0,,,1.0
4841,14.700169,1.0,0.022222223,1.0,,,1.0
4842,8.403913,1.0,0.005540166,1.0,,,1.0
4843,9.549855,1.0,0.0016155089,1.0,,,1.0
4844,46.044853,1.0,0.0,1.0,,,1.0
4845,28.814049,1.0,0.016528925,1.0,,,1.0
4846,5.1313314,1.0,0.004347826,1.0,,,1.0
4847,54.494526,1.0,0.016949153,1.0,,,1.0
4848,53.455734,1.0,0.008333334,1.0,,,1.0
4849,94.55113,1.0,0.007874016,1.0,,,1.0
4850,14.294573,1.0,0.016666668,1.0,,,1.0
4851,10.956667,1.0,0.0,1.0,,,1.0
4852,117.691864,1.0,0.0034129692,1.0,,,1.0
4853,22.170992,1.0,0.0044247787,1.0,,,1.0
4854,102.72474,1.0,0.007575758,1.0,,,1.0
4855,33.345943,1.0,0.004705882,1.0,,,1.0
4856,5.166971,1.0,0.006802721,1.0,,,1.0
4857,12.803954,1.0,0.0,1.0,,,1.0
4858,49.22563,1.0,0.003508772,1.0,,,1.0
4859,15.909304,1.0,0.0,1.0,,,1.0
4860,60.46111,1.0,0.005063291,1.0,,,1.0
4861,73.267296,1.0,0.005586592,1.0,,,1.0
4862,73.267296,1.0,0.0074626864,1.0,,,1.0
4863,46.902042,1.0,0.024691358,1.0,,,1.0
4864,15.74673,1.0,0.0,1.0,,,1.0
4865,56.425014,1.0,0.015873017,1.0,,,1.0
4866,26.215775,1.0,0.0038910506,1.0,,,1.0
4867,25.250355,1.0,0.004347826,1.0,,,1.0
4868,6.9490037,1.0,0.005181347,1.0,,,1.0
4869,36.595478,1.0,0.015873017,1.0,,,1.0
4870,66.481125,1.0,0.004310345,1.0,,,1.0
4871,29.421946,1.0,0.0054945056,1.0,,,1.0
4872,14.43659,1.0,0.006802721,1.0,,,1.0
4873,47.063587,1.0,0.011111111,1.0,,,1.0
4874,102.05991,1.0,0.003076923,1.0,,,1.0
4875,18.23244,1.0,0.006134969,1.0,,,1.0
4876,50.128735,1.0,0.0,1.0,,,1.0
4877,44.306957,1.0,0.0,1.0,,,1.0
4878,106.36559,1.0,0.0035650623,1.0,,,1.0
4879,21.05285,1.0,0.0,1.0,,,1.0
4880,2.8670049,1.0,0.0,1.0,,,1.0
4881,71.00416,1.0,0.0068259384,1.0,,,1.0
4882,23.835718,1.0,0.022988506,1.0,,,1.0
4883,12.7195215,1.0,0.0,1.0,,,1.0
4884,15.596933,1.0,0.0,1.0,,,1.0
4885,7.087714,1.0,0.0,1.0,,,1.0
4886,58.928974,1.0,0.008130081,1.0,,,1.0
4887,34.806614,1.0,0.005524862,1.0,,,1.0
4888,23.861872,1.0,0.041666668,1.0,,,1.0
4889,46.661373,1.0,0.007936508,1.0,,,1.0
4890,11.90858,1.0,0.016393442,1.0,,,1.0
4891,100.17136,1.0,0.013513514,1.0,,,1.0
4892,11.799269,1.0,0.0,1.0,,,1.0
4893,32.648952,1.0,0.018181818,1.0,,,1.0
4894,25.666985,1.0,0.013333334,1.0,,,1.0
4895,57.555965,1.0,0.004255319,1.0,,,1.0
4896,109.534454,1.0,0.0,1.0,,,1.0
4897,50.556976,1.0,0.0,1.0,,,1.0
4898,18.248724,1.0,0.0,1.0,,,1.0
4899,69.72549,1.0,0.005376344,1.0,,,1.0
4900,33.95981,1.0,0.015625,1.0,,,1.0
4901,29.670721,1.0,0.007751938,1.0,,,1.0
4902,46.002415,1.0,0.012987013,1.0,,,1.0
4903,22.24801,1.0,0.016666668,1.0,,,1.0
4904,17.363787,1.0,0.003937008,1.0,,,1.0
4905,10.447551,1.0,0.0,1.0,,,1.0
4906,21.986849,1.0,0.03846154,1.0,,,1.0
4907,44.69185,1.0,0.007017544,1.0,,,1.0
4908,38.20176,1.0,0.0,1.0,,,1.0
4909,39.310253,1.0,0.006535948,1.0,,,1.0
4910,57.282772,1.0,0.0,1.0,,,1.0
4911,33.658276,1.0,0.00877193,1.0,,,1.0
4912,76.96835,1.0,0.0076045627,1.0,,,1.0
4913,40.459732,1.0,0.0,1.0,,,1.0
4914,14.757354,1.0,0.0,1.0,,,1.0
4915,24.081892,1.0,0.015873017,1.0,,,1.0
4916,117.691864,1.0,0.004008016,1.0,,,1.0
4917,100.17136,1.0,0.0056657223,1.0,,,1.0
4918,15.447664,1.0,0.0,1.0,,,1.0
4919,19.024103,1.0,0.0,1.0,,,1.0
4920,55.581814,1.0,0.008810572,1.0,,,1.0
4921,25.939163,1.0,0.0,1.0,,,1.0
4922,30.421831,1.0,0.013793103,1.0,,,1.0
4923,18.675732,1.0,0.009708738,1.0,,,1.0
4924,71.06609,1.0,0.0,1.0,,,1.0
4925,74.01808,1.0,0.01438849,1.0,,,1.0
4926,88.882866,1.0,0.0070921984,1.0,,,1.0
4927,33.367817,1.0,0.01724138,1.0,,,1.0
4928,31.174076,1.0,0.0056818184,1.0,,,1.0
4929,102.88374,1.0,0.0088495575,1.0,,,1.0
4930,23.065699,1.0,0.006779661,1.0,,,1.0
4931,44.219784,1.0,0.0,1.0,,,1.0
4932,60.46111,1.0,0.007490637,1.0,,,1.0
4933,40.69658,1.0,0.016666668,1.0,,,1.0
4934,11.949747,1.0,0.004878049,1.0,,,1.0
4935,41.44531,1.0,0.0039525693,1.0,,,1.0
4936,26.055458,1.0,0.0062111802,1.0,,,1.0
4937,19.309465,1.0,0.0,1.0,,,1.0
4938,75.51869,1.0,0.011560693,1.0,,,1.0
4939,5.4907374,1.0,0.0,1.0,,,1.0
4940,15.9191,1.0,0.008333334,1.0,,,1.0
4941,12.021539,1.0,0.0,1.0,,,1.0
4942,48.79062,1.0,0.0076045627,1.0,,,1.0
4943,117.691864,1.0,0.005050505,1.0,,,1.0
4944,32.561844,1.0,0.0051020407,1.0,,,1.0
4945,60.259483,1.0,0.0038022813,1.0,,,1.0
4946,40.240288,1.0,0.009049774,1.0,,,1.0
4947,20.660381,1.0,0.015384615,1.0,,,1.0
4948,49.489002,1.0,0.012121212,1.0,,,1.0
4949,27.178705,1.0,0.028169014,1.0,,,1.0
4950,49.409527,1.0,0.0,1.0,,,1.0
4951,21.201595,1.0,0.0067114094,1.0,,,1.0
4952,41.959114,1.0,0.004878049,1.0,,,1.0
4953,89.88506,1.0,0.013888889,1.0,,,1.0
4954,3.3341177,1.0,0.0,1.0,,,1.0
4955,87.21102,1.0,0.015151516,1.0,,,1.0
4956,8.966828,1.0,0.017699115,1.0,,,1.0
4957,47.042557,1.0,0.0,1.0,,,1.0
4958,16.666504,1.0,0.00913242,1.0,,,1.0
4959,51.027836,1.0,0.01,1.0,,,1.0
4960,25.667421,1.0,0.0,1.0,,,1.0
4961,28.04086,1.0,0.004016064,1.0,,,1.0
4962,25.417427,1.0,0.0032786885,1.0,,,1.0
4963,9.988488,1.0,0.0,1.0,,,1.0
4964,19.260862,1.0,0.0,1.0,,,1.0
4965,20.40353,1.0,0.0,1.0,,,1.0
4966,7.9787407,1.0,0.0,1.0,,,1.0
4967,15.497237,1.0,0.0038834952,1.0,,,1.0
4968,137.15147,1.0,0.005540166,1.0,,,1.0
4969,19.956816,1.0,0.0,1.0,,,1.0
4970,6.736337,1.0,0.0,1.0,,,1.0
4971,42.394215,1.0,0.0,1.0,,,1.0
4972,24.990395,1.0,0.005221932,1.0,,,1.0
4973,20.905525,1.0,0.0,1.0,,,1.0
4974,98.70822,1.0,0.009615385,1.0,,,1.0
4975,49.250523,1.0,0.008333334,1.0,,,1.0
4976,63.72106,1.0,0.0,1.0,,,1.0
4977,42.433804,1.0,0.00877193,1.0,,,1.0
4978,16.766779,1.0,0.0,1.0,,,1.0
4979,16.93822,1.0,0.0,1.0,,,1.0
4980,32.420284,1.0,0.01724138,1.0,,,1.0
4981,29.348307,1.0,0.0,1.0,,,1.0
4982,56.02844,1.0,0.006557377,1.0,,,1.0
4983,51.433937,1.0,0.0076045627,1.0,,,1.0
4984,15.295147,1.0,0.007380074,1.0,,,1.0
4985,20.451534,1.0,0.024096385,1.0,,,1.0
4986,22.453001,1.0,0.005263158,1.0,,,1.0
4987,36.261192,1.0,0.005194805,1.0,,,1.0
4988,26.936724,1.0,0.006993007,1.0,,,1.0
4989,34.061607,1.0,0.00591716,1.0,,,1.0
4990,82.19594,1.0,0.0044444446,1.0,,,1.0
4991,14.892008,1.0,0.0,1.0,,,1.0
4992,16.560892,1.0,0.020618556,1.0,,,1.0
4993,9.882735,1.0,0.0,1.0,,,1.0
4994,14.811352,1.0,0.0,1.0,,,1.0
4995,40.401066,1.0,0.025974026,1.0,,,1.0
4996,58.016228,1.0,0.0,1.0,,,1.0
4997,17.877071,1.0,0.007633588,1.0,,,1.0
4998,30.583364,1.0,0.0018214936,1.0,,,1.0
4999,38.20176,1.0,0.015151516,1.0,,,1.0
5000,63.247498,1.0,0.003921569,1.0,,,1.0
5001,19.498663,1.0,0.0,1.0,,,1.0
5002,27.666235,1.0,0.007194245,1.0,,,1.0
5003,40.057266,1.0,0.011976048,1.0,,,1.0
5004,23.234327,1.0,0.0054347827,1.0,,,1.0
5005,49.48252,1.0,0.0,1.0,,,1.0
5006,3.3329914,1.0,0.0,1.0,,,1.0
5007,66.80831,1.0,0.003236246,1.0,,,1.0
5008,32.355953,1.0,0.008403362,1.0,,,1.0
5009,17.966253,1.0,0.006779661,1.0,,,1.0
5010,11.069963,1.0,0.0,1.0,,,1.0
5011,48.068512,1.0,0.006557377,1.0,,,1.0
5012,25.015917,1.0,0.0038314175,1.0,,,1.0
5013,42.04666,1.0,0.013986014,1.0,,,1.0
5014,76.26888,1.0,0.014925373,1.0,,,1.0
5015,12.421825,1.0,0.0,1.0,,,1.0
5016,16.907969,1.0,0.008403362,1.0,,,1.0
5017,10.378113,1.0,0.021276595,1.0,,,1.0
5018,80.49888,1.0,0.0049875313,1.0,,,1.0
5019,11.176903,1.0,0.020408163,1.0,,,1.0
5020,27.555805,1.0,0.0,1.0,,,1.0
5021,68.17176,1.0,0.02739726,1.0,,,1.0
5022,19.715597,1.0,0.025641026,1.0,,,1.0
5023,6.817031,1.0,0.0,1.0,,,1.0
5024,29.616846,1.0,0.006289308,1.0,,,1.0
5025,32.648952,1.0,0.009049774,1.0,,,1.0
5026,55.82813,1.0,0.0,1.0,,,1.0
5027,64.83706,1.0,0.010752688,1.0,,,1.0
5028,19.733622,1.0,0.024691358,1.0,,,1.0
5029,8.845348,1.0,0.0011376564,1.0,,,1.0
5030,60.33253,1.0,0.006060606,1.0,,,1.0
5031,38.97548,1.0,0.0,1.0,,,1.0
5032,7.782147,1.0,0.009302326,1.0,,,1.0
5033,38.605515,1.0,0.017391304,1.0,,,1.0
5034,50.154015,1.0,0.014705882,1.0,,,1.0
5035,14.91896,1.0,0.004385965,1.0,,,1.0
5036,58.66309,1.0,0.020408163,1.0,,,1.0
5037,23.168713,1.0,0.0,1.0,,,1.0
5038,7.782147,1.0,0.027777778,1.0,,,1.0
5039,33.162586,1.0,0.0,1.0,,,1.0
5040,1.2272158,1.0,0.002967359,1.0,,,1.0
5041,39.850513,1.0,0.0070422534,1.0,,,1.0
5042,17.246632,1.0,0.0057803467,1.0,,,1.0
5043,12.9007635,1.0,0.0064935065,1.0,,,1.0
5044,31.428375,1.0,0.017391304,1.0,,,1.0
5045,51.34904,1.0,0.0053475937,1.0,,,1.0
5046,15.61093,1.0,0.008064516,1.0,,,1.0
5047,85.521225,1.0,0.014705882,1.0,,,1.0
5048,29.836765,1.0,0.0025445293,1.0,,,1.0
5049,9.137196,1.0,0.014705882,1.0,,,1.0
5050,20.619097,1.0,0.013605442,1.0,,,1.0
5051,24.385174,1.0,0.014084507,1.0,,,1.0
5052,27.416014,1.0,0.003649635,1.0,,,1.0
5053,36.896614,1.0,0.010526316,1.0,,,1.0
5054,46.32421,1.0,0.009756098,1.0,,,1.0
5055,17.221462,1.0,0.006060606,1.0,,,1.0
5056,107.54991,1.0,0.03508772,1.0,,,1.0
5057,47.07799,1.0,0.025641026,1.0,,,1.0
5058,33.58656,1.0,0.008130081,1.0,,,1.0
5059,137.15147,1.0,0.015384615,1.0,,,1.0
5060,10.621652,1.0,0.0038910506,1.0,,,1.0
5061,17.680567,1.0,0.0,1.0,,,1.0
5062,92.882454,1.0,0.0078125,1.0,,,1.0
5063,27.416014,1.0,0.0028818443,1.0,,,1.0
5064,5.4375687,1.0,0.0,1.0,,,1.0
5065,44.186485,1.0,0.013333334,1.0,,,1.0
5066,13.154562,1.0,0.018691588,1.0,,,1.0
5067,6.545412,1.0,0.0,1.0,,,1.0
5068,10.298828,1.0,0.0,1.0,,,1.0
5069,35.814083,1.0,0.032786883,1.0,,,1.0
5070,115.54238,1.0,0.0074074073,1.0,,,1.0
5071,61.48891,1.0,0.0054054055,1.0,,,1.0
5072,19.55218,1.0,0.028571429,1.0,,,1.0
5073,94.27873,1.0,0.007194245,1.0,,,1.0
5074,4.8670754,1.0,0.0,1.0,,,1.0
5075,56.774063,1.0,0.0078125,1.0,,,1.0
5076,30.029192,1.0,0.0,1.0,,,1.0
5077,24.326588,1.0,0.0,1.0,,,1.0
5078,37.615612,1.0,0.003937008,1.0,,,1.0
5079,40.580776,1.0,0.008,1.0,,,1.0
5080,8.814303,1.0,0.010256411,1.0,,,1.0
5081,7.9166527,1.0,0.0,1.0,,,1.0
5082,41.428894,1.0,0.0054945056,1.0,,,1.0
5083,81.40033,1.0,0.011235955,1.0,,,1.0
5084,66.791336,1.0,0.0,1.0,,,1.0
5085,40.351784,1.0,0.0062111802,1.0,,,1.0
5086,20.133015,1.0,0.0038022813,1.0,,,1.0
5087,53.51324,1.0,0.010526316,1.0,,,1.0
5088,33.534218,1.0,0.014492754,1.0,,,1.0
5089,44.184242,1.0,0.0,1.0,,,1.0
5090,112.43434,1.0,0.0036363637,1.0,,,1.0
5091,57.155567,1.0,0.008403362,1.0,,,1.0
5092,3.3596768,1.0,0.0,1.0,,,1.0
5093,18.567024,1.0,0.0041841003,1.0,,,1.0
5094,17.502083,1.0,0.0,1.0,,,1.0
5095,20.379189,1.0,0.018348623,1.0,,,1.0
5096,77.64702,1.0,0.0063492064,1.0,,,1.0
5097,21.95603,1.0,0.007017544,1.0,,,1.0
5098,9.457529,1.0,0.0,1.0,,,1.0
5099,5.376464,1.0,0.0,1.0,,,1.0
5100,7.0112696,1.0,0.0034364262,1.0,,,1.0
5101,3.6534865,1.0,0.010526316,1.0,,,1.0
5102,54.970505,1.0,0.006024096,1.0,,,1.0
5103,6.3097258,1.0,0.015151516,1.0,,,1.0
5104,37.94156,1.0,0.0,1.0,,,1.0
5105,28.241714,1.0,0.0,1.0,,,1.0
5106,8.025682,1.0,0.0018903592,1.0,,,1.0
5107,25.55291,1.0,0.0,1.0,,,1.0
5108,26.279182,1.0,0.008333334,1.0,,,1.0
5109,79.39193,1.0,0.010869565,1.0,,,1.0
5110,78.47665,1.0,0.0032258064,1.0,,,1.0
5111,53.86719,1.0,0.0,1.0,,,1.0
5112,4.928437,1.0,0.0022988506,1.0,,,1.0
5113,51.25193,1.0,0.0049751243,1.0,,,1.0
5114,62.159447,1.0,0.014492754,1.0,,,1.0
5115,24.494076,1.0,0.0091743115,1.0,,,1.0
5116,8.851355,1.0,0.0,1.0,,,1.0
5117,4.69217,1.0,0.016949153,1.0,,,1.0
5118,19.035389,1.0,0.0,1.0,,,1.0
5119,1.4488715,1.0,0.012345679,1.0,,,1.0
5120,13.870851,1.0,0.0,1.0,,,1.0
5121,9.948347,1.0,0.0,1.0,,,1.0
5122,29.011908,1.0,0.014492754,1.0,,,1.0
5123,9.97162,1.0,0.0,1.0,,,1.0
5124,37.94156,1.0,0.0,1.0,,,1.0
5125,49.880768,1.0,0.0,1.0,,,1.0
5126,1.5108215,1.0,0.0,1.0,,,1.0
5127,7.6143093,1.0,0.0,1.0,,,1.0
5128,17.75629,1.0,0.012738854,1.0,,,1.0
5129,8.857865,1.0,0.0032467532,1.0,,,1.0
5130,10.88707,1.0,0.0,1.0,,,1.0
5131,13.867673,1.0,0.0054945056,1.0,,,1.0
5132,4.7991323,1.0,0.0,1.0,,,1.0
5133,8.889789,1.0,0.0,1.0,,,1.0
5134,78.72688,1.0,0.005,1.0,,,1.0
5135,112.21493,1.0,0.007662835,1.0,,,1.0
5136,7.22423,1.0,0.018348623,1.0,,,1.0
5137,48.470898,1.0,0.004854369,1.0,,,1.0
5138,17.593369,1.0,0.008928572,1.0,,,1.0
5139,17.936409,1.0,0.0058139535,1.0,,,1.0
5140,76.92152,1.0,0.013157895,1.0,,,1.0
5141,4.6297193,1.0,0.003058104,1.0,,,1.0
5142,14.771316,1.0,0.0,1.0,,,1.0
5143,42.160213,1.0,0.0,1.0,,,1.0
5144,11.929017,1.0,0.0,1.0,,,1.0
5145,4.006612,1.0,0.013333334,1.0,,,1.0
5146,5.56618,1.0,0.0,1.0,,,1.0
5147,36.050312,1.0,0.0,1.0,,,1.0
5148,16.10021,1.0,0.0,1.0,,,1.0
5149,36.939754,1.0,0.0,1.0,,,1.0
5150,39.15433,1.0,0.0057306592,1.0,,,1.0
5151,29.806673,1.0,0.008368201,1.0,,,1.0
5152,24.046642,1.0,0.0,1.0,,,1.0
5153,20.729706,1.0,0.0,1.0,,,1.0
5154,21.65146,1.0,0.00877193,1.0,,,1.0
5155,19.992165,1.0,0.0049751243,1.0,,,1.0
5156,2.4704077,1.0,0.0,1.0,,,1.0
5157,59.80664,1.0,0.017094018,1.0,,,1.0
5158,61.61508,1.0,0.007633588,1.0,,,1.0
5159,30.05534,1.0,0.019607844,1.0,,,1.0
5160,56.005455,1.0,0.007067138,1.0,,,1.0
5161,20.729706,1.0,0.007874016,1.0,,,1.0
5162,31.772236,1.0,0.0064102565,1.0,,,1.0
5163,29.50345,1.0,0.0,1.0,,,1.0
5164,46.32421,1.0,0.009433962,1.0,,,1.0
5165,25.829971,1.0,0.008333334,1.0,,,1.0
5166,25.363647,1.0,0.017699115,1.0,,,1.0
5167,12.459053,1.0,0.013157895,1.0,,,1.0
5168,34.591675,1.0,0.0070422534,1.0,,,1.0
5169,3.3858423,1.0,0.0,1.0,,,1.0
5170,12.079791,1.0,0.0,1.0,,,1.0
5171,19.673626,1.0,0.0065789474,1.0,,,1.0
5172,9.134143,1.0,0.0,1.0,,,1.0
5173,9.556048,1.0,0.0037453184,1.0,,,1.0
5174,50.85755,1.0,0.0057142857,1.0,,,1.0
5175,55.27203,1.0,0.029411765,1.0,,,1.0
5176,6.4608936,1.0,0.0,1.0,,,1.0
5177,52.54086,1.0,0.015625,1.0,,,1.0
5178,56.425014,1.0,0.0057471264,1.0,,,1.0
5179,24.143202,1.0,0.00990099,1.0,,,1.0
5180,13.2628975,1.0,0.0,1.0,,,1.0
5181,27.404234,1.0,0.023255814,1.0,,,1.0
5182,14.164524,1.0,0.0,1.0,,,1.0
5183,18.684902,1.0,0.0,1.0,,,1.0
5184,13.304765,1.0,0.0,1.0,,,1.0
5185,2.37244,1.0,0.0,1.0,,,1.0
5186,28.966385,1.0,0.022222223,1.0,,,1.0
5187,125.9227,1.0,0.00990099,1.0,,,1.0
5188,13.076151,1.0,0.0,1.0,,,1.0
5189,18.384838,1.0,0.027777778,1.0,,,1.0
5190,74.786865,1.0,0.007194245,1.0,,,1.0
5191,59.83391,1.0,0.013888889,1.0,,,1.0
5192,50.42292,1.0,0.0,1.0,,,1.0
5193,25.702883,1.0,0.009803922,1.0,,,1.0
5194,3.5908673,1.0,0.0,1.0,,,1.0
5195,9.2899885,1.0,0.0,1.0,,,1.0
5196,17.696236,1.0,0.0,1.0,,,1.0
5197,10.480321,1.0,0.0,1.0,,,1.0
5198,10.648255,1.0,0.0,1.0,,,1.0
5199,15.374791,1.0,0.0027777778,1.0,,,1.0
5200,37.1636,1.0,0.037037037,1.0,,,1.0
5201,50.85755,1.0,0.005076142,1.0,,,1.0
5202,20.869246,1.0,0.0,1.0,,,1.0
5203,16.076868,1.0,0.01923077,1.0,,,1.0
5204,33.799633,1.0,0.009661836,1.0,,,1.0
5205,37.937656,1.0,0.0057803467,1.0,,,1.0
5206,13.359767,1.0,0.030303031,1.0,,,1.0
5207,31.527805,1.0,0.0035273368,1.0,,,1.0
5208,33.68425,1.0,0.002570694,1.0,,,1.0
5209,46.634182,1.0,0.0074626864,1.0,,,1.0
5210,100.17136,1.0,0.0046948357,1.0,,,1.0
5211,90.34002,1.0,0.0,1.0,,,1.0
5212,10.625091,1.0,0.0,1.0,,,1.0
5213,24.404675,1.0,0.0066225166,1.0,,,1.0
5214,103.64353,1.0,0.0062305294,1.0,,,1.0
5215,43.066597,1.0,0.0070921984,1.0,,,1.0
5216,13.409642,1.0,0.0,1.0,,,1.0
5217,100.17136,1.0,0.0076923077,1.0,,,1.0
5218,51.743202,1.0,0.010416667,1.0,,,1.0
5219,26.549385,1.0,0.013157895,1.0,,,1.0
5220,58.016228,1.0,0.009803922,1.0,,,1.0
5221,33.189396,1.0,0.012578616,1.0,,,1.0
5222,19.006784,1.0,0.008474576,1.0,,,1.0
5223,99.06081,1.0,0.0069204154,1.0,,,1.0
5224,51.027836,1.0,0.0023094688,1.0,,,1.0
5225,31.992453,1.0,0.0060975607,1.0,,,1.0
5226,8.943512,1.0,0.0,1.0,,,1.0
5227,59.165886,1.0,0.003984064,1.0,,,1.0
5228,41.959114,1.0,0.007518797,1.0,,,1.0
5229,22.45595,1.0,0.012820513,1.0,,,1.0
5230,116.13675,1.0,0.009049774,1.0,,,1.0
5231,7.612881,1.0,0.0,1.0,,,1.0
5232,51.743202,1.0,0.008658009,1.0,,,1.0
5233,13.178672,1.0,0.0018975332,1.0,,,1.0
5234,35.61474,1.0,0.014925373,1.0,,,1.0
5235,9.020925,1.0,0.0046296297,1.0,,,1.0
5236,7.1319222,1.0,0.0,1.0,,,1.0
5237,2.9953403,1.0,0.0,1.0,,,1.0
5238,27.191925,1.0,0.005221932,1.0,,,1.0
5239,47.154724,1.0,0.0,1.0,,,1.0
5240,21.54719,1.0,0.008,1.0,,,1.0
5241,16.482557,1.0,0.004016064,1.0,,,1.0
5242,17.047565,1.0,0.0037453184,1.0,,,1.0
5243,4.41002,1.0,0.010752688,1.0,,,1.0
5244,9.9433565,1.0,0.01058201,1.0,,,1.0
5245,66.380035,1.0,0.009302326,1.0,,,1.0
5246,20.046515,1.0,0.006451613,1.0,,,1.0
5247,47.376976,1.0,0.016666668,1.0,,,1.0
5248,16.175585,1.0,0.0062695923,1.0,,,1.0
5249,34.39801,1.0,0.013605442,1.0,,,1.0
5250,8.293679,1.0,0.004878049,1.0,,,1.0
5251,14.703046,1.0,0.003875969,1.0,,,1.0
5252,13.581749,1.0,0.026666667,1.0,,,1.0
5253,22.706106,1.0,0.008547009,1.0,,,1.0
5254,48.762024,1.0,0.0032894737,1.0,,,1.0
5255,26.67058,1.0,0.012269938,1.0,,,1.0
5256,4.590382,1.0,0.010416667,1.0,,,1.0
5257,8.230986,1.0,0.0031347962,1.0,,,1.0
5258,26.936724,1.0,0.0054054055,1.0,,,1.0
5259,15.463702,1.0,0.004048583,1.0,,,1.0
5260,37.789955,1.0,0.0061919503,1.0,,,1.0
5261,41.30865,1.0,0.0046838406,1.0,,,1.0
5262,10.2914295,1.0,0.010416667,1.0,,,1.0
5263,3.8945217,1.0,0.011428571,1.0,,,1.0
5264,54.841125,1.0,0.0,1.0,,,1.0
5265,42.433804,1.0,0.008928572,1.0,,,1.0
5266,68.1871,1.0,0.0038986355,1.0,,,1.0
5267,40.83547,1.0,0.0,1.0,,,1.0
5268,16.712107,1.0,0.010989011,1.0,,,1.0
5269,59.60921,1.0,0.006060606,1.0,,,1.0
5270,24.755785,1.0,0.0027472528,1.0,,,1.0
5271,125.9227,1.0,0.006802721,1.0,,,1.0
5272,23.191128,1.0,0.0028328612,1.0,,,1.0
5273,48.390846,1.0,0.012820513,1.0,,,1.0
5274,6.9195337,1.0,0.003236246,1.0,,,1.0
5275,12.430757,1.0,0.0,1.0,,,1.0
5276,51.34904,1.0,0.014184397,1.0,,,1.0
5277,25.499916,1.0,0.005586592,1.0,,,1.0
5278,33.69013,1.0,0.0,1.0,,,1.0
5279,19.497852,1.0,0.0,1.0,,,1.0
5280,10.383243,1.0,0.005050505,1.0,,,1.0
5281,40.84468,1.0,0.0,1.0,,,1.0
5282,57.10216,1.0,0.0,1.0,,,1.0
5283,48.79064,1.0,0.006289308,1.0,,,1.0
5284,40.982872,1.0,0.005602241,1.0,,,1.0
5285,13.704753,1.0,0.011235955,1.0,,,1.0
5286,77.04232,1.0,0.011494253,1.0,,,1.0
5287,13.690767,1.0,0.008888889,1.0,,,1.0
5288,22.959599,1.0,0.0,1.0,,,1.0
5289,30.306885,1.0,0.005376344,1.0,,,1.0
5290,4.2618237,1.0,0.00952381,1.0,,,1.0
5291,48.833973,1.0,0.014814815,1.0,,,1.0
5292,21.879002,1.0,0.017391304,1.0,,,1.0
5293,19.011799,1.0,0.016129032,1.0,,,1.0
5294,82.545975,1.0,0.01369863,1.0,,,1.0
5295,56.29079,1.0,0.00456621,1.0,,,1.0
5296,9.397729,1.0,0.0,1.0,,,1.0
5297,26.326637,1.0,0.003215434,1.0,,,1.0
5298,35.814083,1.0,0.022727273,1.0,,,1.0
5299,23.324146,1.0,0.00896861,1.0,,,1.0
5300,44.264977,1.0,0.0,1.0,,,1.0
5301,9.820521,1.0,0.005154639,1.0,,,1.0
5302,8.788414,1.0,0.0,1.0,,,1.0
5303,31.442572,1.0,0.015384615,1.0,,,1.0
5304,38.662952,1.0,0.03448276,1.0,,,1.0
5305,11.548601,1.0,0.0,1.0,,,1.0
5306,29.944487,1.0,0.013888889,1.0,,,1.0
5307,20.709585,1.0,0.019607844,1.0,,,1.0
5308,102.72474,1.0,0.010989011,1.0,,,1.0
5309,19.527336,1.0,0.0,1.0,,,1.0
5310,22.652727,1.0,0.0,1.0,,,1.0
5311,66.482666,1.0,0.005882353,1.0,,,1.0
5312,57.555965,1.0,0.007905139,1.0,,,1.0
5313,95.10717,1.0,0.0,1.0,,,1.0
5314,22.605776,1.0,0.0,1.0,,,1.0
5315,5.072287,1.0,0.02631579,1.0,,,1.0
5316,22.353407,1.0,0.0,1.0,,,1.0
5317,21.226456,1.0,0.0,1.0,,,1.0
5318,44.951385,1.0,0.02020202,1.0,,,1.0
5319,38.605515,1.0,0.00896861,1.0,,,1.0
5320,29.381933,1.0,0.020833334,1.0,,,1.0
5321,8.379839,1.0,0.024390243,1.0,,,1.0
5322,58.815506,1.0,0.0055555557,1.0,,,1.0
5323,12.012794,1.0,0.0,1.0,,,1.0
5324,24.065426,1.0,0.005050505,1.0,,,1.0
5325,11.147267,1.0,0.014814815,1.0,,,1.0
5326,8.311276,1.0,0.011363637,1.0,,,1.0
5327,23.902615,1.0,0.0,1.0,,,1.0
5328,55.052856,1.0,0.005050505,1.0,,,1.0
5329,60.1215,1.0,0.007751938,1.0,,,1.0
5330,6.2119026,1.0,0.0,1.0,,,1.0
5331,12.311419,1.0,0.0,1.0,,,1.0
5332,6.765885,1.0,0.0,1.0,,,1.0
5333,26.664284,1.0,0.009708738,1.0,,,1.0
5334,27.008041,1.0,0.007782101,1.0,,,1.0
5335,30.517681,1.0,0.0,1.0,,,1.0
5336,40.50304,1.0,0.0068965517,1.0,,,1.0
5337,19.458143,1.0,0.0,1.0,,,1.0
5338,24.700512,1.0,0.014285714,1.0,,,1.0
5339,19.086199,1.0,0.004347826,1.0,,,1.0
5340,17.75629,1.0,0.009345794,1.0,,,1.0
5341,61.361763,1.0,0.00896861,1.0,,,1.0
5342,57.659794,1.0,0.009009009,1.0,,,1.0
5343,49.482197,1.0,0.03448276,1.0,,,1.0
5344,57.555965,1.0,0.0,1.0,,,1.0
5345,25.388958,1.0,0.0116959065,1.0,,,1.0
5346,27.503551,1.0,0.0,1.0,,,1.0
5347,88.84265,1.0,0.0025445293,1.0,,,1.0
5348,5.7918496,1.0,0.001776199,1.0,,,1.0
5349,49.789387,1.0,0.0032467532,1.0,,,1.0
5350,97.18079,1.0,0.004901961,1.0,,,1.0
5351,92.31766,1.0,0.007380074,1.0,,,1.0
5352,48.545094,1.0,0.04,1.0,,,1.0
5353,44.71085,1.0,0.0,1.0,,,1.0
5354,31.557035,1.0,0.0,1.0,,,1.0
5355,25.015917,1.0,0.0021978023,1.0,,,1.0
5356,19.761812,1.0,0.016129032,1.0,,,1.0
5357,24.143202,1.0,0.0053619305,1.0,,,1.0
5358,49.87287,1.0,0.0037037036,1.0,,,1.0
5359,72.913666,1.0,0.008230452,1.0,,,1.0
5360,44.951385,1.0,0.004219409,1.0,,,1.0
5361,5.015621,1.0,0.0,1.0,,,1.0
5362,20.451635,1.0,0.004237288,1.0,,,1.0
5363,26.082466,1.0,0.029850746,1.0,,,1.0
5364,18.696638,1.0,0.008264462,1.0,,,1.0
5365,24.750364,1.0,0.011904762,1.0,,,1.0
5366,17.192652,1.0,0.021505376,1.0,,,1.0
5367,27.253378,1.0,0.014285714,1.0,,,1.0
5368,17.278776,1.0,0.01010101,1.0,,,1.0
5369,12.416865,1.0,0.0,1.0,,,1.0
5370,9.588086,1.0,0.0,1.0,,,1.0
5371,39.25903,1.0,0.009090909,1.0,,,1.0
5372,13.638683,1.0,0.01010101,1.0,,,1.0
5373,86.18455,1.0,0.016666668,1.0,,,1.0
5374,22.824905,1.0,0.0,1.0,,,1.0
5375,11.809041,1.0,0.026666667,1.0,,,1.0
5376,74.658775,1.0,0.0038461538,1.0,,,1.0
5377,40.734875,1.0,0.0,1.0,,,1.0
5378,49.75465,1.0,0.0,1.0,,,1.0
5379,44.06932,1.0,0.0,1.0,,,1.0
5380,45.248714,1.0,0.0,1.0,,,1.0
5381,26.326637,1.0,0.01,1.0,,,1.0
5382,4.9006763,1.0,0.018518519,1.0,,,1.0
5383,73.267296,1.0,0.0062305294,1.0,,,1.0
5384,14.359159,1.0,0.02247191,1.0,,,1.0
5385,21.893303,1.0,0.0048076925,1.0,,,1.0
5386,100.57325,1.0,0.011173184,1.0,,,1.0
5387,5.7631216,1.0,0.0,1.0,,,1.0
5388,27.891542,1.0,0.006289308,1.0,,,1.0
5389,4.2958574,1.0,0.0,1.0,,,1.0
5390,86.73833,1.0,0.009569378,1.0,,,1.0
5391,58.166348,1.0,0.0,1.0,,,1.0
5392,125.9227,1.0,0.0069204154,1.0,,,1.0
5393,59.164825,1.0,0.013793103,1.0,,,1.0
5394,19.506754,1.0,0.003649635,1.0,,,1.0
5395,34.37597,1.0,0.0099502485,1.0,,,1.0
5396,28.145432,1.0,0.0034423408,1.0,,,1.0
5397,33.345943,1.0,0.0063492064,1.0,,,1.0
5398,63.4572,1.0,0.018518519,1.0,,,1.0
5399,86.82055,1.0,0.003773585,1.0,,,1.0
5400,43.2561,1.0,0.0093896715,1.0,,,1.0
5401,42.61417,1.0,0.0,1.0,,,1.0
5402,16.723387,1.0,0.008928572,1.0,,,1.0
5403,18.491606,1.0,0.0,1.0,,,1.0
5404,37.328815,1.0,0.017699115,1.0,,,1.0
5405,41.7781,1.0,0.0,1.0,,,1.0
5406,28.420141,1.0,0.0018416207,1.0,,,1.0
5407,56.035194,1.0,0.0,1.0,,,1.0
5408,29.944387,1.0,0.0055710305,1.0,,,1.0
5409,13.104731,1.0,0.006369427,1.0,,,1.0
5410,10.031765,1.0,0.0,1.0,,,1.0
5411,91.30509,1.0,0.0,1.0,,,1.0
5412,15.805755,1.0,0.0,1.0,,,1.0
5413,36.037426,1.0,0.001669449,1.0,,,1.0
5414,8.192507,1.0,0.04347826,1.0,,,1.0
5415,30.927547,1.0,0.0,1.0,,,1.0
5416,68.777306,1.0,0.0,1.0,,,1.0
5417,7.7069206,1.0,0.0,1.0,,,1.0
5418,23.02529,1.0,0.0,1.0,,,1.0
5419,23.861872,1.0,0.01010101,1.0,,,1.0
5420,89.88506,1.0,0.0061919503,1.0,,,1.0
5421,24.125977,1.0,0.0050890585,1.0,,,1.0
5422,60.227802,1.0,0.0,1.0,,,1.0
5423,1.6667118,1.0,0.0,1.0,,,1.0
5424,73.267296,1.0,0.008264462,1.0,,,1.0
5425,21.852367,1.0,0.016666668,1.0,,,1.0
5426,48.522827,1.0,0.003968254,1.0,,,1.0
5427,57.904873,1.0,0.0,1.0,,,1.0
5428,39.646202,1.0,0.008368201,1.0,,,1.0
5429,4.3476386,1.0,0.0042918455,1.0,,,1.0
5430,52.374416,1.0,0.007751938,1.0,,,1.0
5431,29.724426,1.0,0.0,1.0,,,1.0
5432,24.504705,1.0,0.00952381,1.0,,,1.0
5433,31.881863,1.0,0.0,1.0,,,1.0
5434,62.159447,1.0,0.016,1.0,,,1.0
5435,23.065699,1.0,0.008097166,1.0,,,1.0
5436,45.096268,1.0,0.015384615,1.0,,,1.0
5437,10.904936,1.0,0.010752688,1.0,,,1.0
5438,28.763172,1.0,0.0050890585,1.0,,,1.0
5439,7.2083564,1.0,0.015873017,1.0,,,1.0
5440,6.815981,1.0,0.020408163,1.0,,,1.0
5441,49.89964,1.0,0.0,1.0,,,1.0
5442,21.05285,1.0,0.009433962,1.0,,,1.0
5443,26.279182,1.0,0.0,1.0,,,1.0
5444,103.64353,1.0,0.0093896715,1.0,,,1.0
5445,3.9566882,1.0,0.044444446,1.0,,,1.0
5446,5.140284,1.0,0.0,1.0,,,1.0
5447,15.9191,1.0,0.009345794,1.0,,,1.0
5448,53.623707,1.0,0.0062305294,1.0,,,1.0
5449,77.92276,1.0,0.0,1.0,,,1.0
5450,18.757353,1.0,0.0074074073,1.0,,,1.0
5451,16.045849,1.0,0.0,1.0,,,1.0
5452,45.732464,1.0,0.003215434,1.0,,,1.0
5453,34.04111,1.0,0.011235955,1.0,,,1.0
5454,43.21014,1.0,0.0,1.0,,,1.0
5455,4.38596,1.0,0.018867925,1.0,,,1.0
5456,44.54079,1.0,0.012820513,1.0,,,1.0
5457,31.08771,1.0,0.016393442,1.0,,,1.0
5458,60.60715,1.0,0.005524862,1.0,,,1.0
5459,12.452572,1.0,0.0,1.0,,,1.0
5460,109.534454,1.0,0.0,1.0,,,1.0
5461,22.838282,1.0,0.0,1.0,,,1.0
5462,48.76115,1.0,0.014705882,1.0,,,1.0
5463,48.121075,1.0,0.0054347827,1.0,,,1.0
5464,4.088336,1.0,0.0,1.0,,,1.0
5465,56.509285,1.0,0.008130081,1.0,,,1.0
5466,40.982872,1.0,0.0024813896,1.0,,,1.0
5467,44.700775,1.0,0.013513514,1.0,,,1.0
5468,2.335526,1.0,0.0,1.0,,,1.0
5469,34.676586,1.0,0.005586592,1.0,,,1.0
5470,31.776314,1.0,0.008064516,1.0,,,1.0
5471,32.339672,1.0,0.003937008,1.0,,,1.0
5472,23.941542,1.0,0.05263158,1.0,,,1.0
5473,9.962406,1.0,0.008333334,1.0,,,1.0
5474,12.250555,1.0,0.0,1.0,,,1.0
5475,29.914131,1.0,0.011299435,1.0,,,1.0
5476,48.93671,1.0,0.0091743115,1.0,,,1.0
5477,15.445959,1.0,0.008888889,1.0,,,1.0
5478,41.30865,1.0,0.004385965,1.0,,,1.0
5479,86.02153,1.0,0.0031746032,1.0,,,1.0
5480,20.213295,1.0,0.0,1.0,,,1.0
5481,6.1880136,1.0,0.0,1.0,,,1.0
5482,55.315052,1.0,0.0056179776,1.0,,,1.0
5483,19.24842,1.0,0.006006006,1.0,,,1.0
5484,39.521854,1.0,0.0054054055,1.0,,,1.0
5485,29.943281,1.0,0.0058479533,1.0,,,1.0
5486,106.4167,1.0,0.004149378,1.0,,,1.0
5487,44.60455,1.0,0.0,1.0,,,1.0
5488,24.49058,1.0,0.014705882,1.0,,,1.0
5489,14.943771,1.0,0.007434944,1.0,,,1.0
5490,26.835497,1.0,0.010309278,1.0,,,1.0
5491,11.103904,1.0,0.016393442,1.0,,,1.0
5492,14.054416,1.0,0.0,1.0,,,1.0
5493,41.70995,1.0,0.0045454544,1.0,,,1.0
5494,23.097351,1.0,0.0,1.0,,,1.0
5495,67.89678,1.0,0.0,1.0,,,1.0
5496,22.720432,1.0,0.023255814,1.0,,,1.0
5497,22.170992,1.0,0.0,1.0,,,1.0
5498,15.952163,1.0,0.0,1.0,,,1.0
5499,35.691525,1.0,0.0,1.0,,,1.0
5500,22.706106,1.0,0.013245033,1.0,,,1.0
5501,66.09364,1.0,0.009345794,1.0,,,1.0
5502,29.944387,1.0,0.0035587188,1.0,,,1.0
5503,12.019142,1.0,0.006666667,1.0,,,1.0
5504,52.209267,1.0,0.0054347827,1.0,,,1.0
5505,51.743202,1.0,0.0054644807,1.0,,,1.0
5506,48.72588,1.0,0.0,1.0,,,1.0
5507,9.86974,1.0,0.0,1.0,,,1.0
5508,112.43434,1.0,0.0049875313,1.0,,,1.0
5509,37.583607,1.0,0.0,1.0,,,1.0
5510,35.261223,1.0,0.0,1.0,,,1.0
5511,22.030054,1.0,0.0625,1.0,,,1.0
5512,89.88506,1.0,0.005449591,1.0,,,1.0
5513,55.130615,1.0,0.006993007,1.0,,,1.0
5514,16.236944,1.0,0.0009891196,1.0,,,1.0
5515,43.151104,1.0,0.0069444445,1.0,,,1.0
5516,3.2262857,1.0,0.0,1.0,,,1.0
5517,14.7781515,1.0,0.020408163,1.0,,,1.0
5518,98.70822,1.0,0.01183432,1.0,,,1.0
5519,25.355108,1.0,0.0,1.0,,,1.0
5520,20.519148,1.0,0.0019880715,1.0,,,1.0
5521,32.000538,1.0,0.005524862,1.0,,,1.0
5522,7.6337576,1.0,0.0026809652,1.0,,,1.0
5523,69.13106,1.0,0.0,1.0,,,1.0
5524,7.807641,1.0,0.05882353,1.0,,,1.0
5525,9.020291,1.0,0.0,1.0,,,1.0
5526,31.98157,1.0,0.01058201,1.0,,,1.0
5527,38.614624,1.0,0.006802721,1.0,,,1.0
5528,13.674498,1.0,0.0,1.0,,,1.0
5529,41.92771,1.0,0.023809524,1.0,,,1.0
5530,14.296048,1.0,0.005882353,1.0,,,1.0
5531,13.659653,1.0,0.0067114094,1.0,,,1.0
5532,38.589554,1.0,0.003717472,1.0,,,1.0
5533,74.01742,1.0,0.0065789474,1.0,,,1.0
5534,60.079163,1.0,0.01183432,1.0,,,1.0
5535,22.542961,1.0,0.005076142,1.0,,,1.0
5536,27.564592,1.0,0.0074074073,1.0,,,1.0
5537,95.84354,1.0,0.008298756,1.0,,,1.0
5538,39.252228,1.0,0.0,1.0,,,1.0
5539,10.578043,1.0,0.0,1.0,,,1.0
5540,50.27301,1.0,0.0052083335,1.0,,,1.0
5541,10.480321,1.0,0.046511628,1.0,,,1.0
5542,43.507225,1.0,0.007936508,1.0,,,1.0
5543,12.457253,1.0,0.023255814,1.0,,,1.0
5544,7.52157,1.0,0.018181818,1.0,,,1.0
5545,9.818651,1.0,0.0031746032,1.0,,,1.0
5546,55.130615,1.0,0.01754386,1.0,,,1.0
5547,10.227618,1.0,0.0,1.0,,,1.0
5548,73.267296,1.0,0.004310345,1.0,,,1.0
5549,8.110056,1.0,0.0,1.0,,,1.0
5550,34.533985,1.0,0.0,1.0,,,1.0
5551,23.667639,1.0,0.022222223,1.0,,,1.0
5552,29.905636,1.0,0.0,1.0,,,1.0
5553,92.609,1.0,0.008583691,1.0,,,1.0
5554,53.47464,1.0,0.00913242,1.0,,,1.0
5555,14.686115,1.0,0.010989011,1.0,,,1.0
5556,48.068512,1.0,0.006153846,1.0,,,1.0
5557,16.9954,1.0,0.004830918,1.0,,,1.0
5558,63.247498,1.0,0.0039138943,1.0,,,1.0
5559,30.13764,1.0,0.011494253,1.0,,,1.0
5560,28.372871,1.0,0.023809524,1.0,,,1.0
5561,22.169573,1.0,0.001934236,1.0,,,1.0
5562,39.815937,1.0,0.0,1.0,,,1.0
5563,29.293152,1.0,0.0121951215,1.0,,,1.0
5564,50.85755,1.0,0.009615385,1.0,,,1.0
5565,40.818283,1.0,0.0062305294,1.0,,,1.0
5566,25.602772,1.0,0.008403362,1.0,,,1.0
5567,19.082603,1.0,0.024691358,1.0,,,1.0
5568,7.090699,1.0,0.00862069,1.0,,,1.0
5569,64.32761,1.0,0.013888889,1.0,,,1.0
5570,48.79064,1.0,0.005141388,1.0,,,1.0
5571,67.567406,1.0,0.00862069,1.0,,,1.0
5572,65.94888,1.0,0.011363637,1.0,,,1.0
5573,17.876331,1.0,0.0,1.0,,,1.0
5574,1.7178639,1.0,0.004255319,1.0,,,1.0
5575,35.830048,1.0,0.0,1.0,,,1.0
5576,10.937942,1.0,0.0,1.0,,,1.0
5577,56.376305,1.0,0.008695652,1.0,,,1.0
5578,85.39203,1.0,0.003649635,1.0,,,1.0
5579,33.16621,1.0,0.028571429,1.0,,,1.0
5580,36.196194,1.0,0.0,1.0,,,1.0
5581,49.520912,1.0,0.0035587188,1.0,,,1.0
5582,3.8149924,1.0,0.0,1.0,,,1.0
5583,24.863783,1.0,0.0,1.0,,,1.0
5584,32.783146,1.0,0.0,1.0,,,1.0
5585,57.788727,1.0,0.0032051282,1.0,,,1.0
5586,54.03704,1.0,0.005154639,1.0,,,1.0
5587,3.4369748,1.0,0.0015797789,1.0,,,1.0
5588,64.03762,1.0,0.0,1.0,,,1.0
5589,6.8239427,1.0,0.0,1.0,,,1.0
5590,10.480321,1.0,0.015873017,1.0,,,1.0
5591,27.308922,1.0,0.0,1.0,,,1.0
5592,25.20799,1.0,0.010752688,1.0,,,1.0
5593,26.287113,1.0,0.005952381,1.0,,,1.0
5594,6.9742494,1.0,0.0,1.0,,,1.0
5595,18.144182,1.0,0.0,1.0,,,1.0
5596,15.151486,1.0,0.0,1.0,,,1.0
5597,20.172089,1.0,0.012738854,1.0,,,1.0
5598,51.705837,1.0,0.006993007,1.0,,,1.0
5599,43.152485,1.0,0.003875969,1.0,,,1.0
5600,16.743864,1.0,0.015748031,1.0,,,1.0
5601,35.14924,1.0,0.0088495575,1.0,,,1.0
5602,8.37608,1.0,0.007194245,1.0,,,1.0
5603,3.670717,1.0,0.014285714,1.0,,,1.0
5604,7.573895,1.0,0.009090909,1.0,,,1.0
5605,70.53568,1.0,0.0,1.0,,,1.0
5606,47.887398,1.0,0.0041841003,1.0,,,1.0
5607,30.95582,1.0,0.012048192,1.0,,,1.0
5608,83.855774,1.0,0.0057971017,1.0,,,1.0
5609,8.959865,1.0,0.0,1.0,,,1.0
5610,33.230038,1.0,0.015873017,1.0,,,1.0
5611,116.13675,1.0,0.0043290043,1.0,,,1.0
5612,10.088199,1.0,0.0,1.0,,,1.0
5613,24.051332,1.0,0.0,1.0,,,1.0
5614,7.869141,1.0,0.027027028,1.0,,,1.0
5615,33.436897,1.0,0.0116959065,1.0,,,1.0
5616,17.424686,1.0,0.022988506,1.0,,,1.0
5617,49.257343,1.0,0.0,1.0,,,1.0
5618,59.80664,1.0,0.0049261083,1.0,,,1.0
5619,37.865128,1.0,0.0,1.0,,,1.0
5620,1.3304622,1.0,0.0,1.0,,,1.0
5621,69.19562,1.0,0.006153846,1.0,,,1.0
5622,80.49888,1.0,0.0046296297,1.0,,,1.0
5623,63.79785,1.0,0.015384615,1.0,,,1.0
5624,9.789369,1.0,0.0,1.0,,,1.0
5625,22.123486,1.0,0.012048192,1.0,,,1.0
5626,14.6091585,1.0,0.012658228,1.0,,,1.0
5627,27.515274,1.0,0.0,1.0,,,1.0
5628,19.907082,1.0,0.012048192,1.0,,,1.0
5629,33.345943,1.0,0.0,1.0,,,1.0
5630,30.887695,1.0,0.0,1.0,,,1.0
5631,92.31766,1.0,0.008264462,1.0,,,1.0
5632,27.358868,1.0,0.019417476,1.0,,,1.0
5633,28.88451,1.0,0.0,1.0,,,1.0
5634,31.030573,1.0,0.013157895,1.0,,,1.0
5635,29.421946,1.0,0.011764706,1.0,,,1.0
5636,20.090929,1.0,0.022222223,1.0,,,1.0
5637,67.00446,1.0,0.010869565,1.0,,,1.0
5638,11.767868,1.0,0.011494253,1.0,,,1.0
5639,48.54382,1.0,0.0,1.0,,,1.0
5640,14.321273,1.0,0.0038314175,1.0,,,1.0
5641,31.97759,1.0,0.0,1.0,,,1.0
5642,57.51592,1.0,0.011976048,1.0,,,1.0
5643,12.71005,1.0,0.018181818,1.0,,,1.0
5644,11.416682,1.0,0.021276595,1.0,,,1.0
5645,41.412525,1.0,0.005141388,1.0,,,1.0
5646,19.36942,1.0,0.0,1.0,,,1.0
5647,0.96262664,1.0,0.005586592,1.0,,,1.0
5648,10.643279,1.0,0.008264462,1.0,,,1.0
5649,27.402191,1.0,0.0053475937,1.0,,,1.0
5650,27.870028,1.0,0.0068259384,1.0,,,1.0
5651,32.783146,1.0,0.0,1.0,,,1.0
5652,59.106697,1.0,0.004255319,1.0,,,1.0
5653,32.803658,1.0,0.01438849,1.0,,,1.0
5654,20.268154,1.0,0.006779661,1.0,,,1.0
5655,9.0142,1.0,0.0,1.0,,,1.0
5656,7.9670987,1.0,0.0040816325,1.0,,,1.0
5657,22.030054,1.0,0.013422819,1.0,,,1.0
5658,24.737417,1.0,0.041666668,1.0,,,1.0
5659,6.3212743,1.0,0.06666667,1.0,,,1.0
5660,41.54876,1.0,0.014814815,1.0,,,1.0
5661,17.273558,1.0,0.0,1.0,,,1.0
5662,7.921462,1.0,0.001934236,1.0,,,1.0
5663,2.4488926,1.0,0.006369427,1.0,,,1.0
5664,15.912369,1.0,0.004032258,1.0,,,1.0
5665,72.904945,1.0,0.005524862,1.0,,,1.0
5666,124.35362,1.0,0.007490637,1.0,,,1.0
5667,55.66456,1.0,0.008196721,1.0,,,1.0
5668,14.321273,1.0,0.0056818184,1.0,,,1.0
5669,24.67118,1.0,0.0,1.0,,,1.0
5670,26.617674,1.0,0.02020202,1.0,,,1.0
5671,38.589554,1.0,0.00921659,1.0,,,1.0
5672,26.653917,1.0,0.0,1.0,,,1.0
5673,77.64702,1.0,0.0091743115,1.0,,,1.0
5674,32.081238,1.0,0.0,1.0,,,1.0
5675,36.790226,1.0,0.0,1.0,,,1.0
5676,18.260857,1.0,0.008130081,1.0,,,1.0
5677,23.282707,1.0,0.018518519,1.0,,,1.0
5678,15.102894,1.0,0.0,1.0,,,1.0
5679,50.20674,1.0,0.020408163,1.0,,,1.0
5680,5.9018493,1.0,0.00456621,1.0,,,1.0
5681,117.691864,1.0,0.008474576,1.0,,,1.0
5682,16.179705,1.0,0.0,1.0,,,1.0
5683,59.80664,1.0,0.016949153,1.0,,,1.0
5684,89.88506,1.0,0.0061919503,1.0,,,1.0
5685,26.72067,1.0,0.0,1.0,,,1.0
5686,63.756386,1.0,0.015384615,1.0,,,1.0
5687,29.604052,1.0,0.015625,1.0,,,1.0
5688,27.592148,1.0,0.0073260074,1.0,,,1.0
5689,8.202828,1.0,0.0,1.0,,,1.0
5690,14.026406,1.0,0.029850746,1.0,,,1.0
5691,70.6527,1.0,0.016806724,1.0,,,1.0
5692,3.5817766,1.0,0.021276595,1.0,,,1.0
5693,50.85755,1.0,0.0055555557,1.0,,,1.0
5694,4.127383,1.0,0.02631579,1.0,,,1.0
5695,42.428608,1.0,0.013513514,1.0,,,1.0
5696,23.168713,1.0,0.025,1.0,,,1.0
5697,20.429146,1.0,0.0046948357,1.0,,,1.0
5698,88.882866,1.0,0.0,1.0,,,1.0
5699,9.233019,1.0,0.0044247787,1.0,,,1.0
5700,34.113964,1.0,0.0,1.0,,,1.0
5701,47.03406,1.0,0.009852217,1.0,,,1.0
5702,20.793177,1.0,0.0056179776,1.0,,,1.0
5703,15.870363,1.0,0.0057803467,1.0,,,1.0
5704,18.829737,1.0,0.0,1.0,,,1.0
5705,19.274506,1.0,0.016949153,1.0,,,1.0
5706,87.21734,1.0,0.0093896715,1.0,,,1.0
5707,9.271963,1.0,0.012121212,1.0,,,1.0
5708,125.9227,1.0,0.02173913,1.0,,,1.0
5709,29.348307,1.0,0.0025510204,1.0,,,1.0
5710,8.851355,1.0,0.0,1.0,,,1.0
5711,25.80095,1.0,0.0,1.0,,,1.0
5712,40.343723,1.0,0.0,1.0,,,1.0
5713,22.220404,1.0,0.0,1.0,,,1.0
5714,20.40353,1.0,0.0,1.0,,,1.0
5715,42.90579,1.0,0.0062111802,1.0,,,1.0
5716,56.98617,1.0,0.005076142,1.0,,,1.0
5717,3.8570163,1.0,0.0033003301,1.0,,,1.0
5718,30.952871,1.0,0.0,1.0,,,1.0
5719,75.32171,1.0,0.0,1.0,,,1.0
5720,33.265285,1.0,0.019417476,1.0,,,1.0
5721,18.0866,1.0,0.0070921984,1.0,,,1.0
5722,4.3878164,1.0,0.0,1.0,,,1.0
5723,18.790604,1.0,0.0,1.0,,,1.0
5724,3.7110329,1.0,0.012345679,1.0,,,1.0
5725,28.68378,1.0,0.0,1.0,,,1.0
5726,13.286463,1.0,0.021052632,1.0,,,1.0
5727,30.155367,1.0,0.01724138,1.0,,,1.0
5728,73.85746,1.0,0.006329114,1.0,,,1.0
5729,30.785923,1.0,0.0027777778,1.0,,,1.0
5730,66.482666,1.0,0.007017544,1.0,,,1.0
5731,22.533213,1.0,0.015384615,1.0,,,1.0
5732,73.42956,1.0,0.0021978023,1.0,,,1.0
5733,96.56541,1.0,0.003921569,1.0,,,1.0
5734,9.248672,1.0,0.007874016,1.0,,,1.0
5735,67.567406,1.0,0.005934718,1.0,,,1.0
5736,29.450874,1.0,0.009478673,1.0,,,1.0
5737,7.433213,1.0,0.0,1.0,,,1.0
5738,13.367453,1.0,0.0033898305,1.0,,,1.0
5739,15.122194,1.0,0.0,1.0,,,1.0
5740,25.298908,1.0,0.028571429,1.0,,,1.0
5741,80.49888,1.0,0.0076923077,1.0,,,1.0
5742,36.13066,1.0,0.002770083,1.0,,,1.0
5743,41.801483,1.0,0.006472492,1.0,,,1.0
5744,59.905598,1.0,0.008928572,1.0,,,1.0
5745,5.380134,1.0,0.003984064,1.0,,,1.0
5746,12.123571,1.0,0.027777778,1.0,,,1.0
5747,57.766075,1.0,0.04,1.0,,,1.0
5748,109.534454,1.0,0.0058479533,1.0,,,1.0
5749,74.658775,1.0,0.0,1.0,,,1.0
5750,24.536448,1.0,0.0073260074,1.0,,,1.0
5751,41.375046,1.0,0.0,1.0,,,1.0
5752,38.219822,1.0,0.029411765,1.0,,,1.0
5753,27.264345,1.0,0.0,1.0,,,1.0
5754,12.287145,1.0,0.0049751243,1.0,,,1.0
5755,23.321526,1.0,0.0,1.0,,,1.0
5756,46.634182,1.0,0.0091743115,1.0,,,1.0
5757,34.063393,1.0,0.0043668123,1.0,,,1.0
5758,19.480738,1.0,0.006369427,1.0,,,1.0
5759,102.88374,1.0,0.002770083,1.0,,,1.0
5760,68.449905,1.0,0.006968641,1.0,,,1.0
5761,37.68468,1.0,0.025974026,1.0,,,1.0
5762,35.694427,1.0,0.00990099,1.0,,,1.0
5763,16.164274,1.0,0.006451613,1.0,,,1.0
5764,77.059265,1.0,0.0076045627,1.0,,,1.0
5765,31.790745,1.0,0.01369863,1.0,,,1.0
5766,9.334319,1.0,0.0,1.0,,,1.0
5767,5.5968356,1.0,0.0,1.0,,,1.0
5768,40.580776,1.0,0.0,1.0,,,1.0
5769,15.829303,1.0,0.010526316,1.0,,,1.0
5770,46.63388,1.0,0.022727273,1.0,,,1.0
5771,25.701351,1.0,0.0,1.0,,,1.0
5772,45.776028,1.0,0.0049751243,1.0,,,1.0
5773,39.48281,1.0,0.008264462,1.0,,,1.0
5774,26.010574,1.0,0.0125,1.0,,,1.0
5775,14.083892,1.0,0.011173184,1.0,,,1.0
5776,22.170992,1.0,0.007194245,1.0,,,1.0
5777,42.433804,1.0,0.013422819,1.0,,,1.0
5778,22.361128,1.0,0.008733625,1.0,,,1.0
5779,45.026672,1.0,0.003921569,1.0,,,1.0
5780,100.01263,1.0,0.0,1.0,,,1.0
5781,45.776028,1.0,0.0,1.0,,,1.0
5782,65.62722,1.0,0.0021321962,1.0,,,1.0
5783,7.5750785,1.0,0.0,1.0,,,1.0
5784,37.937656,1.0,0.0026809652,1.0,,,1.0
5785,57.757755,1.0,0.012048192,1.0,,,1.0
5786,122.87542,1.0,0.0051020407,1.0,,,1.0
5787,7.950308,1.0,0.0,1.0,,,1.0
5788,2.8896332,1.0,0.0,1.0,,,1.0
5789,20.178383,1.0,0.005167959,1.0,,,1.0
5790,16.666504,1.0,0.0093896715,1.0,,,1.0
5791,66.525536,1.0,0.008658009,1.0,,,1.0
5792,14.54054,1.0,0.004016064,1.0,,,1.0
5793,15.947119,1.0,0.011627907,1.0,,,1.0
5794,44.186485,1.0,0.015151516,1.0,,,1.0
5795,15.670576,1.0,0.011049724,1.0,,,1.0
5796,42.58366,1.0,0.020408163,1.0,,,1.0
5797,85.52886,1.0,0.004784689,1.0,,,1.0
5798,22.558441,1.0,0.0,1.0,,,1.0
5799,45.081272,1.0,0.009433962,1.0,,,1.0
5800,42.428608,1.0,0.0,1.0,,,1.0
5801,23.608307,1.0,0.0,1.0,,,1.0
5802,11.718223,1.0,0.010695187,1.0,,,1.0
5803,32.05735,1.0,0.0,1.0,,,1.0
5804,59.783806,1.0,0.0050251256,1.0,,,1.0
5805,84.34471,1.0,0.007782101,1.0,,,1.0
5806,30.42454,1.0,0.0,1.0,,,1.0
5807,22.413727,1.0,0.0,1.0,,,1.0
5808,64.704315,1.0,0.005076142,1.0,,,1.0
5809,88.882866,1.0,0.0091743115,1.0,,,1.0
5810,52.5271,1.0,0.0047393367,1.0,,,1.0
5811,55.27203,1.0,0.027777778,1.0,,,1.0
5812,46.676987,1.0,0.010256411,1.0,,,1.0
5813,31.992453,1.0,0.00625,1.0,,,1.0
5814,63.727287,1.0,0.022222223,1.0,,,1.0
5815,17.45658,1.0,0.016393442,1.0,,,1.0
5816,32.648952,1.0,0.012987013,1.0,,,1.0
5817,26.844906,1.0,0.0,1.0,,,1.0
5818,40.589947,1.0,0.0,1.0,,,1.0
5819,45.776028,1.0,0.005882353,1.0,,,1.0
5820,16.981087,1.0,0.014084507,1.0,,,1.0
5821,22.706106,1.0,0.016260162,1.0,,,1.0
5822,10.283734,1.0,0.0,1.0,,,1.0
5823,35.10485,1.0,0.0,1.0,,,1.0
5824,27.434822,1.0,0.005,1.0,,,1.0
5825,51.027836,1.0,0.0025445293,1.0,,,1.0
5826,34.294315,1.0,0.02631579,1.0,,,1.0
5827,35.81369,1.0,0.006134969,1.0,,,1.0
5828,37.27869,1.0,0.006116208,1.0,,,1.0
5829,36.51394,1.0,0.018518519,1.0,,,1.0
5830,13.597036,1.0,0.0,1.0,,,1.0
5831,47.99573,1.0,0.033898305,1.0,,,1.0
5832,28.826832,1.0,0.0,1.0,,,1.0
5833,17.588173,1.0,0.0,1.0,,,1.0
5834,14.5026655,1.0,0.025,1.0,,,1.0
5835,115.54238,1.0,0.003787879,1.0,,,1.0
5836,25.992908,1.0,0.036363635,1.0,,,1.0
5837,48.072598,1.0,0.0028409092,1.0,,,1.0
5838,9.015142,1.0,0.0067114094,1.0,,,1.0
5839,36.87608,1.0,0.010928961,1.0,,,1.0
5840,4.127383,1.0,0.0043668123,1.0,,,1.0
5841,7.280904,1.0,0.03125,1.0,,,1.0
5842,22.706106,1.0,0.0064102565,1.0,,,1.0
5843,43.80185,1.0,0.008928572,1.0,,,1.0
5844,16.178108,1.0,0.0,1.0,,,1.0
5845,28.70116,1.0,0.008810572,1.0,,,1.0
5846,73.42956,1.0,0.006756757,1.0,,,1.0
5847,13.940593,1.0,0.006289308,1.0,,,1.0
5848,55.507927,1.0,0.0028409092,1.0,,,1.0
5849,15.391268,1.0,0.01754386,1.0,,,1.0
5850,35.39015,1.0,0.0,1.0,,,1.0
5851,24.113571,1.0,0.0064102565,1.0,,,1.0
5852,39.373234,1.0,0.0,1.0,,,1.0
5853,41.84615,1.0,0.0,1.0,,,1.0
5854,14.727866,1.0,0.0,1.0,,,1.0
5855,32.046597,1.0,0.003267974,1.0,,,1.0
5856,77.17307,1.0,0.008403362,1.0,,,1.0
5857,14.405032,1.0,0.0,1.0,,,1.0
5858,31.198116,1.0,0.0054945056,1.0,,,1.0
5859,0.0,1.0,0.0,1.0,,,1.0
5860,38.605515,1.0,0.006451613,1.0,,,1.0
5861,31.527805,1.0,0.003921569,1.0,,,1.0
5862,13.177577,1.0,0.006535948,1.0,,,1.0
5863,14.377555,1.0,0.0,1.0,,,1.0
5864,26.060339,1.0,0.014705882,1.0,,,1.0
5865,74.82495,1.0,0.003076923,1.0,,,1.0
5866,38.20176,1.0,0.011173184,1.0,,,1.0
5867,63.03454,1.0,0.01,1.0,,,1.0
5868,25.49416,1.0,0.048780486,1.0,,,1.0
5869,21.355864,1.0,0.005540166,1.0,,,1.0
5870,39.306293,1.0,0.004524887,1.0,,,1.0
5871,23.387144,1.0,0.0,1.0,,,1.0
5872,16.695372,1.0,0.0,1.0,,,1.0
5873,3.8795183,1.0,0.0,1.0,,,1.0
5874,5.3081384,1.0,0.0,1.0,,,1.0
5875,7.0108137,1.0,0.0,1.0,,,1.0
5876,25.891668,1.0,0.0,1.0,,,1.0
5877,31.676895,1.0,0.017699115,1.0,,,1.0
5878,25.716187,1.0,0.008547009,1.0,,,1.0
5879,52.507557,1.0,0.005540166,1.0,,,1.0
5880,12.263607,1.0,0.025641026,1.0,,,1.0
5881,43.21014,1.0,0.0058139535,1.0,,,1.0
5882,81.30377,1.0,0.009708738,1.0,,,1.0
5883,32.205074,1.0,0.021276595,1.0,,,1.0
5884,10.140469,1.0,0.009708738,1.0,,,1.0
5885,42.778877,1.0,0.015625,1.0,,,1.0
5886,55.82813,1.0,0.01459854,1.0,,,1.0
5887,9.86802,1.0,0.018867925,1.0,,,1.0
5888,14.686115,1.0,0.011494253,1.0,,,1.0
5889,34.478226,1.0,0.0053619305,1.0,,,1.0
5890,17.131151,1.0,0.02247191,1.0,,,1.0
5891,13.128555,1.0,0.0,1.0,,,1.0
5892,73.267296,1.0,0.014492754,1.0,,,1.0
5893,10.008569,1.0,0.0066006603,1.0,,,1.0
5894,7.0382304,1.0,0.0051282053,1.0,,,1.0
5895,6.828002,1.0,0.0,1.0,,,1.0
5896,41.70995,1.0,0.0057803467,1.0,,,1.0
5897,22.45595,1.0,0.03076923,1.0,,,1.0
5898,75.64731,1.0,0.008510638,1.0,,,1.0
5899,18.701628,1.0,0.0,1.0,,,1.0
5900,35.013527,1.0,0.0034246575,1.0,,,1.0
5901,66.737206,1.0,0.008298756,1.0,,,1.0
5902,31.391384,1.0,0.007168459,1.0,,,1.0
5903,11.334061,1.0,0.0070921984,1.0,,,1.0
5904,6.608009,1.0,0.010526316,1.0,,,1.0
5905,5.9804254,1.0,0.0,1.0,,,1.0
5906,36.802784,1.0,0.006802721,1.0,,,1.0
5907,11.549868,1.0,0.0,1.0,,,1.0
5908,10.338918,1.0,0.005524862,1.0,,,1.0
5909,49.87287,1.0,0.0065146578,1.0,,,1.0
5910,3.960888,1.0,0.0,1.0,,,1.0
5911,9.50362,1.0,0.004878049,1.0,,,1.0
5912,37.1636,1.0,0.0,1.0,,,1.0
5913,26.72067,1.0,0.0,1.0,,,1.0
5914,32.51213,1.0,0.0,1.0,,,1.0
5915,38.20176,1.0,0.022988506,1.0,,,1.0
5916,21.230251,1.0,0.005524862,1.0,,,1.0
5917,25.355108,1.0,0.005235602,1.0,,,1.0
5918,18.234339,1.0,0.01754386,1.0,,,1.0
5919,82.32585,1.0,0.0,1.0,,,1.0
5920,15.453197,1.0,0.006369427,1.0,,,1.0
5921,30.443695,1.0,0.012048192,1.0,,,1.0
5922,3.3341177,1.0,0.010526316,1.0,,,1.0
5923,78.47665,1.0,0.008333334,1.0,,,1.0
5924,56.72165,1.0,0.01459854,1.0,,,1.0
5925,40.459732,1.0,0.025641026,1.0,,,1.0
5926,137.15147,1.0,0.013986014,1.0,,,1.0
5927,102.72474,1.0,0.0045454544,1.0,,,1.0
5928,117.37837,1.0,0.01010101,1.0,,,1.0
5929,83.36918,1.0,0.012048192,1.0,,,1.0
5930,15.532078,1.0,0.0,1.0,,,1.0
5931,19.744022,1.0,0.0,1.0,,,1.0
5932,52.905174,1.0,0.036363635,1.0,,,1.0
5933,24.016008,1.0,0.0046948357,1.0,,,1.0
5934,42.320766,1.0,0.027777778,1.0,,,1.0
5935,56.72165,1.0,0.012121212,1.0,,,1.0
5936,15.050165,1.0,0.0,1.0,,,1.0
5937,17.343945,1.0,0.057142857,1.0,,,1.0
5938,37.332947,1.0,0.00990099,1.0,,,1.0
5939,59.784924,1.0,0.0034843206,1.0,,,1.0
5940,32.648952,1.0,0.016260162,1.0,,,1.0
5941,19.086199,1.0,0.0070921984,1.0,,,1.0
5942,16.918907,1.0,0.0,1.0,,,1.0
5943,29.709696,1.0,0.00877193,1.0,,,1.0
5944,21.734314,1.0,0.0056818184,1.0,,,1.0
5945,7.6042366,1.0,0.0031847134,1.0,,,1.0
5946,56.02844,1.0,0.008064516,1.0,,,1.0
5947,9.902723,1.0,0.00877193,1.0,,,1.0
5948,2.5803783,1.0,0.0,1.0,,,1.0
5949,24.102648,1.0,0.0053475937,1.0,,,1.0
5950,31.881863,1.0,0.0,1.0,,,1.0
5951,14.700169,1.0,0.0,1.0,,,1.0
5952,29.500444,1.0,0.0,1.0,,,1.0
5953,31.527805,1.0,0.0036630037,1.0,,,1.0
5954,13.345075,1.0,0.011173184,1.0,,,1.0
5955,32.24062,1.0,0.0,1.0,,,1.0
5956,52.085163,1.0,0.008368201,1.0,,,1.0
5957,24.951025,1.0,0.024096385,1.0,,,1.0
5958,12.370679,1.0,0.039215688,1.0,,,1.0
5959,7.110512,1.0,0.0,1.0,,,1.0
5960,59.60921,1.0,0.005376344,1.0,,,1.0
5961,26.098385,1.0,0.0,1.0,,,1.0
5962,22.211855,1.0,0.0,1.0,,,1.0
5963,25.030825,1.0,0.0,1.0,,,1.0
5964,2.869799,1.0,0.0,1.0,,,1.0
5965,4.1281466,1.0,0.0,1.0,,,1.0
5966,9.774988,1.0,0.0,1.0,,,1.0
5967,51.332123,1.0,0.0121951215,1.0,,,1.0
5968,10.050382,1.0,0.0009250694,1.0,,,1.0
5969,55.288162,1.0,0.006329114,1.0,,,1.0
5970,16.205183,1.0,0.0,1.0,,,1.0
5971,7.197021,1.0,0.04761905,1.0,,,1.0
5972,16.289019,1.0,0.0066225166,1.0,,,1.0
5973,125.9227,1.0,0.006153846,1.0,,,1.0
5974,3.3029437,1.0,0.0,1.0,,,1.0
5975,14.932191,1.0,0.0,1.0,,,1.0
5976,16.10021,1.0,0.0,1.0,,,1.0
5977,62.83131,1.0,0.004149378,1.0,,,1.0
5978,78.61112,1.0,0.0,1.0,,,1.0
5979,29.236734,1.0,0.0,1.0,,,1.0
5980,19.743355,1.0,0.0,1.0,,,1.0
5981,0.38747147,1.0,0.0,1.0,,,1.0
5982,10.9962,1.0,0.0076923077,1.0,,,1.0
5983,32.081238,1.0,0.010526316,1.0,,,1.0
5984,17.17146,1.0,0.0,1.0,,,1.0
5985,14.394102,1.0,0.0,1.0,,,1.0
5986,68.1871,1.0,0.0056497175,1.0,,,1.0
5987,9.540877,1.0,0.0,1.0,,,1.0
5988,26.562662,1.0,0.0049751243,1.0,,,1.0
5989,58.676807,1.0,0.0099502485,1.0,,,1.0
5990,16.709175,1.0,0.0046296297,1.0,,,1.0
5991,24.583567,1.0,0.0,1.0,,,1.0
5992,38.605515,1.0,0.046511628,1.0,,,1.0
5993,16.785555,1.0,0.0,1.0,,,1.0
5994,78.72688,1.0,0.0,1.0,,,1.0
5995,3.13483,1.0,0.0,1.0,,,1.0
5996,112.43434,1.0,0.007246377,1.0,,,1.0
5997,18.061148,1.0,0.025974026,1.0,,,1.0
5998,32.51213,1.0,0.0061919503,1.0,,,1.0
5999,13.421151,1.0,0.0,1.0,,,1.0
6000,16.295996,1.0,0.0125,1.0,,,1.0
6001,73.75817,1.0,0.007017544,1.0,,,1.0
6002,4.69217,1.0,0.011494253,1.0,,,1.0
6003,23.546011,1.0,0.016949153,1.0,,,1.0
6004,4.8055816,1.0,0.0,1.0,,,1.0
6005,8.851355,1.0,0.0,1.0,,,1.0
6006,4.37738,1.0,0.0,1.0,,,1.0
6007,28.372871,1.0,0.010695187,1.0,,,1.0
6008,49.015846,1.0,0.009090909,1.0,,,1.0
6009,5.49336,1.0,0.0,1.0,,,1.0
6010,36.048527,1.0,0.015037594,1.0,,,1.0
6011,6.936185,1.0,0.0,1.0,,,1.0
6012,18.931227,1.0,0.0070921984,1.0,,,1.0
6013,26.936724,1.0,0.0093896715,1.0,,,1.0
6014,76.26888,1.0,0.0051282053,1.0,,,1.0
6015,48.626236,1.0,0.015267176,1.0,,,1.0
6016,112.43434,1.0,0.0056179776,1.0,,,1.0
6017,6.9233704,1.0,0.0,1.0,,,1.0
6018,77.22009,1.0,0.007782101,1.0,,,1.0
6019,49.443634,1.0,0.0051282053,1.0,,,1.0
6020,114.30052,1.0,0.0032948928,1.0,,,1.0
6021,21.230251,1.0,0.04255319,1.0,,,1.0
6022,24.051332,1.0,0.009569378,1.0,,,1.0
6023,32.41711,1.0,0.012345679,1.0,,,1.0
6024,10.43295,1.0,0.04347826,1.0,,,1.0
6025,27.660566,1.0,0.0,1.0,,,1.0
6026,3.4369748,1.0,0.007782101,1.0,,,1.0
6027,6.113457,1.0,0.003960396,1.0,,,1.0
6028,27.44689,1.0,0.010204081,1.0,,,1.0
6029,9.455469,1.0,0.0,1.0,,,1.0
6030,3.5292687,1.0,0.0,1.0,,,1.0
6031,26.619974,1.0,0.011173184,1.0,,,1.0
6032,11.7739,1.0,0.0033444816,1.0,,,1.0
6033,12.19208,1.0,0.015873017,1.0,,,1.0
6034,80.59756,1.0,0.012987013,1.0,,,1.0
6035,8.351287,1.0,0.0,1.0,,,1.0
6036,75.32171,1.0,0.0,1.0,,,1.0
6037,49.927513,1.0,0.01010101,1.0,,,1.0
6038,2.940011,1.0,0.018181818,1.0,,,1.0
6039,70.53568,1.0,0.013157895,1.0,,,1.0
6040,49.648373,1.0,0.010638298,1.0,,,1.0
6041,5.035495,1.0,0.0,1.0,,,1.0
6042,14.75162,1.0,0.0,1.0,,,1.0
6043,26.074156,1.0,0.010526316,1.0,,,1.0
6044,15.854267,1.0,0.00625,1.0,,,1.0
6045,33.09787,1.0,0.029850746,1.0,,,1.0
6046,16.717476,1.0,0.0,1.0,,,1.0
6047,14.392543,1.0,0.0,1.0,,,1.0
6048,37.80101,1.0,0.028985508,1.0,,,1.0
6049,46.32421,1.0,0.0,1.0,,,1.0
6050,18.59283,1.0,0.0,1.0,,,1.0
6051,29.606997,1.0,0.013986014,1.0,,,1.0
6052,18.216642,1.0,0.010869565,1.0,,,1.0
6053,107.54991,1.0,0.008888889,1.0,,,1.0
6054,55.052856,1.0,0.010810811,1.0,,,1.0
6055,50.058445,1.0,0.007662835,1.0,,,1.0
6056,35.419224,1.0,0.00913242,1.0,,,1.0
6057,36.122364,1.0,0.0,1.0,,,1.0
6058,17.259703,1.0,0.0,1.0,,,1.0
6059,14.841428,1.0,0.0,1.0,,,1.0
6060,63.03454,1.0,0.016806724,1.0,,,1.0
6061,70.256454,1.0,0.0072202166,1.0,,,1.0
6062,12.231929,1.0,0.0,1.0,,,1.0
6063,47.678448,1.0,0.007936508,1.0,,,1.0
6064,46.08226,1.0,0.016,1.0,,,1.0
6065,8.879894,1.0,0.0,1.0,,,1.0
6066,23.716047,1.0,0.0038910506,1.0,,,1.0
6067,23.154047,1.0,0.0,1.0,,,1.0
6068,29.500444,1.0,0.0057636886,1.0,,,1.0
6069,15.314838,1.0,0.010695187,1.0,,,1.0
6070,33.64,1.0,0.005830904,1.0,,,1.0
6071,26.582561,1.0,0.003322259,1.0,,,1.0
6072,13.134894,1.0,0.0,1.0,,,1.0
6073,26.228851,1.0,0.0,1.0,,,1.0
6074,26.43045,1.0,0.013605442,1.0,,,1.0
6075,17.812529,1.0,0.0,1.0,,,1.0
6076,29.011908,1.0,0.015037594,1.0,,,1.0
6077,10.937942,1.0,0.0064102565,1.0,,,1.0
6078,9.58739,1.0,0.0,1.0,,,1.0
6079,35.691525,1.0,0.0,1.0,,,1.0
6080,70.53568,1.0,0.004347826,1.0,,,1.0
6081,7.1785173,1.0,0.0,1.0,,,1.0
6082,8.086003,1.0,0.0,1.0,,,1.0
6083,14.632587,1.0,0.0,1.0,,,1.0
6084,18.265018,1.0,0.006756757,1.0,,,1.0
6085,8.255786,1.0,0.006060606,1.0,,,1.0
6086,5.441296,1.0,0.0,1.0,,,1.0
6087,26.594042,1.0,0.012578616,1.0,,,1.0
6088,18.607048,1.0,0.014184397,1.0,,,1.0
6089,27.157064,1.0,0.0066225166,1.0,,,1.0
6090,16.51707,1.0,0.0047393367,1.0,,,1.0
6091,19.516108,1.0,0.0028571428,1.0,,,1.0
6092,79.97993,1.0,0.006289308,1.0,,,1.0
6093,87.37963,1.0,0.007246377,1.0,,,1.0
6094,87.21734,1.0,0.0,1.0,,,1.0
6095,21.087051,1.0,0.015873017,1.0,,,1.0
6096,117.691864,1.0,0.0033898305,1.0,,,1.0
6097,33.59411,1.0,0.010928961,1.0,,,1.0
6098,69.42076,1.0,0.013422819,1.0,,,1.0
6099,14.638949,1.0,0.0,1.0,,,1.0
6100,57.075314,1.0,0.012658228,1.0,,,1.0
6101,46.634182,1.0,0.014814815,1.0,,,1.0
6102,18.328123,1.0,0.009756098,1.0,,,1.0
6103,29.528275,1.0,0.041666668,1.0,,,1.0
6104,70.53568,1.0,0.0041841003,1.0,,,1.0
6105,59.01481,1.0,0.0066225166,1.0,,,1.0
6106,98.88285,1.0,0.0020618557,1.0,,,1.0
6107,14.519479,1.0,0.0039525693,1.0,,,1.0
6108,22.935066,1.0,0.0,1.0,,,1.0
6109,27.44557,1.0,0.074074075,1.0,,,1.0
6110,57.630264,1.0,0.0038314175,1.0,,,1.0
6111,65.509445,1.0,0.004494382,1.0,,,1.0
6112,100.17136,1.0,0.004555809,1.0,,,1.0
6113,40.23803,1.0,0.0074626864,1.0,,,1.0
6114,17.573599,1.0,0.04255319,1.0,,,1.0
6115,6.966068,1.0,0.0072202166,1.0,,,1.0
6116,16.938007,1.0,0.0018018018,1.0,,,1.0
6117,33.16621,1.0,0.028571429,1.0,,,1.0
6118,53.371506,1.0,0.022222223,1.0,,,1.0
6119,31.343449,1.0,0.008,1.0,,,1.0
6120,12.958361,1.0,0.013245033,1.0,,,1.0
6121,24.988256,1.0,0.009433962,1.0,,,1.0
6122,31.288324,1.0,0.0040650405,1.0,,,1.0
6123,48.469986,1.0,0.0,1.0,,,1.0
6124,49.745422,1.0,0.015503876,1.0,,,1.0
6125,81.13242,1.0,0.013793103,1.0,,,1.0
6126,25.311802,1.0,0.0,1.0,,,1.0
6127,65.98681,1.0,0.0068965517,1.0,,,1.0
6128,23.783321,1.0,0.025641026,1.0,,,1.0
6129,2.5406687,1.0,0.0,1.0,,,1.0
6130,90.652725,1.0,0.018181818,1.0,,,1.0
6131,114.3943,1.0,0.003921569,1.0,,,1.0
6132,14.2873955,1.0,0.005586592,1.0,,,1.0
6133,12.041626,1.0,0.033898305,1.0,,,1.0
6134,42.90579,1.0,0.016,1.0,,,1.0
6135,73.267296,1.0,0.004149378,1.0,,,1.0
6136,5.039693,1.0,0.0,1.0,,,1.0
6137,11.87665,1.0,0.011494253,1.0,,,1.0
6138,29.523497,1.0,0.0,1.0,,,1.0
6139,40.88979,1.0,0.0065146578,1.0,,,1.0
6140,6.5874834,1.0,0.0,1.0,,,1.0
6141,75.32171,1.0,0.005988024,1.0,,,1.0
6142,18.055567,1.0,0.016666668,1.0,,,1.0
6143,29.943281,1.0,0.004784689,1.0,,,1.0
6144,28.918488,1.0,0.017094018,1.0,,,1.0
6145,16.434494,1.0,0.005586592,1.0,,,1.0
6146,11.30285,1.0,0.040816326,1.0,,,1.0
6147,108.342125,1.0,0.0061728396,1.0,,,1.0
6148,84.432465,1.0,0.004555809,1.0,,,1.0
6149,39.07287,1.0,0.009090909,1.0,,,1.0
6150,15.734494,1.0,0.0057803467,1.0,,,1.0
6151,44.3136,1.0,0.0,1.0,,,1.0
6152,51.757824,1.0,0.0,1.0,,,1.0
6153,6.1429386,1.0,0.0,1.0,,,1.0
6154,44.706028,1.0,0.007067138,1.0,,,1.0
6155,11.4425,1.0,0.0,1.0,,,1.0
6156,53.86719,1.0,0.006451613,1.0,,,1.0
6157,55.29369,1.0,0.008695652,1.0,,,1.0
6158,76.26888,1.0,0.0,1.0,,,1.0
6159,5.7545557,1.0,0.0,1.0,,,1.0
6160,36.261192,1.0,0.0,1.0,,,1.0
6161,25.068401,1.0,0.0,1.0,,,1.0
6162,8.647238,1.0,0.025641026,1.0,,,1.0
6163,56.591736,1.0,0.008474576,1.0,,,1.0
6164,109.534454,1.0,0.012578616,1.0,,,1.0
6165,8.201359,1.0,0.020833334,1.0,,,1.0
6166,42.90579,1.0,0.006153846,1.0,,,1.0
6167,12.313015,1.0,0.02631579,1.0,,,1.0
6168,58.016228,1.0,0.007142857,1.0,,,1.0
6169,7.5308785,1.0,0.0037313432,1.0,,,1.0
6170,12.076607,1.0,0.0,1.0,,,1.0
6171,14.189832,1.0,0.010869565,1.0,,,1.0
6172,20.186737,1.0,0.0,1.0,,,1.0
6173,84.51457,1.0,0.0064102565,1.0,,,1.0
6174,16.560892,1.0,0.010416667,1.0,,,1.0
6175,33.08499,1.0,0.0,1.0,,,1.0
6176,7.9676228,1.0,0.006451613,1.0,,,1.0
6177,69.73952,1.0,0.00390625,1.0,,,1.0
6178,35.10533,1.0,0.0,1.0,,,1.0
6179,28.149693,1.0,0.008695652,1.0,,,1.0
6180,27.49867,1.0,0.0043290043,1.0,,,1.0
6181,36.51394,1.0,0.015748031,1.0,,,1.0
6182,25.113157,1.0,0.0062111802,1.0,,,1.0
6183,99.97798,1.0,0.007751938,1.0,,,1.0
6184,25.20799,1.0,0.0061919503,1.0,,,1.0
6185,19.949017,1.0,0.0076923077,1.0,,,1.0
6186,63.4572,1.0,0.018181818,1.0,,,1.0
6187,19.031137,1.0,0.0,1.0,,,1.0
6188,56.22824,1.0,0.0,1.0,,,1.0
6189,48.73418,1.0,0.0038834952,1.0,,,1.0
6190,43.458054,1.0,0.0040650405,1.0,,,1.0
6191,36.752174,1.0,0.005882353,1.0,,,1.0
6192,29.293152,1.0,0.0057142857,1.0,,,1.0
6193,23.387144,1.0,0.0,1.0,,,1.0
6194,6.7691317,1.0,0.0,1.0,,,1.0
6195,30.551092,1.0,0.0,1.0,,,1.0
6196,10.853316,1.0,0.002105263,1.0,,,1.0
6197,9.328877,1.0,0.0,1.0,,,1.0
6198,21.962276,1.0,0.0056179776,1.0,,,1.0
6199,61.98508,1.0,0.0067114094,1.0,,,1.0
6200,10.8996315,1.0,0.0,1.0,,,1.0
6201,56.898495,1.0,0.0,1.0,,,1.0
6202,82.15262,1.0,0.0030395137,1.0,,,1.0
6203,48.210796,1.0,0.010869565,1.0,,,1.0
6204,36.83849,1.0,0.011363637,1.0,,,1.0
6205,9.751271,1.0,0.0,1.0,,,1.0
6206,24.530201,1.0,0.012738854,1.0,,,1.0
6207,33.687805,1.0,0.006802721,1.0,,,1.0
6208,9.060024,1.0,0.0,1.0,,,1.0
6209,32.843678,1.0,0.023255814,1.0,,,1.0
6210,59.60921,1.0,0.0037950664,1.0,,,1.0
6211,47.376976,1.0,0.0,1.0,,,1.0
6212,1.4383854,1.0,0.0,1.0,,,1.0
6213,38.96952,1.0,0.011363637,1.0,,,1.0
6214,8.803576,1.0,0.0,1.0,,,1.0
6215,56.376305,1.0,0.013333334,1.0,,,1.0
6216,44.54079,1.0,0.011173184,1.0,,,1.0
6217,61.98508,1.0,0.0,1.0,,,1.0
6218,63.5304,1.0,0.006430868,1.0,,,1.0
6219,29.944487,1.0,0.015267176,1.0,,,1.0
6220,3.2472248,1.0,0.0,1.0,,,1.0
6221,32.783146,1.0,0.006849315,1.0,,,1.0
6222,50.85755,1.0,0.010810811,1.0,,,1.0
6223,57.51592,1.0,0.00591716,1.0,,,1.0
6224,35.267162,1.0,0.007751938,1.0,,,1.0
6225,81.59623,1.0,0.0,1.0,,,1.0
6226,51.840786,1.0,0.006993007,1.0,,,1.0
6227,39.911526,1.0,0.003690037,1.0,,,1.0
6228,22.179342,1.0,0.0,1.0,,,1.0
6229,57.51592,1.0,0.010362694,1.0,,,1.0
6230,1.7803456,1.0,0.0,1.0,,,1.0
6231,43.780178,1.0,0.0,1.0,,,1.0
6232,23.06741,1.0,0.0,1.0,,,1.0
6233,9.369753,1.0,0.00729927,1.0,,,1.0
6234,47.030117,1.0,0.018691588,1.0,,,1.0
6235,6.734853,1.0,0.0,1.0,,,1.0
6236,48.64269,1.0,0.015873017,1.0,,,1.0
6237,30.331627,1.0,0.0057306592,1.0,,,1.0
6238,28.436874,1.0,0.00625,1.0,,,1.0
6239,12.663508,1.0,0.0,1.0,,,1.0
6240,28.392302,1.0,0.011494253,1.0,,,1.0
6241,50.249947,1.0,0.011363637,1.0,,,1.0
6242,7.539209,1.0,0.0051282053,1.0,,,1.0
6243,73.267296,1.0,0.003929273,1.0,,,1.0
6244,10.904931,1.0,0.012820513,1.0,,,1.0
6245,28.216385,1.0,0.01754386,1.0,,,1.0
6246,70.53568,1.0,0.016528925,1.0,,,1.0
6247,29.806673,1.0,0.0031347962,1.0,,,1.0
6248,19.252357,1.0,0.0,1.0,,,1.0
6249,53.428047,1.0,0.007518797,1.0,,,1.0
6250,42.447838,1.0,0.005988024,1.0,,,1.0
6251,48.698395,1.0,0.008888889,1.0,,,1.0
6252,11.95074,1.0,0.0033112583,1.0,,,1.0
6253,26.887266,1.0,0.0034602077,1.0,,,1.0
6254,23.941542,1.0,0.04255319,1.0,,,1.0
6255,3.7594914,1.0,0.0,1.0,,,1.0
6256,56.376305,1.0,0.0019607844,1.0,,,1.0
6257,28.332193,1.0,0.007017544,1.0,,,1.0
6258,17.026337,1.0,0.013245033,1.0,,,1.0
6259,40.31641,1.0,0.014285714,1.0,,,1.0
6260,61.361763,1.0,0.0042462847,1.0,,,1.0
6261,16.748564,1.0,0.0,1.0,,,1.0
6262,56.542282,1.0,0.011049724,1.0,,,1.0
6263,45.2774,1.0,0.0050251256,1.0,,,1.0
6264,42.90579,1.0,0.023809524,1.0,,,1.0
6265,10.203394,1.0,0.018518519,1.0,,,1.0
6266,41.412525,1.0,0.004415011,1.0,,,1.0
6267,112.43434,1.0,0.006644518,1.0,,,1.0
6268,50.27301,1.0,0.0033500837,1.0,,,1.0
6269,11.783007,1.0,0.0,1.0,,,1.0
6270,87.74461,1.0,0.0032786885,1.0,,,1.0
6271,28.372871,1.0,0.016129032,1.0,,,1.0
6272,82.35304,1.0,0.0,1.0,,,1.0
6273,7.775419,1.0,0.009009009,1.0,,,1.0
6274,115.54238,1.0,0.01923077,1.0,,,1.0
6275,33.535656,1.0,0.010869565,1.0,,,1.0
6276,16.898422,1.0,0.025,1.0,,,1.0
6277,59.643055,1.0,0.006134969,1.0,,,1.0
6278,37.873116,1.0,0.045454547,1.0,,,1.0
6279,31.527805,1.0,0.003944773,1.0,,,1.0
6280,44.706028,1.0,0.0036630037,1.0,,,1.0
6281,7.557565,1.0,0.0,1.0,,,1.0
6282,6.9097786,1.0,0.0049261083,1.0,,,1.0
6283,29.348307,1.0,0.0049751243,1.0,,,1.0
6284,22.706106,1.0,0.01754386,1.0,,,1.0
6285,20.956894,1.0,0.0,1.0,,,1.0
6286,4.878976,1.0,0.0088495575,1.0,,,1.0
6287,41.30213,1.0,0.015873017,1.0,,,1.0
6288,29.928143,1.0,0.0069204154,1.0,,,1.0
6289,27.592148,1.0,0.009433962,1.0,,,1.0
6290,33.63226,1.0,0.009345794,1.0,,,1.0
6291,75.32171,1.0,0.001908397,1.0,,,1.0
6292,13.199777,1.0,0.0068965517,1.0,,,1.0
6293,73.42956,1.0,0.004750594,1.0,,,1.0
6294,29.574545,1.0,0.015748031,1.0,,,1.0
6295,10.824467,1.0,0.012121212,1.0,,,1.0
6296,51.25193,1.0,0.007246377,1.0,,,1.0
6297,101.899895,1.0,0.0038240917,1.0,,,1.0
6298,71.42983,1.0,0.00390625,1.0,,,1.0
6299,21.62871,1.0,0.016949153,1.0,,,1.0
6300,49.098423,1.0,0.012658228,1.0,,,1.0
6301,39.91107,1.0,0.012048192,1.0,,,1.0
6302,19.341354,1.0,0.0,1.0,,,1.0
6303,93.26041,1.0,0.005235602,1.0,,,1.0
6304,29.719845,1.0,0.0,1.0,,,1.0
6305,59.26218,1.0,0.01923077,1.0,,,1.0
6306,55.522114,1.0,0.0031746032,1.0,,,1.0
6307,81.40033,1.0,0.008547009,1.0,,,1.0
6308,17.238586,1.0,0.005586592,1.0,,,1.0
6309,36.614746,1.0,0.0,1.0,,,1.0
6310,3.4250538,1.0,0.0,1.0,,,1.0
6311,87.1648,1.0,0.0056980057,1.0,,,1.0
6312,17.654335,1.0,0.004115226,1.0,,,1.0
6313,63.311985,1.0,0.010810811,1.0,,,1.0
6314,20.995932,1.0,0.0069204154,1.0,,,1.0
6315,40.258747,1.0,0.0070921984,1.0,,,1.0
6316,25.934242,1.0,0.0031347962,1.0,,,1.0
6317,13.842765,1.0,0.0,1.0,,,1.0
6318,19.79666,1.0,0.0,1.0,,,1.0
6319,38.341583,1.0,0.006849315,1.0,,,1.0
6320,101.899734,1.0,0.014492754,1.0,,,1.0
6321,86.234726,1.0,0.0054644807,1.0,,,1.0
6322,115.54238,1.0,0.004950495,1.0,,,1.0
6323,16.386242,1.0,0.0026595744,1.0,,,1.0
6324,13.066461,1.0,0.0,1.0,,,1.0
6325,68.17176,1.0,0.017391304,1.0,,,1.0
6326,17.862709,1.0,0.008264462,1.0,,,1.0
6327,42.433804,1.0,0.0,1.0,,,1.0
6328,55.554306,1.0,0.0,1.0,,,1.0
6329,10.430222,1.0,0.019607844,1.0,,,1.0
6330,63.03454,1.0,0.014492754,1.0,,,1.0
6331,50.684395,1.0,0.012345679,1.0,,,1.0
6332,108.342125,1.0,0.0062695923,1.0,,,1.0
6333,32.67567,1.0,0.0046948357,1.0,,,1.0
6334,55.130615,1.0,0.0,1.0,,,1.0
6335,42.433804,1.0,0.010309278,1.0,,,1.0
6336,30.625973,1.0,0.0070921984,1.0,,,1.0
6337,9.154886,1.0,0.009009009,1.0,,,1.0
6338,55.254353,1.0,0.0,1.0,,,1.0
6339,64.32761,1.0,0.01754386,1.0,,,1.0
6340,115.54238,1.0,0.0057306592,1.0,,,1.0
6341,48.87688,1.0,0.0036968577,1.0,,,1.0
6342,46.434673,1.0,0.0,1.0,,,1.0
6343,14.9787,1.0,0.0025062656,1.0,,,1.0
6344,66.482666,1.0,0.00729927,1.0,,,1.0
6345,19.481262,1.0,0.0,1.0,,,1.0
6346,11.244788,1.0,0.007874016,1.0,,,1.0
6347,4.6889796,1.0,0.008658009,1.0,,,1.0
6348,48.330437,1.0,0.0029850747,1.0,,,1.0
6349,14.883355,1.0,0.006849315,1.0,,,1.0
6350,56.72165,1.0,0.009661836,1.0,,,1.0
6351,33.699062,1.0,0.002570694,1.0,,,1.0
6352,20.437378,1.0,0.0,1.0,,,1.0
6353,94.55113,1.0,0.003875969,1.0,,,1.0
6354,2.283013,1.0,0.031746034,1.0,,,1.0
6355,32.710682,1.0,0.0,1.0,,,1.0
6356,21.765255,1.0,0.0,1.0,,,1.0
6357,69.42076,1.0,0.008130081,1.0,,,1.0
6358,30.149088,1.0,0.003144654,1.0,,,1.0
6359,33.64,1.0,0.010928961,1.0,,,1.0
6360,37.243046,1.0,0.014084507,1.0,,,1.0
6361,25.96554,1.0,0.0,1.0,,,1.0
6362,73.504425,1.0,0.010309278,1.0,,,1.0
6363,80.49888,1.0,0.0042283298,1.0,,,1.0
6364,21.333494,1.0,0.0,1.0,,,1.0
6365,33.345943,1.0,0.010526316,1.0,,,1.0
6366,19.924425,1.0,0.015151516,1.0,,,1.0
6367,8.530984,1.0,0.0,1.0,,,1.0
6368,52.862293,1.0,0.0053475937,1.0,,,1.0
6369,10.501043,1.0,0.0,1.0,,,1.0
6370,21.698053,1.0,0.0070422534,1.0,,,1.0
6371,17.080246,1.0,0.010989011,1.0,,,1.0
6372,81.453354,1.0,0.008474576,1.0,,,1.0
6373,4.554209,1.0,0.009009009,1.0,,,1.0
6374,32.055897,1.0,0.008264462,1.0,,,1.0
6375,33.18072,1.0,0.008547009,1.0,,,1.0
6376,13.657829,1.0,0.006688963,1.0,,,1.0
6377,17.861385,1.0,0.0,1.0,,,1.0
6378,64.689354,1.0,0.0,1.0,,,1.0
6379,98.70822,1.0,0.02,1.0,,,1.0
6380,26.279182,1.0,0.0,1.0,,,1.0
6381,8.311276,1.0,0.013888889,1.0,,,1.0
6382,5.6718073,1.0,0.010204081,1.0,,,1.0
6383,37.343773,1.0,0.0065789474,1.0,,,1.0
6384,125.9227,1.0,0.0055710305,1.0,,,1.0
6385,29.71264,1.0,0.0068965517,1.0,,,1.0
6386,82.32585,1.0,0.012578616,1.0,,,1.0
6387,35.803875,1.0,0.007246377,1.0,,,1.0
6388,47.65984,1.0,0.0,1.0,,,1.0
6389,15.143274,1.0,0.0,1.0,,,1.0
6390,18.515179,1.0,0.012269938,1.0,,,1.0
6391,7.036714,1.0,0.0,1.0,,,1.0
6392,69.219315,1.0,0.0057306592,1.0,,,1.0
6393,63.79785,1.0,0.007633588,1.0,,,1.0
6394,18.082464,1.0,0.0,1.0,,,1.0
6395,1.5406302,1.0,0.0025062656,1.0,,,1.0
6396,26.076529,1.0,0.008264462,1.0,,,1.0
6397,68.1871,1.0,0.005,1.0,,,1.0
6398,29.143517,1.0,0.008368201,1.0,,,1.0
6399,39.032974,1.0,0.032258064,1.0,,,1.0
6400,15.66591,1.0,0.006451613,1.0,,,1.0
6401,117.691864,1.0,0.0043956046,1.0,,,1.0
6402,115.54238,1.0,0.0043290043,1.0,,,1.0
6403,74.462616,1.0,0.009090909,1.0,,,1.0
6404,79.2343,1.0,0.0064935065,1.0,,,1.0
6405,40.742737,1.0,0.0069444445,1.0,,,1.0
6406,13.080303,1.0,0.0056338026,1.0,,,1.0
6407,46.737064,1.0,0.012903226,1.0,,,1.0
6408,27.434822,1.0,0.004716981,1.0,,,1.0
6409,61.175056,1.0,0.0,1.0,,,1.0
6410,28.504581,1.0,0.008403362,1.0,,,1.0
6411,63.177364,1.0,0.0,1.0,,,1.0
6412,34.06485,1.0,0.002415459,1.0,,,1.0
6413,26.439705,1.0,0.006289308,1.0,,,1.0
6414,112.43434,1.0,0.0,1.0,,,1.0
6415,34.676586,1.0,0.005319149,1.0,,,1.0
6416,3.7996624,1.0,0.0,1.0,,,1.0
6417,4.669882,1.0,0.0,1.0,,,1.0
6418,20.750788,1.0,0.0,1.0,,,1.0
6419,29.680656,1.0,0.0,1.0,,,1.0
6420,15.852527,1.0,0.013422819,1.0,,,1.0
6421,16.948988,1.0,0.018181818,1.0,,,1.0
6422,41.83559,1.0,0.0031347962,1.0,,,1.0
6423,18.886099,1.0,0.030303031,1.0,,,1.0
6424,2.7376413,1.0,0.0,1.0,,,1.0
6425,40.736046,1.0,0.03773585,1.0,,,1.0
6426,124.35362,1.0,0.022727273,1.0,,,1.0
6427,35.51589,1.0,0.016260162,1.0,,,1.0
6428,41.499313,1.0,0.007575758,1.0,,,1.0
6429,14.395611,1.0,0.0,1.0,,,1.0
6430,25.499916,1.0,0.016393442,1.0,,,1.0
6431,46.828533,1.0,0.0,1.0,,,1.0
6432,117.691864,1.0,0.008474576,1.0,,,1.0
6433,2.929187,1.0,0.0,1.0,,,1.0
6434,21.230251,1.0,0.017391304,1.0,,,1.0
6435,15.094431,1.0,0.0,1.0,,,1.0
6436,40.982872,1.0,0.008064516,1.0,,,1.0
6437,29.00706,1.0,0.010526316,1.0,,,1.0
6438,37.615612,1.0,0.010256411,1.0,,,1.0
6439,10.011621,1.0,0.00862069,1.0,,,1.0
6440,3.2471957,1.0,0.0,1.0,,,1.0
6441,33.504845,1.0,0.0045871558,1.0,,,1.0
6442,6.7600884,1.0,0.0,1.0,,,1.0
6443,2.6854224,1.0,0.0,1.0,,,1.0
6444,77.250206,1.0,0.0,1.0,,,1.0
6445,19.930353,1.0,0.0,1.0,,,1.0
6446,102.88374,1.0,0.0,1.0,,,1.0
6447,28.362438,1.0,0.02739726,1.0,,,1.0
6448,68.1871,1.0,0.016260162,1.0,,,1.0
6449,12.160251,1.0,0.0,1.0,,,1.0
6450,30.649261,1.0,0.0,1.0,,,1.0
6451,38.589554,1.0,0.015873017,1.0,,,1.0
6452,11.492666,1.0,0.007874016,1.0,,,1.0
6453,14.943771,1.0,0.0,1.0,,,1.0
6454,10.904931,1.0,0.008888889,1.0,,,1.0
6455,49.789387,1.0,0.0032258064,1.0,,,1.0
6456,11.767868,1.0,0.0,1.0,,,1.0
6457,20.40353,1.0,0.010050251,1.0,,,1.0
6458,31.98157,1.0,0.016949153,1.0,,,1.0
6459,6.2458153,1.0,0.0,1.0,,,1.0
6460,89.84659,1.0,0.0037313432,1.0,,,1.0
6461,35.419224,1.0,0.004784689,1.0,,,1.0
6462,31.816439,1.0,0.012658228,1.0,,,1.0
6463,68.449905,1.0,0.030303031,1.0,,,1.0
6464,42.09108,1.0,0.0053050397,1.0,,,1.0
6465,18.0773,1.0,0.0035273368,1.0,,,1.0
6466,8.868177,1.0,0.028571429,1.0,,,1.0
6467,27.253378,1.0,0.007874016,1.0,,,1.0
6468,21.074625,1.0,0.009756098,1.0,,,1.0
6469,0.17658608,1.0,0.0,1.0,,,1.0
6470,33.63226,1.0,0.011494253,1.0,,,1.0
6471,6.5874834,1.0,0.0018484289,1.0,,,1.0
6472,7.756599,1.0,0.0069444445,1.0,,,1.0
6473,43.57887,1.0,0.002538071,1.0,,,1.0
6474,50.24949,1.0,0.0,1.0,,,1.0
6475,67.00446,1.0,0.0019723866,1.0,,,1.0
6476,31.174076,1.0,0.009661836,1.0,,,1.0
6477,36.17055,1.0,0.010869565,1.0,,,1.0
6478,29.79204,1.0,0.0,1.0,,,1.0
6479,32.17467,1.0,0.0045454544,1.0,,,1.0
6480,32.842327,1.0,0.006666667,1.0,,,1.0
6481,26.010574,1.0,0.0076923077,1.0,,,1.0
6482,6.535098,1.0,0.0,1.0,,,1.0
6483,31.512604,1.0,0.006802721,1.0,,,1.0
6484,39.077213,1.0,0.011299435,1.0,,,1.0
6485,37.243046,1.0,0.0054644807,1.0,,,1.0
6486,53.14647,1.0,0.0078125,1.0,,,1.0
6487,25.132582,1.0,0.0,1.0,,,1.0
6488,22.626179,1.0,0.0,1.0,,,1.0
6489,27.434822,1.0,0.0,1.0,,,1.0
6490,40.47501,1.0,0.0,1.0,,,1.0
6491,27.543184,1.0,0.02173913,1.0,,,1.0
6492,65.10116,1.0,0.0065146578,1.0,,,1.0
6493,43.2561,1.0,0.010928961,1.0,,,1.0
6494,63.247498,1.0,0.0,1.0,,,1.0
6495,1.1527618,1.0,0.0,1.0,,,1.0
6496,57.51592,1.0,0.010695187,1.0,,,1.0
6497,20.984856,1.0,0.0,1.0,,,1.0
6498,13.722279,1.0,0.0,1.0,,,1.0
6499,34.307804,1.0,0.006369427,1.0,,,1.0
6500,57.07793,1.0,0.005586592,1.0,,,1.0
6501,25.512716,1.0,0.033898305,1.0,,,1.0
6502,26.139334,1.0,0.0,1.0,,,1.0
6503,53.97377,1.0,0.0057142857,1.0,,,1.0
6504,34.863483,1.0,0.010928961,1.0,,,1.0
6505,37.81681,1.0,0.0099502485,1.0,,,1.0
6506,6.8084674,1.0,0.0,1.0,,,1.0
6507,4.1893716,1.0,0.0,1.0,,,1.0
6508,28.530111,1.0,0.0,1.0,,,1.0
6509,94.27873,1.0,0.003992016,1.0,,,1.0
6510,40.21296,1.0,0.01724138,1.0,,,1.0
6511,46.197254,1.0,0.001459854,1.0,,,1.0
6512,8.442342,1.0,0.0,1.0,,,1.0
6513,46.753887,1.0,0.0,1.0,,,1.0
6514,32.783146,1.0,0.0074626864,1.0,,,1.0
6515,66.09364,1.0,0.009009009,1.0,,,1.0
6516,24.501682,1.0,0.0,1.0,,,1.0
6517,10.792299,1.0,0.0055555557,1.0,,,1.0
6518,25.495079,1.0,0.003984064,1.0,,,1.0
6519,17.269524,1.0,0.0,1.0,,,1.0
6520,59.905598,1.0,0.00390625,1.0,,,1.0
6521,42.433804,1.0,0.007194245,1.0,,,1.0
6522,46.235252,1.0,0.040816326,1.0,,,1.0
6523,39.984516,1.0,0.022988506,1.0,,,1.0
6524,81.40033,1.0,0.011428571,1.0,,,1.0
6525,24.614609,1.0,0.022727273,1.0,,,1.0
6526,8.955703,1.0,0.01010101,1.0,,,1.0
6527,74.48423,1.0,0.0091743115,1.0,,,1.0
6528,12.865076,1.0,0.0,1.0,,,1.0
6529,37.760273,1.0,0.0,1.0,,,1.0
6530,21.59903,1.0,0.005181347,1.0,,,1.0
6531,112.21493,1.0,0.00729927,1.0,,,1.0
6532,12.873835,1.0,0.008333334,1.0,,,1.0
6533,25.367178,1.0,0.006666667,1.0,,,1.0
6534,5.996595,1.0,0.023255814,1.0,,,1.0
6535,109.534454,1.0,0.0078125,1.0,,,1.0
6536,5.8017306,1.0,0.0,1.0,,,1.0
6537,24.402512,1.0,0.0,1.0,,,1.0
6538,64.03762,1.0,0.011764706,1.0,,,1.0
6539,52.038982,1.0,0.0,1.0,,,1.0
6540,16.03966,1.0,0.0,1.0,,,1.0
6541,14.3829975,1.0,0.00990099,1.0,,,1.0
6542,27.63229,1.0,0.031746034,1.0,,,1.0
6543,12.70722,1.0,0.008130081,1.0,,,1.0
6544,19.816198,1.0,0.01754386,1.0,,,1.0
6545,108.342125,1.0,0.005277045,1.0,,,1.0
6546,44.9093,1.0,0.0,1.0,,,1.0
6547,11.541805,1.0,0.004878049,1.0,,,1.0
6548,25.404383,1.0,0.0,1.0,,,1.0
6549,31.616838,1.0,0.01,1.0,,,1.0
6550,31.229944,1.0,0.0066225166,1.0,,,1.0
6551,25.20799,1.0,0.014705882,1.0,,,1.0
6552,20.089495,1.0,0.060606062,1.0,,,1.0
6553,31.527805,1.0,0.010989011,1.0,,,1.0
6554,5.4907374,1.0,0.0,1.0,,,1.0
6555,29.381933,1.0,0.04761905,1.0,,,1.0
6556,10.178998,1.0,0.013157895,1.0,,,1.0
6557,48.087406,1.0,0.012987013,1.0,,,1.0
6558,31.512604,1.0,0.0076923077,1.0,,,1.0
6559,3.649497,1.0,0.0,1.0,,,1.0
6560,10.826338,1.0,0.0,1.0,,,1.0
6561,24.81853,1.0,0.018867925,1.0,,,1.0
6562,8.379839,1.0,0.010256411,1.0,,,1.0
6563,12.493307,1.0,0.0,1.0,,,1.0
6564,20.231709,1.0,0.009433962,1.0,,,1.0
6565,63.03454,1.0,0.023529412,1.0,,,1.0
6566,20.172089,1.0,0.012820513,1.0,,,1.0
6567,15.570074,1.0,0.007067138,1.0,,,1.0
6568,58.016228,1.0,0.007142857,1.0,,,1.0
6569,22.42248,1.0,0.0076923077,1.0,,,1.0
6570,17.327017,1.0,0.0,1.0,,,1.0
6571,20.172089,1.0,0.012820513,1.0,,,1.0
6572,75.32171,1.0,0.0042918455,1.0,,,1.0
6573,37.22533,1.0,0.0,1.0,,,1.0
6574,81.40033,1.0,0.01754386,1.0,,,1.0
6575,47.21923,1.0,0.005988024,1.0,,,1.0
6576,46.523674,1.0,0.0032258064,1.0,,,1.0
6577,37.1636,1.0,0.01724138,1.0,,,1.0
6578,11.791986,1.0,0.0625,1.0,,,1.0
6579,60.91268,1.0,0.016260162,1.0,,,1.0
6580,48.833973,1.0,0.004115226,1.0,,,1.0
6581,56.591736,1.0,0.006802721,1.0,,,1.0
6582,27.19665,1.0,0.008368201,1.0,,,1.0
6583,14.758531,1.0,0.0,1.0,,,1.0
6584,15.070463,1.0,0.0,1.0,,,1.0
6585,55.40343,1.0,0.007490637,1.0,,,1.0
6586,38.96952,1.0,0.03125,1.0,,,1.0
6587,43.57887,1.0,0.0071174377,1.0,,,1.0
6588,2.3489683,1.0,0.0125,1.0,,,1.0
6589,49.16351,1.0,0.009756098,1.0,,,1.0
6590,1.614666,1.0,0.0,1.0,,,1.0
6591,29.944487,1.0,0.0036630037,1.0,,,1.0
6592,16.023563,1.0,0.032258064,1.0,,,1.0
6593,57.282772,1.0,0.0036764706,1.0,,,1.0
6594,43.313755,1.0,0.0,1.0,,,1.0
6595,39.538147,1.0,0.0,1.0,,,1.0
6596,37.1636,1.0,0.00896861,1.0,,,1.0
6597,10.746652,1.0,0.009478673,1.0,,,1.0
6598,51.027836,1.0,0.0050890585,1.0,,,1.0
6599,28.639816,1.0,0.0,1.0,,,1.0
6600,22.449162,1.0,0.0,1.0,,,1.0
6601,13.080303,1.0,0.0091743115,1.0,,,1.0
6602,71.70666,1.0,0.0070422534,1.0,,,1.0
6603,57.319286,1.0,0.013605442,1.0,,,1.0
6604,8.639981,1.0,0.0,1.0,,,1.0
6605,22.90032,1.0,0.0,1.0,,,1.0
6606,26.53885,1.0,0.018691588,1.0,,,1.0
6607,5.048007,1.0,0.0,1.0,,,1.0
6608,26.741909,1.0,0.022222223,1.0,,,1.0
6609,16.941963,1.0,0.00921659,1.0,,,1.0
6610,71.00416,1.0,0.0038834952,1.0,,,1.0
6611,41.70995,1.0,0.003649635,1.0,,,1.0
6612,26.285448,1.0,0.0051020407,1.0,,,1.0
6613,13.473247,1.0,0.0,1.0,,,1.0
6614,7.9800887,1.0,0.0049751243,1.0,,,1.0
6615,49.257343,1.0,0.0093896715,1.0,,,1.0
6616,20.652634,1.0,0.0054644807,1.0,,,1.0
6617,8.57208,1.0,0.009708738,1.0,,,1.0
6618,41.911488,1.0,0.0033670033,1.0,,,1.0
6619,5.831686,1.0,0.0,1.0,,,1.0
6620,63.108883,1.0,0.017857144,1.0,,,1.0
6621,101.899734,1.0,0.011764706,1.0,,,1.0
6622,28.625896,1.0,0.014814815,1.0,,,1.0
6623,4.5632954,1.0,0.0,1.0,,,1.0
6624,41.85117,1.0,0.012269938,1.0,,,1.0
6625,14.952804,1.0,0.02631579,1.0,,,1.0
6626,41.412525,1.0,0.0062695923,1.0,,,1.0
6627,42.749653,1.0,0.0,1.0,,,1.0
6628,0.56272227,1.0,0.0,1.0,,,1.0
6629,22.179342,1.0,0.011904762,1.0,,,1.0
6630,49.67842,1.0,0.012269938,1.0,,,1.0
6631,53.408028,1.0,0.022988506,1.0,,,1.0
6632,13.677422,1.0,0.015384615,1.0,,,1.0
6633,11.354346,1.0,0.0036101083,1.0,,,1.0
6634,7.6267138,1.0,0.0,1.0,,,1.0
6635,10.792299,1.0,0.010638298,1.0,,,1.0
6636,38.605515,1.0,0.0,1.0,,,1.0
6637,17.010214,1.0,0.09090909,1.0,,,1.0
6638,81.40033,1.0,0.0099502485,1.0,,,1.0
6639,32.97824,1.0,0.015267176,1.0,,,1.0
6640,55.130615,1.0,0.033898305,1.0,,,1.0
6641,26.279182,1.0,0.007751938,1.0,,,1.0
6642,23.861872,1.0,0.014925373,1.0,,,1.0
6643,3.055273,1.0,0.0,1.0,,,1.0
6644,34.06485,1.0,0.012658228,1.0,,,1.0
6645,17.63759,1.0,0.0,1.0,,,1.0
6646,6.8954415,1.0,0.014184397,1.0,,,1.0
6647,33.16621,1.0,0.013245033,1.0,,,1.0
6648,102.64424,1.0,0.007968128,1.0,,,1.0
6649,64.704315,1.0,0.004854369,1.0,,,1.0
6650,7.744138,1.0,0.051282052,1.0,,,1.0
6651,15.166085,1.0,0.0,1.0,,,1.0
6652,31.64564,1.0,0.0057142857,1.0,,,1.0
6653,23.191128,1.0,0.005934718,1.0,,,1.0
6654,9.990434,1.0,0.01459854,1.0,,,1.0
6655,45.13722,1.0,0.006557377,1.0,,,1.0
6656,38.605515,1.0,0.0,1.0,,,1.0
6657,4.539181,1.0,0.0,1.0,,,1.0
6658,38.073475,1.0,0.012987013,1.0,,,1.0
6659,67.38223,1.0,0.0,1.0,,,1.0
6660,50.764927,1.0,0.0,1.0,,,1.0
6661,10.625091,1.0,0.0,1.0,,,1.0
6662,11.133394,1.0,0.0,1.0,,,1.0
6663,98.58889,1.0,0.0037523452,1.0,,,1.0
6664,39.197456,1.0,0.0051282053,1.0,,,1.0
6665,15.077546,1.0,0.0070921984,1.0,,,1.0
6666,24.420267,1.0,0.0,1.0,,,1.0
6667,19.755814,1.0,0.0,1.0,,,1.0
6668,33.804516,1.0,0.04255319,1.0,,,1.0
6669,78.72688,1.0,0.0056179776,1.0,,,1.0
6670,63.247498,1.0,0.0088495575,1.0,,,1.0
6671,37.789955,1.0,0.004347826,1.0,,,1.0
6672,66.13528,1.0,0.009433962,1.0,,,1.0
6673,56.75114,1.0,0.009803922,1.0,,,1.0
6674,23.98402,1.0,0.013333334,1.0,,,1.0
6675,29.71264,1.0,0.006802721,1.0,,,1.0
6676,77.84169,1.0,0.004016064,1.0,,,1.0
6677,20.871643,1.0,0.0,1.0,,,1.0
6678,17.99455,1.0,0.008810572,1.0,,,1.0
6679,54.11786,1.0,0.012345679,1.0,,,1.0
6680,16.796589,1.0,0.0017699115,1.0,,,1.0
6681,9.115896,1.0,0.019417476,1.0,,,1.0
6682,31.83337,1.0,0.028985508,1.0,,,1.0
6683,80.49888,1.0,0.004819277,1.0,,,1.0
6684,13.58487,1.0,0.0,1.0,,,1.0
6685,63.4572,1.0,0.013157895,1.0,,,1.0
6686,100.17136,1.0,0.0078125,1.0,,,1.0
6687,39.862213,1.0,0.0,1.0,,,1.0
6688,34.459187,1.0,0.013513514,1.0,,,1.0
6689,41.428894,1.0,0.006535948,1.0,,,1.0
6690,108.342125,1.0,0.0062305294,1.0,,,1.0
6691,36.050312,1.0,0.008888889,1.0,,,1.0
6692,20.723194,1.0,0.020833334,1.0,,,1.0
6693,7.9787407,1.0,0.0,1.0,,,1.0
6694,16.45331,1.0,0.0038022813,1.0,,,1.0
6695,31.527805,1.0,0.0,1.0,,,1.0
6696,63.059444,1.0,0.0034013605,1.0,,,1.0
6697,12.498829,1.0,0.012820513,1.0,,,1.0
6698,35.44169,1.0,0.006329114,1.0,,,1.0
6699,5.0862317,1.0,0.0,1.0,,,1.0
6700,66.09364,1.0,0.0,1.0,,,1.0
6701,65.62722,1.0,0.012820513,1.0,,,1.0
6702,16.315975,1.0,0.0,1.0,,,1.0
6703,2.7329285,1.0,0.0,1.0,,,1.0
6704,24.256939,1.0,0.0,1.0,,,1.0
6705,66.737206,1.0,0.0043668123,1.0,,,1.0
6706,9.615675,1.0,0.006451613,1.0,,,1.0
6707,51.588406,1.0,0.0,1.0,,,1.0
6708,26.529806,1.0,0.0,1.0,,,1.0
6709,38.589554,1.0,0.006153846,1.0,,,1.0
6710,100.17136,1.0,0.0049875313,1.0,,,1.0
6711,34.24067,1.0,0.008130081,1.0,,,1.0
6712,10.998433,1.0,0.0,1.0,,,1.0
6713,35.486855,1.0,0.011764706,1.0,,,1.0
6714,21.230251,1.0,0.003717472,1.0,,,1.0
6715,14.876968,1.0,0.008064516,1.0,,,1.0
6716,23.18951,1.0,0.013245033,1.0,,,1.0
6717,32.51213,1.0,0.023809524,1.0,,,1.0
6718,46.197254,1.0,0.0022271716,1.0,,,1.0
6719,102.72474,1.0,0.0063492064,1.0,,,1.0
6720,24.606724,1.0,0.019607844,1.0,,,1.0
6721,6.2257285,1.0,0.014084507,1.0,,,1.0
6722,33.16621,1.0,0.017857144,1.0,,,1.0
6723,43.2561,1.0,0.005540166,1.0,,,1.0
6724,100.17136,1.0,0.0035714286,1.0,,,1.0
6725,86.82055,1.0,0.0057636886,1.0,,,1.0
6726,100.17136,1.0,0.0054347827,1.0,,,1.0
6727,25.222961,1.0,0.015384615,1.0,,,1.0
6728,56.376305,1.0,0.0,1.0,,,1.0
6729,35.462036,1.0,0.014285714,1.0,,,1.0
6730,42.670406,1.0,0.007194245,1.0,,,1.0
6731,27.515274,1.0,0.0,1.0,,,1.0
6732,49.648373,1.0,0.0,1.0,,,1.0
6733,36.557713,1.0,0.0053475937,1.0,,,1.0
6734,28.436258,1.0,0.004484305,1.0,,,1.0
6735,17.653147,1.0,0.005,1.0,,,1.0
6736,20.893164,1.0,0.0,1.0,,,1.0
6737,48.3824,1.0,0.0,1.0,,,1.0
6738,59.53064,1.0,0.011904762,1.0,,,1.0
6739,5.688493,1.0,0.0,1.0,,,1.0
6740,47.659477,1.0,0.0,1.0,,,1.0
6741,5.613552,1.0,0.0,1.0,,,1.0
6742,17.507032,1.0,0.0,1.0,,,1.0
6743,4.9471965,1.0,0.006024096,1.0,,,1.0
6744,11.649332,1.0,0.0,1.0,,,1.0
6745,9.075844,1.0,0.0021691974,1.0,,,1.0
6746,29.574545,1.0,0.006134969,1.0,,,1.0
6747,8.881489,1.0,0.0,1.0,,,1.0
6748,39.91107,1.0,0.006802721,1.0,,,1.0
6749,27.395947,1.0,0.0,1.0,,,1.0
6750,29.744652,1.0,0.0,1.0,,,1.0
6751,54.036522,1.0,0.0034965035,1.0,,,1.0
6752,25.17071,1.0,0.018348623,1.0,,,1.0
6753,10.8996315,1.0,0.0,1.0,,,1.0
6754,21.09312,1.0,0.0056980057,1.0,,,1.0
6755,98.09675,1.0,0.01369863,1.0,,,1.0
6756,42.596886,1.0,0.0,1.0,,,1.0
6757,15.077546,1.0,0.019607844,1.0,,,1.0
6758,4.6222067,1.0,0.005291005,1.0,,,1.0
6759,55.507927,1.0,0.0018552876,1.0,,,1.0
6760,8.23454,1.0,0.0,1.0,,,1.0
6761,14.164524,1.0,0.033898305,1.0,,,1.0
6762,64.29058,1.0,0.0,1.0,,,1.0
6763,66.657745,1.0,0.0,1.0,,,1.0
6764,49.520912,1.0,0.003533569,1.0,,,1.0
6765,32.73865,1.0,0.011173184,1.0,,,1.0
6766,23.18951,1.0,0.0019880715,1.0,,,1.0
6767,11.7739,1.0,0.0,1.0,,,1.0
6768,41.52102,1.0,0.019417476,1.0,,,1.0
6769,59.60921,1.0,0.007518797,1.0,,,1.0
6770,33.222755,1.0,0.0034965035,1.0,,,1.0
6771,6.395112,1.0,0.0064102565,1.0,,,1.0
6772,7.4064417,1.0,0.029850746,1.0,,,1.0
6773,15.989485,1.0,0.027027028,1.0,,,1.0
6774,4.2715936,1.0,0.0,1.0,,,1.0
6775,16.781103,1.0,0.0,1.0,,,1.0
6776,19.684546,1.0,0.0,1.0,,,1.0
6777,33.60434,1.0,0.019607844,1.0,,,1.0
6778,9.713615,1.0,0.015384615,1.0,,,1.0
6779,40.859676,1.0,0.0055710305,1.0,,,1.0
6780,73.85746,1.0,0.006060606,1.0,,,1.0
6781,23.532372,1.0,0.045454547,1.0,,,1.0
6782,15.773643,1.0,0.0,1.0,,,1.0
6783,9.346284,1.0,0.0,1.0,,,1.0
6784,31.287855,1.0,0.013793103,1.0,,,1.0
6785,41.724583,1.0,0.009049774,1.0,,,1.0
6786,7.1837206,1.0,0.0,1.0,,,1.0
6787,59.60921,1.0,0.014184397,1.0,,,1.0
6788,18.975792,1.0,0.014492754,1.0,,,1.0
6789,98.14051,1.0,0.006369427,1.0,,,1.0
6790,27.39406,1.0,0.0,1.0,,,1.0
6791,26.936724,1.0,0.0078125,1.0,,,1.0
6792,6.929537,1.0,0.0,1.0,,,1.0
6793,23.853565,1.0,0.006451613,1.0,,,1.0
6794,46.582508,1.0,0.0057803467,1.0,,,1.0
6795,21.61257,1.0,0.0,1.0,,,1.0
6796,114.88157,1.0,0.01438849,1.0,,,1.0
6797,19.092329,1.0,0.0,1.0,,,1.0
6798,31.816439,1.0,0.023809524,1.0,,,1.0
6799,16.290823,1.0,0.018867925,1.0,,,1.0
6800,80.45577,1.0,0.003690037,1.0,,,1.0
6801,38.614624,1.0,0.009852217,1.0,,,1.0
6802,41.729275,1.0,0.012048192,1.0,,,1.0
6803,43.871914,1.0,0.0,1.0,,,1.0
6804,73.368355,1.0,0.008403362,1.0,,,1.0
6805,12.9007635,1.0,0.005076142,1.0,,,1.0
6806,64.06434,1.0,0.011173184,1.0,,,1.0
6807,3.5493715,1.0,0.04,1.0,,,1.0
6808,46.076572,1.0,0.013986014,1.0,,,1.0
6809,8.682852,1.0,0.0,1.0,,,1.0
6810,75.32171,1.0,0.0036563072,1.0,,,1.0
6811,10.182598,1.0,0.033333335,1.0,,,1.0
6812,15.453955,1.0,0.0044444446,1.0,,,1.0
6813,37.298878,1.0,0.010869565,1.0,,,1.0
6814,48.068512,1.0,0.008196721,1.0,,,1.0
6815,14.17463,1.0,0.017857144,1.0,,,1.0
6816,58.134907,1.0,0.007751938,1.0,,,1.0
6817,29.83791,1.0,0.010256411,1.0,,,1.0
6818,4.0559335,1.0,0.0,1.0,,,1.0
6819,43.09123,1.0,0.0033333334,1.0,,,1.0
6820,76.96835,1.0,0.007246377,1.0,,,1.0
6821,17.852333,1.0,0.0056497175,1.0,,,1.0
6822,18.313028,1.0,0.0050251256,1.0,,,1.0
6823,49.97481,1.0,0.015873017,1.0,,,1.0
6824,10.140469,1.0,0.046511628,1.0,,,1.0
6825,28.332193,1.0,0.011627907,1.0,,,1.0
6826,49.6906,1.0,0.003322259,1.0,,,1.0
6827,23.532372,1.0,0.003021148,1.0,,,1.0
6828,18.945568,1.0,0.010204081,1.0,,,1.0
6829,28.429623,1.0,0.0074074073,1.0,,,1.0
6830,82.545975,1.0,0.009756098,1.0,,,1.0
6831,49.10451,1.0,0.005050505,1.0,,,1.0
6832,15.6057205,1.0,0.0074626864,1.0,,,1.0
6833,48.69619,1.0,0.015267176,1.0,,,1.0
6834,14.23609,1.0,0.013333334,1.0,,,1.0
6835,38.401066,1.0,0.0,1.0,,,1.0
6836,37.668835,1.0,0.008403362,1.0,,,1.0
6837,59.60921,1.0,0.006666667,1.0,,,1.0
6838,39.48338,1.0,0.006849315,1.0,,,1.0
6839,15.054717,1.0,0.0,1.0,,,1.0
6840,3.8408997,1.0,0.006369427,1.0,,,1.0
6841,37.33397,1.0,0.0,1.0,,,1.0
6842,71.75185,1.0,0.0033003301,1.0,,,1.0
6843,117.691864,1.0,0.0067340066,1.0,,,1.0
6844,5.3687353,1.0,0.0,1.0,,,1.0
6845,2.8045983,1.0,0.024691358,1.0,,,1.0
6846,27.891542,1.0,0.0034364262,1.0,,,1.0
6847,17.498562,1.0,0.0,1.0,,,1.0
6848,23.954422,1.0,0.0,1.0,,,1.0
6849,43.80384,1.0,0.008547009,1.0,,,1.0
6850,73.42956,1.0,0.008064516,1.0,,,1.0
6851,23.75543,1.0,0.0088495575,1.0,,,1.0
6852,16.463144,1.0,0.0036101083,1.0,,,1.0
6853,9.233019,1.0,0.016806724,1.0,,,1.0
6854,40.31641,1.0,0.021505376,1.0,,,1.0
6855,12.459053,1.0,0.007434944,1.0,,,1.0
6856,32.000538,1.0,0.017699115,1.0,,,1.0
6857,18.811483,1.0,0.0013140604,1.0,,,1.0
6858,21.030607,1.0,0.01724138,1.0,,,1.0
6859,27.968794,1.0,0.006289308,1.0,,,1.0
6860,3.2314029,1.0,0.0,1.0,,,1.0
6861,34.523567,1.0,0.0050251256,1.0,,,1.0
6862,21.833647,1.0,0.0,1.0,,,1.0
6863,13.442878,1.0,0.02173913,1.0,,,1.0
6864,18.483736,1.0,0.013245033,1.0,,,1.0
6865,30.288498,1.0,0.019607844,1.0,,,1.0
6866,24.755785,1.0,0.010152284,1.0,,,1.0
6867,37.097908,1.0,0.005319149,1.0,,,1.0
6868,27.401716,1.0,0.032786883,1.0,,,1.0
6869,48.91477,1.0,0.0,1.0,,,1.0
6870,100.17136,1.0,0.006369427,1.0,,,1.0
6871,95.403046,1.0,0.005235602,1.0,,,1.0
6872,19.024103,1.0,0.004016064,1.0,,,1.0
6873,100.17136,1.0,0.005277045,1.0,,,1.0
6874,23.907623,1.0,0.0,1.0,,,1.0
6875,26.85114,1.0,0.0,1.0,,,1.0
6876,31.097244,1.0,0.004608295,1.0,,,1.0
6877,57.555965,1.0,0.00952381,1.0,,,1.0
6878,34.20758,1.0,0.011627907,1.0,,,1.0
6879,70.227974,1.0,0.0032467532,1.0,,,1.0
6880,34.198,1.0,0.010416667,1.0,,,1.0
6881,74.25327,1.0,0.0,1.0,,,1.0
6882,37.56037,1.0,0.00921659,1.0,,,1.0
6883,33.70217,1.0,0.0,1.0,,,1.0
6884,12.9007635,1.0,0.0063897762,1.0,,,1.0
6885,3.9223273,1.0,0.0,1.0,,,1.0
6886,15.2776375,1.0,0.0,1.0,,,1.0
6887,13.071559,1.0,0.0,1.0,,,1.0
6888,16.440441,1.0,0.016949153,1.0,,,1.0
6889,52.717487,1.0,0.05263158,1.0,,,1.0
6890,26.020103,1.0,0.0051282053,1.0,,,1.0
6891,84.34471,1.0,0.0,1.0,,,1.0
6892,2.550367,1.0,0.011764706,1.0,,,1.0
6893,81.40033,1.0,0.015873017,1.0,,,1.0
6894,21.4245,1.0,0.0,1.0,,,1.0
6895,114.30052,1.0,0.0091743115,1.0,,,1.0
6896,7.4042764,1.0,0.011494253,1.0,,,1.0
6897,31.634468,1.0,0.0088495575,1.0,,,1.0
6898,10.178998,1.0,0.036363635,1.0,,,1.0
6899,17.597094,1.0,0.004032258,1.0,,,1.0
6900,20.383696,1.0,0.01369863,1.0,,,1.0
6901,55.052856,1.0,0.012269938,1.0,,,1.0
6902,37.328815,1.0,0.008230452,1.0,,,1.0
6903,41.959114,1.0,0.0,1.0,,,1.0
6904,23.523922,1.0,0.0,1.0,,,1.0
6905,13.186521,1.0,0.0,1.0,,,1.0
6906,40.31641,1.0,0.00591716,1.0,,,1.0
6907,34.979244,1.0,0.02,1.0,,,1.0
6908,11.770379,1.0,0.025,1.0,,,1.0
6909,80.32686,1.0,0.0074074073,1.0,,,1.0
6910,18.178839,1.0,0.007633588,1.0,,,1.0
6911,49.578415,1.0,0.0,1.0,,,1.0
6912,35.013527,1.0,0.0,1.0,,,1.0
6913,47.160202,1.0,0.0024570024,1.0,,,1.0
6914,35.30824,1.0,0.0057971017,1.0,,,1.0
6915,49.48252,1.0,0.0,1.0,,,1.0
6916,23.22769,1.0,0.0,1.0,,,1.0
6917,31.174076,1.0,0.008130081,1.0,,,1.0
6918,13.936378,1.0,0.0014064697,1.0,,,1.0
6919,31.694918,1.0,0.0,1.0,,,1.0
6920,23.80188,1.0,0.010989011,1.0,,,1.0
6921,50.85755,1.0,0.008888889,1.0,,,1.0
6922,40.272575,1.0,0.0,1.0,,,1.0
6923,5.710074,1.0,0.0,1.0,,,1.0
6924,41.72247,1.0,0.0043763677,1.0,,,1.0
6925,5.178595,1.0,0.024096385,1.0,,,1.0
6926,38.668148,1.0,0.0,1.0,,,1.0
6927,15.0985565,1.0,0.0,1.0,,,1.0
6928,12.673727,1.0,0.0045045046,1.0,,,1.0
6929,38.20176,1.0,0.01459854,1.0,,,1.0
6930,5.6856375,1.0,0.0,1.0,,,1.0
6931,24.298504,1.0,0.00591716,1.0,,,1.0
6932,47.767975,1.0,0.0076923077,1.0,,,1.0
6933,15.372862,1.0,0.023809524,1.0,,,1.0
6934,23.952215,1.0,0.0046296297,1.0,,,1.0
6935,42.46982,1.0,0.003968254,1.0,,,1.0
6936,15.445959,1.0,0.008928572,1.0,,,1.0
6937,55.130615,1.0,0.0,1.0,,,1.0
6938,23.635296,1.0,0.0,1.0,,,1.0
6939,15.373527,1.0,0.0,1.0,,,1.0
6940,36.752174,1.0,0.004201681,1.0,,,1.0
6941,29.459572,1.0,0.0,1.0,,,1.0
6942,70.53568,1.0,0.0124223605,1.0,,,1.0
6943,8.955486,1.0,0.008583691,1.0,,,1.0
6944,78.47665,1.0,0.003322259,1.0,,,1.0
6945,13.366088,1.0,0.029411765,1.0,,,1.0
6946,8.645453,1.0,0.016666668,1.0,,,1.0
6947,101.899734,1.0,0.0091743115,1.0,,,1.0
6948,117.691864,1.0,0.0058139535,1.0,,,1.0
6949,41.758106,1.0,0.0014347202,1.0,,,1.0
6950,27.627815,1.0,0.011235955,1.0,,,1.0
6951,20.892797,1.0,0.006535948,1.0,,,1.0
6952,8.725212,1.0,0.012048192,1.0,,,1.0
6953,100.57325,1.0,0.009009009,1.0,,,1.0
6954,38.57827,1.0,0.0,1.0,,,1.0
6955,7.478462,1.0,0.0,1.0,,,1.0
6956,47.44271,1.0,0.007905139,1.0,,,1.0
6957,56.846165,1.0,0.00952381,1.0,,,1.0
6958,10.527613,1.0,0.006802721,1.0,,,1.0
6959,61.175056,1.0,0.0,1.0,,,1.0
6960,28.136103,1.0,0.02631579,1.0,,,1.0
6961,48.237305,1.0,0.008264462,1.0,,,1.0
6962,11.027159,1.0,0.007874016,1.0,,,1.0
6963,21.524351,1.0,0.0,1.0,,,1.0
6964,46.373108,1.0,0.0,1.0,,,1.0
6965,44.306957,1.0,0.012048192,1.0,,,1.0
6966,76.92968,1.0,0.0,1.0,,,1.0
6967,16.23779,1.0,0.003717472,1.0,,,1.0
6968,34.372967,1.0,0.0,1.0,,,1.0
6969,58.172653,1.0,0.008403362,1.0,,,1.0
6970,20.2673,1.0,0.002247191,1.0,,,1.0
6971,14.703046,1.0,0.00390625,1.0,,,1.0
6972,89.530876,1.0,0.012658228,1.0,,,1.0
6973,42.670406,1.0,0.004672897,1.0,,,1.0
6974,9.841782,1.0,0.0,1.0,,,1.0
6975,73.267296,1.0,0.022727273,1.0,,,1.0
6976,9.789427,1.0,0.011235955,1.0,,,1.0
6977,7.2491245,1.0,0.008928572,1.0,,,1.0
6978,20.680834,1.0,0.029411765,1.0,,,1.0
6979,49.648373,1.0,0.0054347827,1.0,,,1.0
6980,4.229768,1.0,0.0,1.0,,,1.0
6981,8.194949,1.0,0.011173184,1.0,,,1.0
6982,3.6484122,1.0,0.0,1.0,,,1.0
6983,48.70965,1.0,0.0042735045,1.0,,,1.0
6984,3.1354733,1.0,0.0,1.0,,,1.0
6985,28.0684,1.0,0.0036630037,1.0,,,1.0
6986,26.583462,1.0,0.020408163,1.0,,,1.0
6987,31.6813,1.0,0.0,1.0,,,1.0
6988,43.676426,1.0,0.0,1.0,,,1.0
6989,24.404675,1.0,0.0047393367,1.0,,,1.0
6990,16.745567,1.0,0.0,1.0,,,1.0
6991,18.903006,1.0,0.00729927,1.0,,,1.0
6992,38.151104,1.0,0.009756098,1.0,,,1.0
6993,37.521385,1.0,0.011904762,1.0,,,1.0
6994,22.706106,1.0,0.0,1.0,,,1.0
6995,21.99216,1.0,0.018181818,1.0,,,1.0
6996,39.309826,1.0,0.011049724,1.0,,,1.0
6997,19.263567,1.0,0.05,1.0,,,1.0
6998,16.785627,1.0,0.0054347827,1.0,,,1.0
6999,19.514973,1.0,0.0,1.0,,,1.0
7000,18.384838,1.0,0.005076142,1.0,,,1.0
7001,68.1871,1.0,0.004651163,1.0,,,1.0
7002,27.616838,1.0,0.01010101,1.0,,,1.0
7003,49.443634,1.0,0.00952381,1.0,,,1.0
7004,45.1424,1.0,0.010810811,1.0,,,1.0
7005,23.38713,1.0,0.013986014,1.0,,,1.0
7006,43.118603,1.0,0.004016064,1.0,,,1.0
7007,29.75512,1.0,0.0,1.0,,,1.0
7008,15.152181,1.0,0.0,1.0,,,1.0
7009,47.14422,1.0,0.0,1.0,,,1.0
7010,20.215046,1.0,0.006369427,1.0,,,1.0
7011,79.481445,1.0,0.0077220076,1.0,,,1.0
7012,19.708214,1.0,0.009708738,1.0,,,1.0
7013,70.86064,1.0,0.007968128,1.0,,,1.0
7014,56.591736,1.0,0.016260162,1.0,,,1.0
7015,32.648952,1.0,0.008368201,1.0,,,1.0
7016,5.423902,1.0,0.0,1.0,,,1.0
7017,12.888216,1.0,0.010526316,1.0,,,1.0
7018,9.356902,1.0,0.023809524,1.0,,,1.0
7019,29.668655,1.0,0.015503876,1.0,,,1.0
7020,28.136103,1.0,0.013422819,1.0,,,1.0
7021,5.6800966,1.0,0.0,1.0,,,1.0
7022,12.735615,1.0,0.027777778,1.0,,,1.0
7023,56.591736,1.0,0.01,1.0,,,1.0
7024,65.98681,1.0,0.015748031,1.0,,,1.0
7025,8.531925,1.0,0.0,1.0,,,1.0
7026,53.054295,1.0,0.0,1.0,,,1.0
7027,8.340907,1.0,0.0,1.0,,,1.0
7028,94.55113,1.0,0.004016064,1.0,,,1.0
7029,15.519409,1.0,0.024096385,1.0,,,1.0
7030,59.60921,1.0,0.0074074073,1.0,,,1.0
7031,45.026672,1.0,0.0,1.0,,,1.0
7032,48.087406,1.0,0.006644518,1.0,,,1.0
7033,29.574545,1.0,0.017857144,1.0,,,1.0
7034,15.077546,1.0,0.010309278,1.0,,,1.0
7035,48.97928,1.0,0.0016583748,1.0,,,1.0
7036,15.433346,1.0,0.018867925,1.0,,,1.0
7037,27.328682,1.0,0.0,1.0,,,1.0
7038,35.402996,1.0,0.002754821,1.0,,,1.0
7039,27.416014,1.0,0.008130081,1.0,,,1.0
7040,48.344757,1.0,0.012578616,1.0,,,1.0
7041,36.13689,1.0,0.005449591,1.0,,,1.0
7042,9.961357,1.0,0.08695652,1.0,,,1.0
7043,14.725362,1.0,0.0049751243,1.0,,,1.0
7044,14.797875,1.0,0.0024038462,1.0,,,1.0
7045,29.943281,1.0,0.0038834952,1.0,,,1.0
7046,22.24536,1.0,0.0,1.0,,,1.0
7047,71.15806,1.0,0.015037594,1.0,,,1.0
7048,57.155567,1.0,0.0077220076,1.0,,,1.0
7049,46.582508,1.0,0.003816794,1.0,,,1.0
7050,28.83106,1.0,0.0,1.0,,,1.0
7051,5.7442684,1.0,0.0,1.0,,,1.0
7052,109.534454,1.0,0.0057142857,1.0,,,1.0
7053,86.02153,1.0,0.010752688,1.0,,,1.0
7054,57.85457,1.0,0.0039525693,1.0,,,1.0
7055,69.440056,1.0,0.003649635,1.0,,,1.0
7056,20.723194,1.0,0.017857144,1.0,,,1.0
7057,30.149088,1.0,0.0024937657,1.0,,,1.0
7058,3.5634487,1.0,0.0,1.0,,,1.0
7059,16.403889,1.0,0.021052632,1.0,,,1.0
7060,14.717225,1.0,0.002469136,1.0,,,1.0
7061,29.00706,1.0,0.015037594,1.0,,,1.0
7062,20.916784,1.0,0.0,1.0,,,1.0
7063,21.996717,1.0,0.0,1.0,,,1.0
7064,11.544022,1.0,0.008733625,1.0,,,1.0
7065,108.342125,1.0,0.008064516,1.0,,,1.0
7066,32.21631,1.0,0.008695652,1.0,,,1.0
7067,8.895109,1.0,0.027027028,1.0,,,1.0
7068,29.472647,1.0,0.01459854,1.0,,,1.0
7069,23.532372,1.0,0.0,1.0,,,1.0
7070,23.248724,1.0,0.0,1.0,,,1.0
7071,55.66456,1.0,0.003944773,1.0,,,1.0
7072,108.342125,1.0,0.019417476,1.0,,,1.0
7073,15.962637,1.0,0.005235602,1.0,,,1.0
7074,21.161234,1.0,0.0,1.0,,,1.0
7075,12.922254,1.0,0.0040816325,1.0,,,1.0
7076,11.231219,1.0,0.0088495575,1.0,,,1.0
7077,18.66259,1.0,0.0,1.0,,,1.0
7078,64.03762,1.0,0.017391304,1.0,,,1.0
7079,45.732464,1.0,0.006329114,1.0,,,1.0
7080,40.618332,1.0,0.0,1.0,,,1.0
7081,37.991173,1.0,0.002754821,1.0,,,1.0
7082,22.433485,1.0,0.0,1.0,,,1.0
7083,11.95074,1.0,0.009049774,1.0,,,1.0
7084,15.458066,1.0,0.0,1.0,,,1.0
7085,18.862944,1.0,0.0,1.0,,,1.0
7086,15.433346,1.0,0.025,1.0,,,1.0
7087,5.6113143,1.0,0.00990099,1.0,,,1.0
7088,30.739561,1.0,0.0054054055,1.0,,,1.0
7089,56.20208,1.0,0.0,1.0,,,1.0
7090,43.639072,1.0,0.020618556,1.0,,,1.0
7091,78.47665,1.0,0.0073260074,1.0,,,1.0
7092,23.667639,1.0,0.0047393367,1.0,,,1.0
7093,1.3011109,1.0,0.0,1.0,,,1.0
7094,25.355108,1.0,0.007575758,1.0,,,1.0
7095,4.977144,1.0,0.033333335,1.0,,,1.0
7096,2.873482,1.0,0.0,1.0,,,1.0
7097,42.751625,1.0,0.01010101,1.0,,,1.0
7098,31.198116,1.0,0.0051282053,1.0,,,1.0
7099,10.033776,1.0,0.0,1.0,,,1.0
7100,59.164825,1.0,0.0,1.0,,,1.0
7101,26.590586,1.0,0.007874016,1.0,,,1.0
7102,55.130615,1.0,0.0,1.0,,,1.0
7103,16.566917,1.0,0.016393442,1.0,,,1.0
7104,11.463365,1.0,0.0,1.0,,,1.0
7105,52.038982,1.0,0.005076142,1.0,,,1.0
7106,17.898958,1.0,0.0,1.0,,,1.0
7107,57.51969,1.0,0.029850746,1.0,,,1.0
7108,40.459732,1.0,0.009009009,1.0,,,1.0
7109,27.836126,1.0,0.003508772,1.0,,,1.0
7110,40.922485,1.0,0.0,1.0,,,1.0
7111,28.845955,1.0,0.019417476,1.0,,,1.0
7112,21.05285,1.0,0.0054644807,1.0,,,1.0
7113,36.57895,1.0,0.010362694,1.0,,,1.0
7114,22.734062,1.0,0.0,1.0,,,1.0
7115,37.4786,1.0,0.005291005,1.0,,,1.0
7116,44.71084,1.0,0.0037593986,1.0,,,1.0
7117,27.751534,1.0,0.004830918,1.0,,,1.0
7118,15.509477,1.0,0.013986014,1.0,,,1.0
7119,80.49888,1.0,0.006688963,1.0,,,1.0
7120,47.030117,1.0,0.0,1.0,,,1.0
7121,4.2796674,1.0,0.0,1.0,,,1.0
7122,45.776028,1.0,0.008928572,1.0,,,1.0
7123,14.759366,1.0,0.002610966,1.0,,,1.0
7124,24.755785,1.0,0.0,1.0,,,1.0
7125,25.973154,1.0,0.009345794,1.0,,,1.0
7126,14.137023,1.0,0.0041841003,1.0,,,1.0
7127,69.91443,1.0,0.009345794,1.0,,,1.0
7128,9.645317,1.0,0.0,1.0,,,1.0
7129,61.980247,1.0,0.005235602,1.0,,,1.0
7130,10.39321,1.0,0.0,1.0,,,1.0
7131,17.838032,1.0,0.0,1.0,,,1.0
7132,18.014217,1.0,0.002352941,1.0,,,1.0
7133,36.625603,1.0,0.0028985508,1.0,,,1.0
7134,19.949017,1.0,0.015748031,1.0,,,1.0
7135,29.55012,1.0,0.002469136,1.0,,,1.0
7136,23.092,1.0,0.01369863,1.0,,,1.0
7137,29.500444,1.0,0.004705882,1.0,,,1.0
7138,55.130615,1.0,0.0,1.0,,,1.0
7139,37.6092,1.0,0.0039525693,1.0,,,1.0
7140,12.618199,1.0,0.011627907,1.0,,,1.0
7141,31.399374,1.0,0.006802721,1.0,,,1.0
7142,68.78812,1.0,0.0028169013,1.0,,,1.0
7143,17.749517,1.0,0.004237288,1.0,,,1.0
7144,30.521116,1.0,0.003164557,1.0,,,1.0
7145,24.27063,1.0,0.0017211704,1.0,,,1.0
7146,80.49888,1.0,0.005988024,1.0,,,1.0
7147,21.698053,1.0,0.0,1.0,,,1.0
7148,72.68554,1.0,0.0030674846,1.0,,,1.0
7149,55.507927,1.0,0.008,1.0,,,1.0
7150,30.306885,1.0,0.005830904,1.0,,,1.0
7151,42.433804,1.0,0.0,1.0,,,1.0
7152,88.78885,1.0,0.0074626864,1.0,,,1.0
7153,66.769264,1.0,0.00862069,1.0,,,1.0
7154,50.78977,1.0,0.0040899795,1.0,,,1.0
7155,17.3507,1.0,0.006153846,1.0,,,1.0
7156,49.917824,1.0,0.0625,1.0,,,1.0
7157,22.45595,1.0,0.023809524,1.0,,,1.0
7158,24.472816,1.0,0.0,1.0,,,1.0
7159,8.438405,1.0,0.0,1.0,,,1.0
7160,51.839165,1.0,0.016129032,1.0,,,1.0
7161,120.27323,1.0,0.007434944,1.0,,,1.0
7162,125.9227,1.0,0.003773585,1.0,,,1.0
7163,51.332123,1.0,0.0,1.0,,,1.0
7164,6.2788134,1.0,0.0,1.0,,,1.0
7165,66.482666,1.0,0.0030487804,1.0,,,1.0
7166,57.244225,1.0,0.0021786492,1.0,,,1.0
7167,59.60921,1.0,0.004761905,1.0,,,1.0
7168,21.431389,1.0,0.003322259,1.0,,,1.0
7169,53.51324,1.0,0.012345679,1.0,,,1.0
7170,8.353263,1.0,0.0,1.0,,,1.0
7171,5.3147993,1.0,0.0020283975,1.0,,,1.0
7172,9.547246,1.0,0.016666668,1.0,,,1.0
7173,56.20208,1.0,0.016806724,1.0,,,1.0
7174,22.314157,1.0,0.0,1.0,,,1.0
7175,18.348648,1.0,0.012345679,1.0,,,1.0
7176,45.026672,1.0,0.008474576,1.0,,,1.0
7177,20.090929,1.0,0.0045045046,1.0,,,1.0
7178,29.500444,1.0,0.0,1.0,,,1.0
7179,15.279284,1.0,0.010989011,1.0,,,1.0
7180,46.197254,1.0,0.010050251,1.0,,,1.0
7181,65.69165,1.0,0.0056657223,1.0,,,1.0
7182,17.862709,1.0,0.012345679,1.0,,,1.0
7183,87.21734,1.0,0.007490637,1.0,,,1.0
7184,20.667814,1.0,0.004347826,1.0,,,1.0
7185,5.9600143,1.0,0.01010101,1.0,,,1.0
7186,38.992813,1.0,0.0,1.0,,,1.0
7187,80.49888,1.0,0.023529412,1.0,,,1.0
7188,52.36701,1.0,0.008264462,1.0,,,1.0
7189,8.217666,1.0,0.0,1.0,,,1.0
7190,11.651811,1.0,0.0,1.0,,,1.0
7191,51.433937,1.0,0.011299435,1.0,,,1.0
7192,8.995675,1.0,0.035714287,1.0,,,1.0
7193,45.248714,1.0,0.01058201,1.0,,,1.0
7194,26.105045,1.0,0.003508772,1.0,,,1.0
7195,86.45003,1.0,0.0,1.0,,,1.0
7196,34.208164,1.0,0.030303031,1.0,,,1.0
7197,16.851448,1.0,0.0039525693,1.0,,,1.0
7198,125.9227,1.0,0.0061728396,1.0,,,1.0
7199,41.499313,1.0,0.021505376,1.0,,,1.0
7200,25.608686,1.0,0.0,1.0,,,1.0
7201,27.19665,1.0,0.0,1.0,,,1.0
7202,10.641207,1.0,0.0,1.0,,,1.0
7203,43.303555,1.0,0.013986014,1.0,,,1.0
7204,57.025917,1.0,0.008810572,1.0,,,1.0
7205,10.297267,1.0,0.0,1.0,,,1.0
7206,49.98421,1.0,0.009433962,1.0,,,1.0
7207,92.376396,1.0,0.0,1.0,,,1.0
7208,4.0087514,1.0,0.0,1.0,,,1.0
7209,24.536448,1.0,0.006688963,1.0,,,1.0
7210,51.743202,1.0,0.0064102565,1.0,,,1.0
7211,72.904945,1.0,0.008438818,1.0,,,1.0
7212,23.432644,1.0,0.010810811,1.0,,,1.0
7213,74.48423,1.0,0.023809524,1.0,,,1.0
7214,98.476326,1.0,0.006779661,1.0,,,1.0
7215,12.441086,1.0,0.004484305,1.0,,,1.0
7216,24.016008,1.0,0.017699115,1.0,,,1.0
7217,17.85191,1.0,0.012345679,1.0,,,1.0
7218,4.4583054,1.0,0.0,1.0,,,1.0
7219,30.512568,1.0,0.018181818,1.0,,,1.0
7220,42.751625,1.0,0.0067114094,1.0,,,1.0
7221,15.080603,1.0,0.011764706,1.0,,,1.0
7222,70.53568,1.0,0.0042735045,1.0,,,1.0
7223,6.5293393,1.0,0.0,1.0,,,1.0
7224,23.282707,1.0,0.0093896715,1.0,,,1.0
7225,47.056965,1.0,0.00896861,1.0,,,1.0
7226,8.710554,1.0,0.0,1.0,,,1.0
7227,21.344973,1.0,0.030303031,1.0,,,1.0
7228,78.72688,1.0,0.009259259,1.0,,,1.0
7229,34.2956,1.0,0.016666668,1.0,,,1.0
7230,19.035389,1.0,0.0042735045,1.0,,,1.0
7231,23.151915,1.0,0.012121212,1.0,,,1.0
7232,36.74984,1.0,0.0068965517,1.0,,,1.0
7233,27.34589,1.0,0.01438849,1.0,,,1.0
7234,53.86719,1.0,0.005263158,1.0,,,1.0
7235,7.5131583,1.0,0.0,1.0,,,1.0
7236,61.45962,1.0,0.008583691,1.0,,,1.0
7237,25.666433,1.0,0.0045045046,1.0,,,1.0
7238,124.35362,1.0,0.0035714286,1.0,,,1.0
7239,54.884457,1.0,0.011764706,1.0,,,1.0
7240,13.880503,1.0,0.015151516,1.0,,,1.0
7241,8.778298,1.0,0.0042918455,1.0,,,1.0
7242,27.332178,1.0,0.0,1.0,,,1.0
7243,6.8954415,1.0,0.008064516,1.0,,,1.0
7244,6.3355656,1.0,0.0,1.0,,,1.0
7245,5.7345815,1.0,0.0,1.0,,,1.0
7246,36.7388,1.0,0.005050505,1.0,,,1.0
7247,50.809578,1.0,0.008196721,1.0,,,1.0
7248,35.830048,1.0,0.0034129692,1.0,,,1.0
7249,20.510126,1.0,0.02631579,1.0,,,1.0
7250,5.380134,1.0,0.0,1.0,,,1.0
7251,7.214145,1.0,0.0036101083,1.0,,,1.0
7252,9.233019,1.0,0.00896861,1.0,,,1.0
7253,81.40033,1.0,0.011560693,1.0,,,1.0
7254,79.519646,1.0,0.00862069,1.0,,,1.0
7255,57.000523,1.0,0.009009009,1.0,,,1.0
7256,16.749147,1.0,0.0066225166,1.0,,,1.0
7257,3.7893832,1.0,0.04347826,1.0,,,1.0
7258,41.83559,1.0,0.010050251,1.0,,,1.0
7259,19.941942,1.0,0.013888889,1.0,,,1.0
7260,31.17075,1.0,0.015037594,1.0,,,1.0
7261,9.145528,1.0,0.046511628,1.0,,,1.0
7262,21.734314,1.0,0.007142857,1.0,,,1.0
7263,57.244225,1.0,0.0042283298,1.0,,,1.0
7264,21.18676,1.0,0.0,1.0,,,1.0
7265,28.26209,1.0,0.0013003901,1.0,,,1.0
7266,29.944387,1.0,0.011494253,1.0,,,1.0
7267,96.526924,1.0,0.007936508,1.0,,,1.0
7268,54.076473,1.0,0.020833334,1.0,,,1.0
7269,16.10021,1.0,0.005249344,1.0,,,1.0
7270,28.021719,1.0,0.005291005,1.0,,,1.0
7271,1.1529276,1.0,0.0,1.0,,,1.0
7272,21.430653,1.0,0.012048192,1.0,,,1.0
7273,20.71445,1.0,0.011299435,1.0,,,1.0
7274,27.080961,1.0,0.007874016,1.0,,,1.0
7275,42.09108,1.0,0.010752688,1.0,,,1.0
7276,7.612881,1.0,0.0,1.0,,,1.0
7277,64.689354,1.0,0.0,1.0,,,1.0
7278,27.099066,1.0,0.0,1.0,,,1.0
7279,3.7775211,1.0,0.0,1.0,,,1.0
7280,23.06741,1.0,0.0055710305,1.0,,,1.0
7281,20.824934,1.0,0.003937008,1.0,,,1.0
7282,33.70337,1.0,0.003968254,1.0,,,1.0
7283,69.13106,1.0,0.0047393367,1.0,,,1.0
7284,14.740854,1.0,0.0,1.0,,,1.0
7285,49.071426,1.0,0.004672897,1.0,,,1.0
7286,7.2788115,1.0,0.004608295,1.0,,,1.0
7287,29.55012,1.0,0.005076142,1.0,,,1.0
7288,65.14389,1.0,0.0037453184,1.0,,,1.0
7289,15.698985,1.0,0.006802721,1.0,,,1.0
7290,59.643055,1.0,0.0056497175,1.0,,,1.0
7291,74.239456,1.0,0.0057803467,1.0,,,1.0
7292,13.088496,1.0,0.0,1.0,,,1.0
7293,32.648952,1.0,0.008403362,1.0,,,1.0
7294,102.88374,1.0,0.0057142857,1.0,,,1.0
7295,46.32421,1.0,0.009756098,1.0,,,1.0
7296,34.24067,1.0,0.006472492,1.0,,,1.0
7297,41.959114,1.0,0.0042283298,1.0,,,1.0
7298,14.425439,1.0,0.0,1.0,,,1.0
7299,50.02684,1.0,0.0,1.0,,,1.0
7300,50.794365,1.0,0.0,1.0,,,1.0
7301,23.438026,1.0,0.011494253,1.0,,,1.0
7302,14.3829975,1.0,0.01724138,1.0,,,1.0
7303,25.250355,1.0,0.008333334,1.0,,,1.0
7304,36.06071,1.0,0.003021148,1.0,,,1.0
7305,15.391268,1.0,0.016528925,1.0,,,1.0
7306,88.84265,1.0,0.0016778524,1.0,,,1.0
7307,22.518402,1.0,0.018518519,1.0,,,1.0
7308,125.9227,1.0,0.0,1.0,,,1.0
7309,30.157398,1.0,0.0042918455,1.0,,,1.0
7310,40.982872,1.0,0.001980198,1.0,,,1.0
7311,53.428047,1.0,0.0056818184,1.0,,,1.0
7312,32.540527,1.0,0.0,1.0,,,1.0
7313,55.549763,1.0,0.006369427,1.0,,,1.0
7314,106.12697,1.0,0.005235602,1.0,,,1.0
7315,12.50173,1.0,0.015384615,1.0,,,1.0
7316,28.763172,1.0,0.005076142,1.0,,,1.0
7317,66.482666,1.0,0.0057471264,1.0,,,1.0
7318,20.764761,1.0,0.001968504,1.0,,,1.0
7319,48.95827,1.0,0.0,1.0,,,1.0
7320,108.342125,1.0,0.00456621,1.0,,,1.0
7321,10.489227,1.0,0.0,1.0,,,1.0
7322,67.00446,1.0,0.0038910506,1.0,,,1.0
7323,102.88374,1.0,0.0088495575,1.0,,,1.0
7324,13.48097,1.0,0.003058104,1.0,,,1.0
7325,67.19436,1.0,0.0067340066,1.0,,,1.0
7326,15.314838,1.0,0.010810811,1.0,,,1.0
7327,37.583607,1.0,0.0012771392,1.0,,,1.0
7328,20.032597,1.0,0.048780486,1.0,,,1.0
7329,13.5179205,1.0,0.0,1.0,,,1.0
7330,17.234854,1.0,0.0,1.0,,,1.0
7331,81.34332,1.0,0.011764706,1.0,,,1.0
7332,29.348307,1.0,0.0051150895,1.0,,,1.0
7333,38.97548,1.0,0.004651163,1.0,,,1.0
7334,117.37837,1.0,0.0064935065,1.0,,,1.0
7335,58.646927,1.0,0.0071174377,1.0,,,1.0
7336,21.964874,1.0,0.032258064,1.0,,,1.0
7337,36.96167,1.0,0.008474576,1.0,,,1.0
7338,26.583462,1.0,0.00990099,1.0,,,1.0
7339,60.079163,1.0,0.029411765,1.0,,,1.0
7340,34.06485,1.0,0.0121951215,1.0,,,1.0
7341,22.396517,1.0,0.0057971017,1.0,,,1.0
7342,14.9789,1.0,0.0035211267,1.0,,,1.0
7343,106.12697,1.0,0.010526316,1.0,,,1.0
7344,12.37858,1.0,0.0,1.0,,,1.0
7345,38.605145,1.0,0.0,1.0,,,1.0
7346,23.248724,1.0,0.014925373,1.0,,,1.0
7347,7.4235797,1.0,0.0,1.0,,,1.0
7348,64.17689,1.0,0.008438818,1.0,,,1.0
7349,14.522271,1.0,0.0,1.0,,,1.0
7350,21.61963,1.0,0.005988024,1.0,,,1.0
7351,62.82736,1.0,0.005235602,1.0,,,1.0
7352,33.910084,1.0,0.004201681,1.0,,,1.0
7353,24.030031,1.0,0.0,1.0,,,1.0
7354,29.377665,1.0,0.006535948,1.0,,,1.0
7355,41.85843,1.0,0.0,1.0,,,1.0
7356,69.43896,1.0,0.013513514,1.0,,,1.0
7357,77.059265,1.0,0.006535948,1.0,,,1.0
7358,62.159447,1.0,0.021052632,1.0,,,1.0
7359,59.125927,1.0,0.006779661,1.0,,,1.0
7360,14.265704,1.0,0.0,1.0,,,1.0
7361,16.818678,1.0,0.020833334,1.0,,,1.0
7362,21.87021,1.0,0.013513514,1.0,,,1.0
7363,41.30865,1.0,0.0026041667,1.0,,,1.0
7364,53.35954,1.0,0.0,1.0,,,1.0
7365,3.4336317,1.0,0.0,1.0,,,1.0
7366,2.8183868,1.0,0.0,1.0,,,1.0
7367,50.058445,1.0,0.018518519,1.0,,,1.0
7368,48.90187,1.0,0.022727273,1.0,,,1.0
7369,35.719303,1.0,0.0,1.0,,,1.0
7370,21.226456,1.0,0.0,1.0,,,1.0
7371,63.4572,1.0,0.0068965517,1.0,,,1.0
7372,30.728693,1.0,0.006451613,1.0,,,1.0
7373,17.913832,1.0,0.0,1.0,,,1.0
7374,6.6963983,1.0,0.0,1.0,,,1.0
7375,12.962901,1.0,0.008658009,1.0,,,1.0
7376,41.632603,1.0,0.0029850747,1.0,,,1.0
7377,6.555101,1.0,0.0,1.0,,,1.0
7378,9.598059,1.0,0.0091743115,1.0,,,1.0
7379,7.538977,1.0,0.0,1.0,,,1.0
7380,18.384838,1.0,0.006329114,1.0,,,1.0
7381,42.121235,1.0,0.014084507,1.0,,,1.0
7382,8.547445,1.0,0.0,1.0,,,1.0
7383,56.376305,1.0,0.0038461538,1.0,,,1.0
7384,47.794056,1.0,0.0,1.0,,,1.0
7385,15.529202,1.0,0.0,1.0,,,1.0
7386,18.47501,1.0,0.008695652,1.0,,,1.0
7387,19.122593,1.0,0.0,1.0,,,1.0
7388,44.83021,1.0,0.004016064,1.0,,,1.0
7389,44.19484,1.0,0.0037037036,1.0,,,1.0
7390,124.35362,1.0,0.003816794,1.0,,,1.0
7391,86.234726,1.0,0.006802721,1.0,,,1.0
7392,0.91287464,1.0,0.0035842294,1.0,,,1.0
7393,40.742737,1.0,0.0044247787,1.0,,,1.0
7394,50.94985,1.0,0.004032258,1.0,,,1.0
7395,11.770379,1.0,0.0,1.0,,,1.0
7396,61.361763,1.0,0.010471204,1.0,,,1.0
7397,71.0438,1.0,0.0029761905,1.0,,,1.0
7398,79.97993,1.0,0.0,1.0,,,1.0
7399,57.575665,1.0,0.005988024,1.0,,,1.0
7400,18.916565,1.0,0.0,1.0,,,1.0
7401,45.776028,1.0,0.003236246,1.0,,,1.0
7402,6.460745,1.0,0.0,1.0,,,1.0
7403,34.468987,1.0,0.0,1.0,,,1.0
7404,7.9818473,1.0,0.0,1.0,,,1.0
7405,88.882866,1.0,0.006535948,1.0,,,1.0
7406,53.39583,1.0,0.002967359,1.0,,,1.0
7407,80.49888,1.0,0.004901961,1.0,,,1.0
7408,45.769985,1.0,0.0049261083,1.0,,,1.0
7409,10.60934,1.0,0.0,1.0,,,1.0
7410,23.054749,1.0,0.0038022813,1.0,,,1.0
7411,74.078445,1.0,0.005376344,1.0,,,1.0
7412,47.030117,1.0,0.021276595,1.0,,,1.0
7413,38.75172,1.0,0.018018018,1.0,,,1.0
7414,44.06932,1.0,0.0,1.0,,,1.0
7415,68.69439,1.0,0.011494253,1.0,,,1.0
7416,34.41148,1.0,0.005235602,1.0,,,1.0
7417,29.293152,1.0,0.012987013,1.0,,,1.0
7418,74.032364,1.0,0.008196721,1.0,,,1.0
7419,78.47665,1.0,0.01,1.0,,,1.0
7420,35.931087,1.0,0.020618556,1.0,,,1.0
7421,46.452103,1.0,0.002444988,1.0,,,1.0
7422,8.709013,1.0,0.0055555557,1.0,,,1.0
7423,94.27873,1.0,0.0036630037,1.0,,,1.0
7424,46.011578,1.0,0.0,1.0,,,1.0
7425,56.3599,1.0,0.010989011,1.0,,,1.0
7426,3.4497848,1.0,0.0,1.0,,,1.0
7427,20.222813,1.0,0.0,1.0,,,1.0
7428,6.602537,1.0,0.0,1.0,,,1.0
7429,10.904975,1.0,0.032258064,1.0,,,1.0
7430,22.852303,1.0,0.018181818,1.0,,,1.0
7431,73.368355,1.0,0.004347826,1.0,,,1.0
7432,48.02623,1.0,0.0,1.0,,,1.0
7433,25.829971,1.0,0.0,1.0,,,1.0
7434,7.6234717,1.0,0.011428571,1.0,,,1.0
7435,17.260263,1.0,0.01980198,1.0,,,1.0
7436,34.539177,1.0,0.0077220076,1.0,,,1.0
7437,58.54401,1.0,0.011173184,1.0,,,1.0
7438,37.34806,1.0,0.0,1.0,,,1.0
7439,39.077213,1.0,0.009615385,1.0,,,1.0
7440,1.88215,1.0,0.0,1.0,,,1.0
7441,54.036522,1.0,0.0056497175,1.0,,,1.0
7442,9.82332,1.0,0.0,1.0,,,1.0
7443,28.220438,1.0,0.0,1.0,,,1.0
7444,7.3834276,1.0,0.022727273,1.0,,,1.0
7445,22.260872,1.0,0.012987013,1.0,,,1.0
7446,14.943771,1.0,0.0072202166,1.0,,,1.0
7447,42.46982,1.0,0.004716981,1.0,,,1.0
7448,22.372717,1.0,0.0,1.0,,,1.0
7449,15.580753,1.0,0.018691588,1.0,,,1.0
7450,11.322966,1.0,0.0,1.0,,,1.0
7451,24.583586,1.0,0.023809524,1.0,,,1.0
7452,24.504705,1.0,0.0063897762,1.0,,,1.0
7453,69.43896,1.0,0.013513514,1.0,,,1.0
7454,22.328156,1.0,0.015503876,1.0,,,1.0
7455,23.80188,1.0,0.017857144,1.0,,,1.0
7456,38.739883,1.0,0.0,1.0,,,1.0
7457,56.496994,1.0,0.0048076925,1.0,,,1.0
7458,6.0805225,1.0,0.008695652,1.0,,,1.0
7459,37.521385,1.0,0.008695652,1.0,,,1.0
7460,13.65344,1.0,0.0,1.0,,,1.0
7461,19.031137,1.0,0.0063492064,1.0,,,1.0
7462,91.68036,1.0,0.009478673,1.0,,,1.0
7463,4.2028346,1.0,0.0,1.0,,,1.0
7464,7.214145,1.0,0.040816326,1.0,,,1.0
7465,37.615612,1.0,0.0,1.0,,,1.0
7466,25.628407,1.0,0.023255814,1.0,,,1.0
7467,16.165825,1.0,0.016666668,1.0,,,1.0
7468,23.540226,1.0,0.008130081,1.0,,,1.0
7469,26.6606,1.0,0.0,1.0,,,1.0
7470,31.527805,1.0,0.0072727273,1.0,,,1.0
7471,14.359159,1.0,0.008097166,1.0,,,1.0
7472,14.821297,1.0,0.022222223,1.0,,,1.0
7473,77.30586,1.0,0.007067138,1.0,,,1.0
7474,33.21078,1.0,0.0048076925,1.0,,,1.0
7475,9.47265,1.0,0.05263158,1.0,,,1.0
7476,31.9625,1.0,0.0,1.0,,,1.0
7477,4.977144,1.0,0.018867925,1.0,,,1.0
7478,21.464071,1.0,0.004484305,1.0,,,1.0
7479,14.412979,1.0,0.008695652,1.0,,,1.0
7480,92.31766,1.0,0.009302326,1.0,,,1.0
7481,69.24174,1.0,0.011111111,1.0,,,1.0
7482,66.77167,1.0,0.006134969,1.0,,,1.0
7483,26.464878,1.0,0.007246377,1.0,,,1.0
7484,27.968794,1.0,0.0,1.0,,,1.0
7485,72.75066,1.0,0.0,1.0,,,1.0
7486,10.4493475,1.0,0.0070921984,1.0,,,1.0
7487,50.108963,1.0,0.0063492064,1.0,,,1.0
7488,75.51869,1.0,0.005479452,1.0,,,1.0
7489,13.667093,1.0,0.008474576,1.0,,,1.0
7490,28.149693,1.0,0.0093896715,1.0,,,1.0
7491,47.03406,1.0,0.005291005,1.0,,,1.0
7492,57.51969,1.0,0.00625,1.0,,,1.0
7493,39.646202,1.0,0.02020202,1.0,,,1.0
7494,81.22078,1.0,0.0,1.0,,,1.0
7495,102.72474,1.0,0.005509642,1.0,,,1.0
7496,85.46326,1.0,0.0078125,1.0,,,1.0
7497,14.3829975,1.0,0.0,1.0,,,1.0
7498,115.54238,1.0,0.0038461538,1.0,,,1.0
7499,34.063393,1.0,0.0,1.0,,,1.0
7500,21.518686,1.0,0.00921659,1.0,,,1.0
7501,27.19665,1.0,0.0058479533,1.0,,,1.0
7502,24.88443,1.0,0.04255319,1.0,,,1.0
7503,11.968947,1.0,0.0038610038,1.0,,,1.0
7504,12.43844,1.0,0.012048192,1.0,,,1.0
7505,73.504425,1.0,0.015748031,1.0,,,1.0
7506,11.431673,1.0,0.0625,1.0,,,1.0
7507,4.127383,1.0,0.0044444446,1.0,,,1.0
7508,11.55034,1.0,0.0,1.0,,,1.0
7509,16.420263,1.0,0.054054055,1.0,,,1.0
7510,49.14506,1.0,0.0050251256,1.0,,,1.0
7511,17.324987,1.0,0.01724138,1.0,,,1.0
7512,49.71179,1.0,0.011235955,1.0,,,1.0
7513,12.245588,1.0,0.0053475937,1.0,,,1.0
7514,23.80188,1.0,0.008928572,1.0,,,1.0
7515,17.509405,1.0,0.006644518,1.0,,,1.0
7516,51.027836,1.0,0.0063492064,1.0,,,1.0
7517,12.302966,1.0,0.0026385225,1.0,,,1.0
7518,69.219315,1.0,0.011299435,1.0,,,1.0
7519,41.65684,1.0,0.008695652,1.0,,,1.0
7520,21.745134,1.0,0.0,1.0,,,1.0
7521,10.91483,1.0,0.0,1.0,,,1.0
7522,31.235207,1.0,0.0,1.0,,,1.0
7523,30.115486,1.0,0.0,1.0,,,1.0
7524,9.233019,1.0,0.022727273,1.0,,,1.0
7525,36.191307,1.0,0.005952381,1.0,,,1.0
7526,115.46164,1.0,0.004524887,1.0,,,1.0
7527,42.726074,1.0,0.013333334,1.0,,,1.0
7528,37.220436,1.0,0.013422819,1.0,,,1.0
7529,3.7126713,1.0,0.0,1.0,,,1.0
7530,6.6369267,1.0,0.0031545742,1.0,,,1.0
7531,48.068512,1.0,0.005449591,1.0,,,1.0
7532,49.071426,1.0,0.00407332,1.0,,,1.0
7533,28.873302,1.0,0.0,1.0,,,1.0
7534,25.356062,1.0,0.0088495575,1.0,,,1.0
7535,8.441886,1.0,0.00591716,1.0,,,1.0
7536,75.51869,1.0,0.010152284,1.0,,,1.0
7537,13.175864,1.0,0.003690037,1.0,,,1.0
7538,99.06081,1.0,0.004854369,1.0,,,1.0
7539,96.56541,1.0,0.003960396,1.0,,,1.0
7540,67.19436,1.0,0.0,1.0,,,1.0
7541,50.736404,1.0,0.0,1.0,,,1.0
7542,29.574545,1.0,0.0,1.0,,,1.0
7543,36.96167,1.0,0.0041841003,1.0,,,1.0
7544,29.500444,1.0,0.0,1.0,,,1.0
7545,28.895319,1.0,0.0,1.0,,,1.0
7546,32.814407,1.0,0.0,1.0,,,1.0
7547,3.8555107,1.0,0.0058479533,1.0,,,1.0
7548,85.70176,1.0,0.007352941,1.0,,,1.0
7549,94.27873,1.0,0.003649635,1.0,,,1.0
7550,68.1871,1.0,0.004750594,1.0,,,1.0
7551,18.92379,1.0,0.02173913,1.0,,,1.0
7552,20.959023,1.0,0.007575758,1.0,,,1.0
7553,26.185713,1.0,0.0,1.0,,,1.0
7554,41.53904,1.0,0.016393442,1.0,,,1.0
7555,13.106652,1.0,0.0,1.0,,,1.0
7556,50.44356,1.0,0.015873017,1.0,,,1.0
7557,28.149693,1.0,0.0066225166,1.0,,,1.0
7558,33.619694,1.0,0.008583691,1.0,,,1.0
7559,34.713604,1.0,0.0028490028,1.0,,,1.0
7560,17.619654,1.0,0.016806724,1.0,,,1.0
7561,29.339872,1.0,0.014285714,1.0,,,1.0
7562,33.751427,1.0,0.0070422534,1.0,,,1.0
7563,30.055859,1.0,0.011764706,1.0,,,1.0
7564,74.82495,1.0,0.001934236,1.0,,,1.0
7565,65.304085,1.0,0.0070921984,1.0,,,1.0
7566,41.92771,1.0,0.008064516,1.0,,,1.0
7567,17.643335,1.0,0.0,1.0,,,1.0
7568,94.0619,1.0,0.008032128,1.0,,,1.0
7569,17.139305,1.0,0.0050251256,1.0,,,1.0
7570,15.461559,1.0,0.006134969,1.0,,,1.0
7571,1.987694,1.0,0.0,1.0,,,1.0
7572,35.39015,1.0,0.012269938,1.0,,,1.0
7573,30.927547,1.0,0.0,1.0,,,1.0
7574,15.670576,1.0,0.003929273,1.0,,,1.0
7575,31.680492,1.0,0.020408163,1.0,,,1.0
7576,49.070187,1.0,0.008474576,1.0,,,1.0
7577,54.78728,1.0,0.007246377,1.0,,,1.0
7578,3.8216488,1.0,0.0,1.0,,,1.0
7579,12.123571,1.0,0.01754386,1.0,,,1.0
7580,69.440056,1.0,0.0065789474,1.0,,,1.0
7581,102.88374,1.0,0.0,1.0,,,1.0
7582,37.615612,1.0,0.003868472,1.0,,,1.0
7583,73.85746,1.0,0.0064102565,1.0,,,1.0
7584,56.376305,1.0,0.007194245,1.0,,,1.0
7585,83.36918,1.0,0.013071896,1.0,,,1.0
7586,15.595029,1.0,0.0,1.0,,,1.0
7587,41.45175,1.0,0.0068965517,1.0,,,1.0
7588,3.6534865,1.0,0.033333335,1.0,,,1.0
7589,10.277177,1.0,0.0,1.0,,,1.0
7590,33.87051,1.0,0.008474576,1.0,,,1.0
7591,17.966253,1.0,0.0070422534,1.0,,,1.0
7592,16.175585,1.0,0.0065146578,1.0,,,1.0
7593,3.964454,1.0,0.0,1.0,,,1.0
7594,2.4869838,1.0,0.0,1.0,,,1.0
7595,40.0332,1.0,0.009615385,1.0,,,1.0
7596,43.118603,1.0,0.016393442,1.0,,,1.0
7597,6.9490037,1.0,0.0060790274,1.0,,,1.0
7598,18.592213,1.0,0.0,1.0,,,1.0
7599,85.70176,1.0,0.007352941,1.0,,,1.0
7600,57.555965,1.0,0.014492754,1.0,,,1.0
7601,23.18951,1.0,0.013245033,1.0,,,1.0
7602,32.081238,1.0,0.023255814,1.0,,,1.0
7603,10.758566,1.0,0.023809524,1.0,,,1.0
7604,9.106315,1.0,0.004524887,1.0,,,1.0
7605,14.395801,1.0,0.0,1.0,,,1.0
7606,58.16378,1.0,0.0045454544,1.0,,,1.0
7607,17.23204,1.0,0.0,1.0,,,1.0
7608,18.652273,1.0,0.03448276,1.0,,,1.0
7609,26.626556,1.0,0.0069444445,1.0,,,1.0
7610,20.96118,1.0,0.03508772,1.0,,,1.0
7611,42.61605,1.0,0.0064935065,1.0,,,1.0
7612,4.1738553,1.0,0.0,1.0,,,1.0
7613,19.452028,1.0,0.00625,1.0,,,1.0
7614,26.279182,1.0,0.0,1.0,,,1.0
7615,46.705368,1.0,0.01923077,1.0,,,1.0
7616,57.696327,1.0,0.008196721,1.0,,,1.0
7617,41.25966,1.0,0.0033898305,1.0,,,1.0
7618,55.581814,1.0,0.00877193,1.0,,,1.0
7619,66.482666,1.0,0.0036697248,1.0,,,1.0
7620,37.668835,1.0,0.006329114,1.0,,,1.0
7621,15.964975,1.0,0.011428571,1.0,,,1.0
7622,6.545789,1.0,0.0,1.0,,,1.0
7623,57.659794,1.0,0.028571429,1.0,,,1.0
7624,0.96882087,1.0,0.0,1.0,,,1.0
7625,56.427536,1.0,0.0068965517,1.0,,,1.0
7626,31.816439,1.0,0.0,1.0,,,1.0
7627,61.361763,1.0,0.005602241,1.0,,,1.0
7628,23.715256,1.0,0.009345794,1.0,,,1.0
7629,57.51969,1.0,0.013793103,1.0,,,1.0
7630,23.284582,1.0,0.020408163,1.0,,,1.0
7631,12.122321,1.0,0.013605442,1.0,,,1.0
7632,32.73865,1.0,0.010309278,1.0,,,1.0
7633,17.726007,1.0,0.010526316,1.0,,,1.0
7634,50.445942,1.0,0.0046948357,1.0,,,1.0
7635,33.5446,1.0,0.010869565,1.0,,,1.0
7636,42.433804,1.0,0.01369863,1.0,,,1.0
7637,22.030554,1.0,0.0,1.0,,,1.0
7638,21.133986,1.0,0.005235602,1.0,,,1.0
7639,92.05475,1.0,0.0065789474,1.0,,,1.0
7640,17.588173,1.0,0.01369863,1.0,,,1.0
7641,56.75114,1.0,0.011904762,1.0,,,1.0
7642,27.080961,1.0,0.010869565,1.0,,,1.0
7643,27.19665,1.0,0.0064935065,1.0,,,1.0
7644,44.92765,1.0,0.0058139535,1.0,,,1.0
7645,16.721073,1.0,0.0,1.0,,,1.0
7646,21.797281,1.0,0.011494253,1.0,,,1.0
7647,4.7227116,1.0,0.006535948,1.0,,,1.0
7648,8.741248,1.0,0.0,1.0,,,1.0
7649,14.3829975,1.0,0.06666667,1.0,,,1.0
7650,18.334219,1.0,0.0,1.0,,,1.0
7651,85.39203,1.0,0.0037950664,1.0,,,1.0
7652,102.72474,1.0,0.0078125,1.0,,,1.0
7653,6.552483,1.0,0.0,1.0,,,1.0
7654,10.031765,1.0,0.0,1.0,,,1.0
7655,66.76958,1.0,0.013333334,1.0,,,1.0
7656,77.17307,1.0,0.0,1.0,,,1.0
7657,32.13206,1.0,0.0036231885,1.0,,,1.0
7658,20.080896,1.0,0.0057471264,1.0,,,1.0
7659,38.82514,1.0,0.015503876,1.0,,,1.0
7660,125.9227,1.0,0.0036101083,1.0,,,1.0
7661,36.150955,1.0,0.00990099,1.0,,,1.0
7662,35.36286,1.0,0.0046189376,1.0,,,1.0
7663,22.170992,1.0,0.007633588,1.0,,,1.0
7664,12.5936775,1.0,0.0,1.0,,,1.0
7665,31.527805,1.0,0.006042296,1.0,,,1.0
7666,38.739883,1.0,0.0,1.0,,,1.0
7667,14.294573,1.0,0.008130081,1.0,,,1.0
7668,86.02153,1.0,0.0040983604,1.0,,,1.0
7669,12.88894,1.0,0.004032258,1.0,,,1.0
7670,19.36942,1.0,0.008695652,1.0,,,1.0
7671,23.540226,1.0,0.0020876827,1.0,,,1.0
7672,13.286463,1.0,0.0074074073,1.0,,,1.0
7673,13.013516,1.0,0.024390243,1.0,,,1.0
7674,34.97296,1.0,0.0,1.0,,,1.0
7675,80.108826,1.0,0.011764706,1.0,,,1.0
7676,1.5393541,1.0,0.0,1.0,,,1.0
7677,43.029076,1.0,0.0025839794,1.0,,,1.0
7678,41.72247,1.0,0.007936508,1.0,,,1.0
7679,54.69655,1.0,0.051282052,1.0,,,1.0
7680,29.79571,1.0,0.0,1.0,,,1.0
7681,69.325554,1.0,0.021276595,1.0,,,1.0
7682,38.6258,1.0,0.0064102565,1.0,,,1.0
7683,27.848465,1.0,0.0,1.0,,,1.0
7684,15.854267,1.0,0.0074626864,1.0,,,1.0
7685,38.47397,1.0,0.013157895,1.0,,,1.0
7686,43.458054,1.0,0.0,1.0,,,1.0
7687,33.619694,1.0,0.0070921984,1.0,,,1.0
7688,74.36603,1.0,0.0042735045,1.0,,,1.0
7689,28.481234,1.0,0.0,1.0,,,1.0
7690,29.570032,1.0,0.011428571,1.0,,,1.0
7691,68.25846,1.0,0.00862069,1.0,,,1.0
7692,101.899734,1.0,0.0017152659,1.0,,,1.0
7693,47.376976,1.0,0.0,1.0,,,1.0
7694,44.219784,1.0,0.012345679,1.0,,,1.0
7695,8.2252035,1.0,0.0,1.0,,,1.0
7696,59.60921,1.0,0.008130081,1.0,,,1.0
7697,59.80664,1.0,0.0054644807,1.0,,,1.0
7698,115.46164,1.0,0.006451613,1.0,,,1.0
7699,73.267296,1.0,0.0058139535,1.0,,,1.0
7700,40.66883,1.0,0.03448276,1.0,,,1.0
7701,48.54382,1.0,0.0,1.0,,,1.0
7702,8.7123165,1.0,0.0,1.0,,,1.0
7703,19.755814,1.0,0.009569378,1.0,,,1.0
7704,18.607048,1.0,0.044444446,1.0,,,1.0
7705,104.61178,1.0,0.0027027028,1.0,,,1.0
7706,8.660848,1.0,0.0,1.0,,,1.0
7707,41.194073,1.0,0.005524862,1.0,,,1.0
7708,44.03998,1.0,0.013333334,1.0,,,1.0
7709,32.081238,1.0,0.0,1.0,,,1.0
7710,42.111153,1.0,0.016528925,1.0,,,1.0
7711,40.88979,1.0,0.01980198,1.0,,,1.0
7712,102.88374,1.0,0.005194805,1.0,,,1.0
7713,34.979244,1.0,0.004115226,1.0,,,1.0
7714,22.211855,1.0,0.0068259384,1.0,,,1.0
7715,125.9227,1.0,0.0056818184,1.0,,,1.0
7716,9.445115,1.0,0.0042918455,1.0,,,1.0
7717,33.302586,1.0,0.005181347,1.0,,,1.0
7718,5.261387,1.0,0.0,1.0,,,1.0
7719,59.60921,1.0,0.0056818184,1.0,,,1.0
7720,24.143202,1.0,0.005181347,1.0,,,1.0
7721,10.61107,1.0,0.024096385,1.0,,,1.0
7722,23.114923,1.0,0.009345794,1.0,,,1.0
7723,21.396473,1.0,0.004201681,1.0,,,1.0
7724,43.869236,1.0,0.008695652,1.0,,,1.0
7725,76.26888,1.0,0.0,1.0,,,1.0
7726,37.789955,1.0,0.008547009,1.0,,,1.0
7727,21.846634,1.0,0.0,1.0,,,1.0
7728,45.692894,1.0,0.0034364262,1.0,,,1.0
7729,15.570074,1.0,0.0049751243,1.0,,,1.0
7730,55.19942,1.0,0.0,1.0,,,1.0
7731,20.71445,1.0,0.007633588,1.0,,,1.0
7732,43.544853,1.0,0.0042735045,1.0,,,1.0
7733,37.1636,1.0,0.0088495575,1.0,,,1.0
7734,50.85755,1.0,0.0061919503,1.0,,,1.0
7735,58.761868,1.0,0.027027028,1.0,,,1.0
7736,40.885918,1.0,0.011904762,1.0,,,1.0
7737,29.79571,1.0,0.04,1.0,,,1.0
7738,7.103089,1.0,0.0,1.0,,,1.0
7739,38.303623,1.0,0.014084507,1.0,,,1.0
7740,26.936724,1.0,0.005882353,1.0,,,1.0
7741,47.659477,1.0,0.016528925,1.0,,,1.0
7742,15.829303,1.0,0.005235602,1.0,,,1.0
7743,15.951121,1.0,0.0,1.0,,,1.0
7744,70.53568,1.0,0.004201681,1.0,,,1.0
7745,17.474966,1.0,0.0064935065,1.0,,,1.0
7746,55.875946,1.0,0.0027855153,1.0,,,1.0
7747,66.76958,1.0,0.0028248588,1.0,,,1.0
7748,31.215162,1.0,0.0,1.0,,,1.0
7749,17.093624,1.0,0.0,1.0,,,1.0
7750,63.247498,1.0,0.009852217,1.0,,,1.0
7751,19.720758,1.0,0.0051282053,1.0,,,1.0
7752,46.13115,1.0,0.0088495575,1.0,,,1.0
7753,22.211855,1.0,0.009615385,1.0,,,1.0
7754,40.26685,1.0,0.0,1.0,,,1.0
7755,47.03406,1.0,0.0,1.0,,,1.0
7756,48.40148,1.0,0.008695652,1.0,,,1.0
7757,25.298908,1.0,0.027027028,1.0,,,1.0
7758,6.538711,1.0,0.0,1.0,,,1.0
7759,35.59902,1.0,0.0023419203,1.0,,,1.0
7760,16.708004,1.0,0.010989011,1.0,,,1.0
7761,30.628593,1.0,0.010638298,1.0,,,1.0
7762,25.512716,1.0,0.0,1.0,,,1.0
7763,22.773977,1.0,0.07692308,1.0,,,1.0
7764,28.489485,1.0,0.0,1.0,,,1.0
7765,10.758566,1.0,0.0,1.0,,,1.0
7766,86.234726,1.0,0.008264462,1.0,,,1.0
7767,73.42956,1.0,0.008547009,1.0,,,1.0
7768,9.82332,1.0,0.0,1.0,,,1.0
7769,100.17136,1.0,0.0,1.0,,,1.0
7770,32.05735,1.0,0.005524862,1.0,,,1.0
7771,53.14715,1.0,0.008438818,1.0,,,1.0
7772,26.163624,1.0,0.013888889,1.0,,,1.0
7773,19.945354,1.0,0.0,1.0,,,1.0
7774,101.899734,1.0,0.0043668123,1.0,,,1.0
7775,18.61622,1.0,0.010256411,1.0,,,1.0
7776,27.434822,1.0,0.0062305294,1.0,,,1.0
7777,7.102701,1.0,0.0,1.0,,,1.0
7778,55.507927,1.0,0.003816794,1.0,,,1.0
7779,52.354046,1.0,0.011235955,1.0,,,1.0
7780,52.40427,1.0,0.018518519,1.0,,,1.0
7781,42.433804,1.0,0.004464286,1.0,,,1.0
7782,67.477745,1.0,0.012987013,1.0,,,1.0
7783,43.2561,1.0,0.027027028,1.0,,,1.0
7784,39.621906,1.0,0.0,1.0,,,1.0
7785,20.60071,1.0,0.0,1.0,,,1.0
7786,15.179031,1.0,0.0,1.0,,,1.0
7787,18.07919,1.0,0.004201681,1.0,,,1.0
7788,6.588715,1.0,0.0,1.0,,,1.0
7789,8.163605,1.0,0.0,1.0,,,1.0
7790,80.49888,1.0,0.0040241447,1.0,,,1.0
7791,66.482666,1.0,0.001953125,1.0,,,1.0
7792,47.376976,1.0,0.010309278,1.0,,,1.0
7793,32.38077,1.0,0.0,1.0,,,1.0
7794,38.888374,1.0,0.008888889,1.0,,,1.0
7795,20.42838,1.0,0.006134969,1.0,,,1.0
7796,6.384144,1.0,0.0,1.0,,,1.0
7797,9.271936,1.0,0.0,1.0,,,1.0
7798,50.074543,1.0,0.0074074073,1.0,,,1.0
7799,19.031137,1.0,0.006153846,1.0,,,1.0
7800,92.35006,1.0,0.011976048,1.0,,,1.0
7801,12.574819,1.0,0.004608295,1.0,,,1.0
7802,26.371267,1.0,0.0,1.0,,,1.0
7803,7.954953,1.0,0.0,1.0,,,1.0
7804,50.52721,1.0,0.0,1.0,,,1.0
7805,58.54401,1.0,0.0,1.0,,,1.0
7806,34.239563,1.0,0.0,1.0,,,1.0
7807,33.50255,1.0,0.012345679,1.0,,,1.0
7808,9.302843,1.0,0.0,1.0,,,1.0
7809,0.33600122,1.0,0.0,1.0,,,1.0
7810,12.37086,1.0,0.021276595,1.0,,,1.0
7811,36.89534,1.0,0.0062111802,1.0,,,1.0
7812,71.00416,1.0,0.0070422534,1.0,,,1.0
7813,23.097351,1.0,0.009615385,1.0,,,1.0
7814,4.2761464,1.0,0.0,1.0,,,1.0
7815,14.321273,1.0,0.0027777778,1.0,,,1.0
7816,19.56064,1.0,0.0035842294,1.0,,,1.0
7817,46.076572,1.0,0.0069444445,1.0,,,1.0
7818,59.662865,1.0,0.00862069,1.0,,,1.0
7819,20.459831,1.0,0.0,1.0,,,1.0
7820,64.06434,1.0,0.009569378,1.0,,,1.0
7821,105.86188,1.0,0.0029239766,1.0,,,1.0
7822,18.596783,1.0,0.0065146578,1.0,,,1.0
7823,39.26162,1.0,0.0,1.0,,,1.0
7824,4.7719817,1.0,0.0045454544,1.0,,,1.0
7825,44.19484,1.0,0.004914005,1.0,,,1.0
7826,8.70693,1.0,0.010752688,1.0,,,1.0
7827,5.6259446,1.0,0.013157895,1.0,,,1.0
7828,59.106697,1.0,0.005509642,1.0,,,1.0
7829,89.88506,1.0,0.0025575447,1.0,,,1.0
7830,98.70822,1.0,0.028169014,1.0,,,1.0
7831,51.961277,1.0,0.009302326,1.0,,,1.0
7832,27.600372,1.0,0.0,1.0,,,1.0
7833,10.698491,1.0,0.006329114,1.0,,,1.0
7834,89.88506,1.0,0.0050890585,1.0,,,1.0
7835,4.190973,1.0,0.0,1.0,,,1.0
7836,3.03681,1.0,0.0,1.0,,,1.0
7837,16.326185,1.0,0.0,1.0,,,1.0
7838,17.710821,1.0,0.003215434,1.0,,,1.0
7839,63.247498,1.0,0.0019417476,1.0,,,1.0
7840,12.969468,1.0,0.0,1.0,,,1.0
7841,103.533264,1.0,0.030303031,1.0,,,1.0
7842,37.598587,1.0,0.0,1.0,,,1.0
7843,70.53568,1.0,0.02173913,1.0,,,1.0
7844,19.577953,1.0,0.028571429,1.0,,,1.0
7845,37.243046,1.0,0.013422819,1.0,,,1.0
7846,47.056965,1.0,0.010928961,1.0,,,1.0
7847,18.346254,1.0,0.01,1.0,,,1.0
7848,22.138361,1.0,0.0,1.0,,,1.0
7849,53.86719,1.0,0.006060606,1.0,,,1.0
7850,16.580873,1.0,0.01724138,1.0,,,1.0
7851,82.545975,1.0,0.011173184,1.0,,,1.0
7852,98.70822,1.0,0.017857144,1.0,,,1.0
7853,13.968333,1.0,0.005263158,1.0,,,1.0
7854,47.65984,1.0,0.004962779,1.0,,,1.0
7855,79.90929,1.0,0.012738854,1.0,,,1.0
7856,16.4933,1.0,0.06451613,1.0,,,1.0
7857,44.985107,1.0,0.0,1.0,,,1.0
7858,14.592158,1.0,0.022988506,1.0,,,1.0
7859,7.9654374,1.0,0.004132231,1.0,,,1.0
7860,47.937325,1.0,0.006134969,1.0,,,1.0
7861,115.54238,1.0,0.0057803467,1.0,,,1.0
7862,124.35362,1.0,0.012738854,1.0,,,1.0
7863,18.596783,1.0,0.005181347,1.0,,,1.0
7864,20.652634,1.0,0.016949153,1.0,,,1.0
7865,26.756544,1.0,0.0,1.0,,,1.0
7866,64.17689,1.0,0.0093896715,1.0,,,1.0
7867,117.691864,1.0,0.0024570024,1.0,,,1.0
7868,1.3964243,1.0,0.0,1.0,,,1.0
7869,19.769543,1.0,0.0,1.0,,,1.0
7870,109.534454,1.0,0.0063492064,1.0,,,1.0
7871,16.744612,1.0,0.039215688,1.0,,,1.0
7872,23.445225,1.0,0.004255319,1.0,,,1.0
7873,7.557565,1.0,0.009090909,1.0,,,1.0
7874,51.792812,1.0,0.009259259,1.0,,,1.0
7875,17.343945,1.0,0.004608295,1.0,,,1.0
7876,26.826265,1.0,0.0,1.0,,,1.0
7877,11.256522,1.0,0.010928961,1.0,,,1.0
7878,22.683786,1.0,0.0,1.0,,,1.0
7879,29.022688,1.0,0.008547009,1.0,,,1.0
7880,17.593369,1.0,0.0,1.0,,,1.0
7881,41.92771,1.0,0.0,1.0,,,1.0
7882,13.861632,1.0,0.0067114094,1.0,,,1.0
7883,67.00446,1.0,0.008583691,1.0,,,1.0
7884,38.046215,1.0,0.0054644807,1.0,,,1.0
7885,37.464222,1.0,0.007751938,1.0,,,1.0
7886,0.38747147,1.0,0.0,1.0,,,1.0
7887,37.668835,1.0,0.003717472,1.0,,,1.0
7888,20.178383,1.0,0.0071174377,1.0,,,1.0
7889,34.165283,1.0,0.0,1.0,,,1.0
7890,13.968333,1.0,0.010928961,1.0,,,1.0
7891,15.580753,1.0,0.0,1.0,,,1.0
7892,60.33253,1.0,0.016528925,1.0,,,1.0
7893,18.223118,1.0,0.006134969,1.0,,,1.0
7894,29.884644,1.0,0.0,1.0,,,1.0
7895,16.046627,1.0,0.006535948,1.0,,,1.0
7896,24.143202,1.0,0.009345794,1.0,,,1.0
7897,75.32171,1.0,0.006369427,1.0,,,1.0
7898,55.47038,1.0,0.0,1.0,,,1.0
7899,63.4572,1.0,0.009433962,1.0,,,1.0
7900,29.570032,1.0,0.0054054055,1.0,,,1.0
7901,49.648373,1.0,0.0034722222,1.0,,,1.0
7902,73.42956,1.0,0.0070921984,1.0,,,1.0
7903,20.842083,1.0,0.013888889,1.0,,,1.0
7904,87.21734,1.0,0.0034013605,1.0,,,1.0
7905,43.57887,1.0,0.006289308,1.0,,,1.0
7906,9.5511055,1.0,0.004878049,1.0,,,1.0
7907,48.79064,1.0,0.0062695923,1.0,,,1.0
7908,66.482666,1.0,0.0073260074,1.0,,,1.0
7909,78.47665,1.0,0.012820513,1.0,,,1.0
7910,34.24067,1.0,0.0073260074,1.0,,,1.0
7911,17.45658,1.0,0.0064935065,1.0,,,1.0
7912,10.899446,1.0,0.0049261083,1.0,,,1.0
7913,14.120529,1.0,0.009803922,1.0,,,1.0
7914,34.676254,1.0,0.008130081,1.0,,,1.0
7915,29.79571,1.0,0.046511628,1.0,,,1.0
7916,44.951385,1.0,0.0,1.0,,,1.0
7917,42.433804,1.0,0.007905139,1.0,,,1.0
7918,20.25146,1.0,0.0,1.0,,,1.0
7919,15.258767,1.0,0.0,1.0,,,1.0
7920,19.992687,1.0,0.0,1.0,,,1.0
7921,91.68036,1.0,0.008032128,1.0,,,1.0
7922,34.129272,1.0,0.0,1.0,,,1.0
7923,42.61417,1.0,0.0025445293,1.0,,,1.0
7924,18.510439,1.0,0.0,1.0,,,1.0
7925,20.40353,1.0,0.0,1.0,,,1.0
7926,37.525265,1.0,0.008196721,1.0,,,1.0
7927,43.528442,1.0,0.012048192,1.0,,,1.0
7928,48.698395,1.0,0.004705882,1.0,,,1.0
7929,68.1871,1.0,0.007246377,1.0,,,1.0
7930,31.881863,1.0,0.011764706,1.0,,,1.0
7931,43.452435,1.0,0.018691588,1.0,,,1.0
7932,39.398098,1.0,0.0,1.0,,,1.0
7933,8.441886,1.0,0.0057471264,1.0,,,1.0
7934,24.016008,1.0,0.012048192,1.0,,,1.0
7935,40.818283,1.0,0.009803922,1.0,,,1.0
7936,4.4325237,1.0,0.0,1.0,,,1.0
7937,28.918488,1.0,0.00877193,1.0,,,1.0
7938,47.042557,1.0,0.00625,1.0,,,1.0
7939,64.03762,1.0,0.008438818,1.0,,,1.0
7940,17.827824,1.0,0.0,1.0,,,1.0
7941,21.421688,1.0,0.0088495575,1.0,,,1.0
7942,25.527897,1.0,0.0,1.0,,,1.0
7943,22.706106,1.0,0.010638298,1.0,,,1.0
7944,33.544308,1.0,0.01,1.0,,,1.0
7945,56.3599,1.0,0.015625,1.0,,,1.0
7946,3.4043703,1.0,0.0,1.0,,,1.0
7947,13.286965,1.0,0.0,1.0,,,1.0
7948,7.0128264,1.0,0.003717472,1.0,,,1.0
7949,12.898709,1.0,0.0,1.0,,,1.0
7950,109.534454,1.0,0.004338395,1.0,,,1.0
7951,104.55939,1.0,0.004032258,1.0,,,1.0
7952,18.61622,1.0,0.006134969,1.0,,,1.0
7953,22.13959,1.0,0.0038022813,1.0,,,1.0
7954,29.377665,1.0,0.016528925,1.0,,,1.0
7955,37.012756,1.0,0.009090909,1.0,,,1.0
7956,103.32655,1.0,0.01369863,1.0,,,1.0
7957,15.317302,1.0,0.0043010754,1.0,,,1.0
7958,19.395365,1.0,0.0044444446,1.0,,,1.0
7959,16.02446,1.0,0.0,1.0,,,1.0
7960,26.590586,1.0,0.00913242,1.0,,,1.0
7961,0.4628761,1.0,0.0,1.0,,,1.0
7962,18.932165,1.0,0.0,1.0,,,1.0
7963,20.063238,1.0,0.0055555557,1.0,,,1.0
7964,33.91107,1.0,0.010989011,1.0,,,1.0
7965,12.133333,1.0,0.0016051364,1.0,,,1.0
7966,12.673727,1.0,0.007067138,1.0,,,1.0
7967,57.690968,1.0,0.011173184,1.0,,,1.0
7968,10.211005,1.0,0.019607844,1.0,,,1.0
7969,29.209387,1.0,0.007751938,1.0,,,1.0
7970,89.88506,1.0,0.0071174377,1.0,,,1.0
7971,29.79571,1.0,0.0,1.0,,,1.0
7972,21.056232,1.0,0.006849315,1.0,,,1.0
7973,26.826265,1.0,0.0053050397,1.0,,,1.0
7974,29.41917,1.0,0.025641026,1.0,,,1.0
7975,76.26888,1.0,0.0071174377,1.0,,,1.0
7976,25.127378,1.0,0.0,1.0,,,1.0
7977,110.308365,1.0,0.0,1.0,,,1.0
7978,7.3903546,1.0,0.0,1.0,,,1.0
7979,64.32761,1.0,0.026666667,1.0,,,1.0
7980,64.38238,1.0,0.0,1.0,,,1.0
7981,16.24137,1.0,0.008,1.0,,,1.0
7982,66.76958,1.0,0.0,1.0,,,1.0
7983,96.526924,1.0,0.0,1.0,,,1.0
7984,42.859505,1.0,0.017857144,1.0,,,1.0
7985,28.710789,1.0,0.008130081,1.0,,,1.0
7986,31.227282,1.0,0.008658009,1.0,,,1.0
7987,66.482666,1.0,0.024096385,1.0,,,1.0
7988,36.53014,1.0,0.0024630541,1.0,,,1.0
7989,7.5149393,1.0,0.022222223,1.0,,,1.0
7990,30.443695,1.0,0.0068965517,1.0,,,1.0
7991,69.42076,1.0,0.014705882,1.0,,,1.0
7992,41.186485,1.0,0.005050505,1.0,,,1.0
7993,2.5169628,1.0,0.0,1.0,,,1.0
7994,59.166702,1.0,0.024096385,1.0,,,1.0
7995,38.545357,1.0,0.007782101,1.0,,,1.0
7996,55.130615,1.0,0.0,1.0,,,1.0
7997,23.06741,1.0,0.0,1.0,,,1.0
7998,10.321973,1.0,0.010752688,1.0,,,1.0
7999,20.557365,1.0,0.004347826,1.0,,,1.0
8000,10.596087,1.0,0.0,1.0,,,1.0
8001,18.384838,1.0,0.003649635,1.0,,,1.0
8002,9.392128,1.0,0.006666667,1.0,,,1.0
8003,49.376625,1.0,0.0044247787,1.0,,,1.0
8004,100.17136,1.0,0.005586592,1.0,,,1.0
8005,77.30586,1.0,0.00591716,1.0,,,1.0
8006,9.568702,1.0,0.0,1.0,,,1.0
8007,30.827036,1.0,0.007490637,1.0,,,1.0
8008,63.79785,1.0,0.00877193,1.0,,,1.0
8009,77.84169,1.0,0.005602241,1.0,,,1.0
8010,21.147598,1.0,0.00990099,1.0,,,1.0
8011,50.154434,1.0,0.0062695923,1.0,,,1.0
8012,23.24274,1.0,0.010869565,1.0,,,1.0
8013,37.80578,1.0,0.009302326,1.0,,,1.0
8014,11.188463,1.0,0.013986014,1.0,,,1.0
8015,29.574545,1.0,0.010152284,1.0,,,1.0
8016,5.7507963,1.0,0.0,1.0,,,1.0
8017,42.90579,1.0,0.0,1.0,,,1.0
8018,32.712833,1.0,0.028169014,1.0,,,1.0
8019,36.243076,1.0,0.0,1.0,,,1.0
8020,16.566917,1.0,0.0,1.0,,,1.0
8021,3.5658672,1.0,0.0,1.0,,,1.0
8022,30.940886,1.0,0.013333334,1.0,,,1.0
8023,20.484734,1.0,0.0,1.0,,,1.0
8024,26.844906,1.0,0.016806724,1.0,,,1.0
8025,64.03762,1.0,0.013333334,1.0,,,1.0
8026,18.421865,1.0,0.021276595,1.0,,,1.0
8027,96.526924,1.0,0.006430868,1.0,,,1.0
8028,112.634705,1.0,0.0,1.0,,,1.0
8029,39.75219,1.0,0.006993007,1.0,,,1.0
8030,51.966015,1.0,0.0,1.0,,,1.0
8031,4.0348964,1.0,0.0,1.0,,,1.0
8032,7.71015,1.0,0.010752688,1.0,,,1.0
8033,24.378965,1.0,0.00862069,1.0,,,1.0
8034,39.69769,1.0,0.024096385,1.0,,,1.0
8035,16.560892,1.0,0.01923077,1.0,,,1.0
8036,79.05693,1.0,0.0,1.0,,,1.0
8037,11.7456,1.0,0.015267176,1.0,,,1.0
8038,19.82967,1.0,0.04,1.0,,,1.0
8039,14.280531,1.0,0.011764706,1.0,,,1.0
8040,13.748133,1.0,0.005291005,1.0,,,1.0
8041,42.68453,1.0,0.0045045046,1.0,,,1.0
8042,24.504705,1.0,0.0099502485,1.0,,,1.0
8043,44.54079,1.0,0.011494253,1.0,,,1.0
8044,31.992453,1.0,0.0056497175,1.0,,,1.0
8045,24.404675,1.0,0.012269938,1.0,,,1.0
8046,11.6617565,1.0,0.0,1.0,,,1.0
8047,28.481234,1.0,0.009708738,1.0,,,1.0
8048,95.84354,1.0,0.0023419203,1.0,,,1.0
8049,39.309826,1.0,0.009708738,1.0,,,1.0
8050,21.845827,1.0,0.0,1.0,,,1.0
8051,14.74847,1.0,0.016,1.0,,,1.0
8052,51.007317,1.0,0.0,1.0,,,1.0
8053,33.450512,1.0,0.00729927,1.0,,,1.0
8054,98.70822,1.0,0.017699115,1.0,,,1.0
8055,33.197285,1.0,0.0,1.0,,,1.0
8056,117.691864,1.0,0.006802721,1.0,,,1.0
8057,28.625896,1.0,0.0,1.0,,,1.0
8058,22.316332,1.0,0.01904762,1.0,,,1.0
8059,55.38542,1.0,0.0,1.0,,,1.0
8060,16.76604,1.0,0.015873017,1.0,,,1.0
8061,29.014412,1.0,0.0,1.0,,,1.0
8062,100.57325,1.0,0.010810811,1.0,,,1.0
8063,73.267296,1.0,0.0038461538,1.0,,,1.0
8064,38.888374,1.0,0.008368201,1.0,,,1.0
8065,32.854454,1.0,0.010989011,1.0,,,1.0
8066,43.233494,1.0,0.0,1.0,,,1.0
8067,64.76018,1.0,0.010471204,1.0,,,1.0
8068,12.778078,1.0,0.011235955,1.0,,,1.0
8069,16.1528,1.0,0.0,1.0,,,1.0
8070,22.45595,1.0,0.008658009,1.0,,,1.0
8071,24.143202,1.0,0.005449591,1.0,,,1.0
8072,81.89228,1.0,0.0053619305,1.0,,,1.0
8073,16.851448,1.0,0.0036363637,1.0,,,1.0
8074,25.666985,1.0,0.0074074073,1.0,,,1.0
8075,106.4167,1.0,0.004048583,1.0,,,1.0
8076,54.219826,1.0,0.0029761905,1.0,,,1.0
8077,0.5110264,1.0,0.0,1.0,,,1.0
8078,50.154015,1.0,0.0044444446,1.0,,,1.0
8079,4.9235725,1.0,0.010989011,1.0,,,1.0
8080,14.153911,1.0,0.0,1.0,,,1.0
8081,12.667271,1.0,0.0057471264,1.0,,,1.0
8082,7.1868825,1.0,0.013157895,1.0,,,1.0
8083,78.47665,1.0,0.0043010754,1.0,,,1.0
8084,32.74812,1.0,0.016129032,1.0,,,1.0
8085,9.236838,1.0,0.0,1.0,,,1.0
8086,48.087406,1.0,0.0,1.0,,,1.0
8087,46.32421,1.0,0.009090909,1.0,,,1.0
8088,58.815506,1.0,0.0054200543,1.0,,,1.0
8089,16.708004,1.0,0.009803922,1.0,,,1.0
8090,5.208097,1.0,0.012987013,1.0,,,1.0
8091,35.29845,1.0,0.012987013,1.0,,,1.0
8092,28.593393,1.0,0.010989011,1.0,,,1.0
8093,7.060703,1.0,0.0,1.0,,,1.0
8094,34.06485,1.0,0.003533569,1.0,,,1.0
8095,66.43879,1.0,0.009259259,1.0,,,1.0
8096,9.35484,1.0,0.0,1.0,,,1.0
8097,45.776028,1.0,0.005934718,1.0,,,1.0
8098,29.730177,1.0,0.0058479533,1.0,,,1.0
8099,16.862976,1.0,0.0,1.0,,,1.0
8100,41.82329,1.0,0.009090909,1.0,,,1.0
8101,60.376354,1.0,0.0044247787,1.0,,,1.0
8102,59.106697,1.0,0.0064935065,1.0,,,1.0
8103,38.48022,1.0,0.011627907,1.0,,,1.0
8104,38.80405,1.0,0.0064102565,1.0,,,1.0
8105,17.862709,1.0,0.0,1.0,,,1.0
8106,102.72474,1.0,0.004705882,1.0,,,1.0
8107,39.306293,1.0,0.0,1.0,,,1.0
8108,20.768625,1.0,0.0046948357,1.0,,,1.0
8109,44.19484,1.0,0.0,1.0,,,1.0
8110,38.219822,1.0,0.0,1.0,,,1.0
8111,16.046627,1.0,0.0055710305,1.0,,,1.0
8112,54.44234,1.0,0.0,1.0,,,1.0
8113,13.926555,1.0,0.0,1.0,,,1.0
8114,19.057966,1.0,0.017391304,1.0,,,1.0
8115,1.6052872,1.0,0.0,1.0,,,1.0
8116,80.376945,1.0,0.017699115,1.0,,,1.0
8117,30.074759,1.0,0.0,1.0,,,1.0
8118,18.234339,1.0,0.009259259,1.0,,,1.0
8119,51.738285,1.0,0.0,1.0,,,1.0
8120,15.596933,1.0,0.010989011,1.0,,,1.0
8121,14.703046,1.0,0.006116208,1.0,,,1.0
8122,24.49058,1.0,0.005319149,1.0,,,1.0
8123,56.44394,1.0,0.0,1.0,,,1.0
8124,8.953476,1.0,0.0,1.0,,,1.0
8125,34.240128,1.0,0.006024096,1.0,,,1.0
8126,1.9414794,1.0,0.0056497175,1.0,,,1.0
8127,96.84659,1.0,0.0037453184,1.0,,,1.0
8128,43.80185,1.0,0.0,1.0,,,1.0
8129,32.200317,1.0,0.0013175231,1.0,,,1.0
8130,45.11718,1.0,0.0,1.0,,,1.0
8131,27.435444,1.0,0.004115226,1.0,,,1.0
8132,31.816439,1.0,0.010638298,1.0,,,1.0
8133,10.14857,1.0,0.0,1.0,,,1.0
8134,33.699062,1.0,0.004842615,1.0,,,1.0
8135,7.5425973,1.0,0.0,1.0,,,1.0
8136,33.08499,1.0,0.0065789474,1.0,,,1.0
8137,40.258865,1.0,0.0,1.0,,,1.0
8138,78.61112,1.0,0.01754386,1.0,,,1.0
8139,16.367472,1.0,0.0,1.0,,,1.0
8140,14.321273,1.0,0.005586592,1.0,,,1.0
8141,19.606504,1.0,0.0,1.0,,,1.0
8142,75.32171,1.0,0.0091743115,1.0,,,1.0
8143,64.704315,1.0,0.004796163,1.0,,,1.0
8144,18.557726,1.0,0.0,1.0,,,1.0
8145,17.75629,1.0,0.0,1.0,,,1.0
8146,10.600574,1.0,0.0055555557,1.0,,,1.0
8147,27.891542,1.0,0.0070422534,1.0,,,1.0
8148,15.9191,1.0,0.009259259,1.0,,,1.0
8149,30.013018,1.0,0.0116959065,1.0,,,1.0
8150,16.23779,1.0,0.0,1.0,,,1.0
8151,11.188463,1.0,0.0023809525,1.0,,,1.0
8152,28.136103,1.0,0.0054347827,1.0,,,1.0
8153,61.61508,1.0,0.008583691,1.0,,,1.0
8154,14.75162,1.0,0.004761905,1.0,,,1.0
8155,112.43434,1.0,0.00390625,1.0,,,1.0
8156,40.589947,1.0,0.012658228,1.0,,,1.0
8157,41.61481,1.0,0.027027028,1.0,,,1.0
8158,3.771657,1.0,0.0,1.0,,,1.0
8159,3.3925757,1.0,0.0,1.0,,,1.0
8160,22.64676,1.0,0.0,1.0,,,1.0
8161,55.66456,1.0,0.007662835,1.0,,,1.0
8162,53.86719,1.0,0.0054200543,1.0,,,1.0
8163,20.106592,1.0,0.0,1.0,,,1.0
8164,15.433346,1.0,0.0121951215,1.0,,,1.0
8165,15.134662,1.0,0.0,1.0,,,1.0
8166,20.080896,1.0,0.004651163,1.0,,,1.0
8167,38.872562,1.0,0.0,1.0,,,1.0
8168,60.055492,1.0,0.008,1.0,,,1.0
8169,9.482383,1.0,0.024096385,1.0,,,1.0
8170,51.676765,1.0,0.016,1.0,,,1.0
8171,27.8919,1.0,0.0,1.0,,,1.0
8172,74.078445,1.0,0.005509642,1.0,,,1.0
8173,19.631742,1.0,0.0,1.0,,,1.0
8174,3.9837432,1.0,0.025641026,1.0,,,1.0
8175,5.3238273,1.0,0.0,1.0,,,1.0
8176,66.482666,1.0,0.0,1.0,,,1.0
8177,47.50845,1.0,0.0068965517,1.0,,,1.0
8178,33.345943,1.0,0.0043290043,1.0,,,1.0
8179,26.339779,1.0,0.0,1.0,,,1.0
8180,27.891542,1.0,0.0,1.0,,,1.0
8181,14.803982,1.0,0.0,1.0,,,1.0
8182,22.838282,1.0,0.014492754,1.0,,,1.0
8183,5.7480006,1.0,0.0,1.0,,,1.0
8184,26.67058,1.0,0.013422819,1.0,,,1.0
8185,21.65146,1.0,0.010869565,1.0,,,1.0
8186,95.04128,1.0,0.0,1.0,,,1.0
8187,16.10021,1.0,0.0,1.0,,,1.0
8188,15.408215,1.0,0.022727273,1.0,,,1.0
8189,4.5202317,1.0,0.0,1.0,,,1.0
8190,35.49939,1.0,0.0,1.0,,,1.0
8191,18.248724,1.0,0.0625,1.0,,,1.0
8192,12.781016,1.0,0.0,1.0,,,1.0
8193,108.342125,1.0,0.0050251256,1.0,,,1.0
8194,19.295475,1.0,0.008130081,1.0,,,1.0
8195,9.50374,1.0,0.0039525693,1.0,,,1.0
8196,55.950764,1.0,0.0021786492,1.0,,,1.0
8197,20.719347,1.0,0.0,1.0,,,1.0
8198,14.711373,1.0,0.011049724,1.0,,,1.0
8199,37.56037,1.0,0.012578616,1.0,,,1.0
8200,9.643033,1.0,0.0,1.0,,,1.0
8201,13.892399,1.0,0.0,1.0,,,1.0
8202,26.240759,1.0,0.0,1.0,,,1.0
8203,109.534454,1.0,0.003533569,1.0,,,1.0
8204,25.499916,1.0,0.011904762,1.0,,,1.0
8205,92.31766,1.0,0.004761905,1.0,,,1.0
8206,36.739883,1.0,0.009345794,1.0,,,1.0
8207,16.463675,1.0,0.0,1.0,,,1.0
8208,13.551765,1.0,0.015384615,1.0,,,1.0
8209,10.694785,1.0,0.0,1.0,,,1.0
8210,6.0117745,1.0,0.0,1.0,,,1.0
8211,4.22864,1.0,0.037037037,1.0,,,1.0
8212,60.409718,1.0,0.0064102565,1.0,,,1.0
8213,76.26888,1.0,0.005952381,1.0,,,1.0
8214,29.421946,1.0,0.014084507,1.0,,,1.0
8215,17.474966,1.0,0.01,1.0,,,1.0
8216,39.81936,1.0,0.011363637,1.0,,,1.0
8217,3.5817766,1.0,0.0,1.0,,,1.0
8218,3.037491,1.0,0.0,1.0,,,1.0
8219,19.344559,1.0,0.0,1.0,,,1.0
8220,24.990395,1.0,0.0052083335,1.0,,,1.0
8221,33.21836,1.0,0.00862069,1.0,,,1.0
8222,33.95981,1.0,0.014184397,1.0,,,1.0
8223,64.03762,1.0,0.0071174377,1.0,,,1.0
8224,43.27725,1.0,0.006802721,1.0,,,1.0
8225,39.587112,1.0,0.0057803467,1.0,,,1.0
8226,76.26888,1.0,0.014184397,1.0,,,1.0
8227,12.301973,1.0,0.013513514,1.0,,,1.0
8228,64.11903,1.0,0.0,1.0,,,1.0
8229,13.175864,1.0,0.00729927,1.0,,,1.0
8230,50.455616,1.0,0.0,1.0,,,1.0
8231,18.328232,1.0,0.0050251256,1.0,,,1.0
8232,44.186485,1.0,0.014925373,1.0,,,1.0
8233,44.69185,1.0,0.003773585,1.0,,,1.0
8234,42.61605,1.0,0.009009009,1.0,,,1.0
8235,31.292372,1.0,0.0040650405,1.0,,,1.0
8236,13.962863,1.0,0.020408163,1.0,,,1.0
8237,17.264677,1.0,0.010362694,1.0,,,1.0
8238,17.966253,1.0,0.004878049,1.0,,,1.0
8239,78.47665,1.0,0.0043290043,1.0,,,1.0
8240,6.593501,1.0,0.008264462,1.0,,,1.0
8241,73.42956,1.0,0.0,1.0,,,1.0
8242,41.194073,1.0,0.008196721,1.0,,,1.0
8243,24.755785,1.0,0.0053050397,1.0,,,1.0
8244,32.081238,1.0,0.0,1.0,,,1.0
8245,50.24949,1.0,0.0033898305,1.0,,,1.0
8246,28.149693,1.0,0.0051282053,1.0,,,1.0
8247,31.229944,1.0,0.030303031,1.0,,,1.0
8248,30.149088,1.0,0.014285714,1.0,,,1.0
8249,3.13483,1.0,0.010638298,1.0,,,1.0
8250,33.436897,1.0,0.004784689,1.0,,,1.0
8251,50.154434,1.0,0.0049875313,1.0,,,1.0
8252,19.333313,1.0,0.011235955,1.0,,,1.0
8253,51.529118,1.0,0.011764706,1.0,,,1.0
8254,17.966253,1.0,0.010309278,1.0,,,1.0
8255,42.751625,1.0,0.011173184,1.0,,,1.0
8256,48.469986,1.0,0.032258064,1.0,,,1.0
8257,91.68036,1.0,0.004415011,1.0,,,1.0
8258,7.083915,1.0,0.005235602,1.0,,,1.0
8259,14.15976,1.0,0.0,1.0,,,1.0
8260,17.080246,1.0,0.0,1.0,,,1.0
8261,9.782938,1.0,0.0,1.0,,,1.0
8262,27.328682,1.0,0.035714287,1.0,,,1.0
8263,17.675768,1.0,0.0,1.0,,,1.0
8264,17.04943,1.0,0.022988506,1.0,,,1.0
8265,56.376305,1.0,0.001984127,1.0,,,1.0
8266,7.570522,1.0,0.0,1.0,,,1.0
8267,125.9227,1.0,0.0068728523,1.0,,,1.0
8268,4.8701024,1.0,0.0,1.0,,,1.0
8269,28.436874,1.0,0.0029325513,1.0,,,1.0
8270,10.059051,1.0,0.010869565,1.0,,,1.0
8271,35.248066,1.0,0.0091743115,1.0,,,1.0
8272,21.133986,1.0,0.004048583,1.0,,,1.0
8273,16.322033,1.0,0.0040650405,1.0,,,1.0
8274,112.43434,1.0,0.0049751243,1.0,,,1.0
8275,27.589119,1.0,0.017094018,1.0,,,1.0
8276,112.21493,1.0,0.0,1.0,,,1.0
8277,31.849411,1.0,0.0,1.0,,,1.0
8278,7.6232038,1.0,0.0043290043,1.0,,,1.0
8279,108.342125,1.0,0.007380074,1.0,,,1.0
8280,11.096763,1.0,0.0,1.0,,,1.0
8281,85.39203,1.0,0.0009891196,1.0,,,1.0
8282,64.03762,1.0,0.006024096,1.0,,,1.0
8283,125.9227,1.0,0.007843138,1.0,,,1.0
8284,5.166971,1.0,0.009009009,1.0,,,1.0
8285,12.50173,1.0,0.010869565,1.0,,,1.0
8286,9.631986,1.0,0.0,1.0,,,1.0
8287,3.7649057,1.0,0.0031948881,1.0,,,1.0
8288,4.1440763,1.0,0.006329114,1.0,,,1.0
8289,29.928143,1.0,0.005194805,1.0,,,1.0
8290,80.49888,1.0,0.010526316,1.0,,,1.0
8291,29.15715,1.0,0.010638298,1.0,,,1.0
8292,37.298878,1.0,0.022727273,1.0,,,1.0
8293,18.70693,1.0,0.0068965517,1.0,,,1.0
8294,17.611622,1.0,0.0060790274,1.0,,,1.0
8295,43.528442,1.0,0.008333334,1.0,,,1.0
8296,17.314491,1.0,0.0058139535,1.0,,,1.0
8297,86.73833,1.0,0.015748031,1.0,,,1.0
8298,13.34918,1.0,0.074074075,1.0,,,1.0
8299,12.933343,1.0,0.02173913,1.0,,,1.0
8300,45.2774,1.0,0.0,1.0,,,1.0
8301,4.722532,1.0,0.0,1.0,,,1.0
8302,56.72165,1.0,0.0035842294,1.0,,,1.0
8303,27.81686,1.0,0.0,1.0,,,1.0
8304,16.582428,1.0,0.0,1.0,,,1.0
8305,51.677696,1.0,0.009259259,1.0,,,1.0
8306,12.010099,1.0,0.0,1.0,,,1.0
8307,1.2224724,1.0,0.0,1.0,,,1.0
8308,78.2306,1.0,0.013793103,1.0,,,1.0
8309,47.126255,1.0,0.006756757,1.0,,,1.0
8310,21.899544,1.0,0.0,1.0,,,1.0
8311,90.34002,1.0,0.0023584906,1.0,,,1.0
8312,22.706106,1.0,0.0066006603,1.0,,,1.0
8313,37.69992,1.0,0.01459854,1.0,,,1.0
8314,69.375046,1.0,0.010869565,1.0,,,1.0
8315,24.162432,1.0,0.01459854,1.0,,,1.0
8316,9.643033,1.0,0.015037594,1.0,,,1.0
8317,89.298325,1.0,0.008695652,1.0,,,1.0
8318,15.497237,1.0,0.003944773,1.0,,,1.0
8319,17.811209,1.0,0.0,1.0,,,1.0
8320,24.987806,1.0,0.0,1.0,,,1.0
8321,69.43896,1.0,0.010638298,1.0,,,1.0
8322,27.701643,1.0,0.041666668,1.0,,,1.0
8323,4.2796674,1.0,0.0,1.0,,,1.0
8324,21.765255,1.0,0.006451613,1.0,,,1.0
8325,63.059444,1.0,0.008695652,1.0,,,1.0
8326,54.970505,1.0,0.007246377,1.0,,,1.0
8327,4.6312404,1.0,0.015151516,1.0,,,1.0
8328,100.17136,1.0,0.025641026,1.0,,,1.0
8329,33.39647,1.0,0.009009009,1.0,,,1.0
8330,54.494526,1.0,0.01,1.0,,,1.0
8331,11.9783325,1.0,0.0,1.0,,,1.0
8332,36.565575,1.0,0.0093896715,1.0,,,1.0
8333,33.909286,1.0,0.006451613,1.0,,,1.0
8334,17.26241,1.0,0.01010101,1.0,,,1.0
8335,33.161705,1.0,0.0,1.0,,,1.0
8336,29.806673,1.0,0.001968504,1.0,,,1.0
8337,11.287342,1.0,0.0,1.0,,,1.0
8338,49.766655,1.0,0.0,1.0,,,1.0
8339,72.75066,1.0,0.0,1.0,,,1.0
8340,10.824467,1.0,0.0060975607,1.0,,,1.0
8341,29.537066,1.0,0.0099502485,1.0,,,1.0
8342,6.409159,1.0,0.09090909,1.0,,,1.0
8343,60.70733,1.0,0.007246377,1.0,,,1.0
8344,23.498892,1.0,0.01904762,1.0,,,1.0
8345,1.8240839,1.0,0.004115226,1.0,,,1.0
8346,8.149473,1.0,0.0,1.0,,,1.0
8347,8.530307,1.0,0.03448276,1.0,,,1.0
8348,28.470192,1.0,0.012121212,1.0,,,1.0
8349,23.920704,1.0,0.0,1.0,,,1.0
8350,61.210323,1.0,0.0,1.0,,,1.0
8351,48.698395,1.0,0.0059701493,1.0,,,1.0
8352,21.718449,1.0,0.012658228,1.0,,,1.0
8353,59.872826,1.0,0.006060606,1.0,,,1.0
8354,15.509477,1.0,0.003215434,1.0,,,1.0
8355,5.026101,1.0,0.0,1.0,,,1.0
8356,125.9227,1.0,0.0072202166,1.0,,,1.0
8357,26.835497,1.0,0.007782101,1.0,,,1.0
8358,78.47665,1.0,0.0035587188,1.0,,,1.0
8359,53.168434,1.0,0.0063091484,1.0,,,1.0
8360,28.60421,1.0,0.0,1.0,,,1.0
8361,48.47603,1.0,0.024096385,1.0,,,1.0
8362,5.8139014,1.0,0.0,1.0,,,1.0
8363,8.055413,1.0,0.0,1.0,,,1.0
8364,56.72165,1.0,0.011764706,1.0,,,1.0
8365,37.09724,1.0,0.0,1.0,,,1.0
8366,18.996418,1.0,0.010989011,1.0,,,1.0
8367,16.194073,1.0,0.009708738,1.0,,,1.0
8368,41.298073,1.0,0.0,1.0,,,1.0
8369,42.279037,1.0,0.0,1.0,,,1.0
8370,79.39193,1.0,0.0,1.0,,,1.0
8371,25.512716,1.0,0.0058479533,1.0,,,1.0
8372,43.452435,1.0,0.008695652,1.0,,,1.0
8373,41.150898,1.0,0.016393442,1.0,,,1.0
8374,47.030117,1.0,0.022222223,1.0,,,1.0
8375,4.678199,1.0,0.0,1.0,,,1.0
8376,25.222961,1.0,0.008196721,1.0,,,1.0
8377,40.607594,1.0,0.0,1.0,,,1.0
8378,20.860258,1.0,0.0,1.0,,,1.0
8379,68.1871,1.0,0.005050505,1.0,,,1.0
8380,46.373108,1.0,0.0064935065,1.0,,,1.0
8381,45.663223,1.0,0.014492754,1.0,,,1.0
8382,24.844992,1.0,0.0,1.0,,,1.0
8383,39.496872,1.0,0.04347826,1.0,,,1.0
8384,53.516483,1.0,0.0047281324,1.0,,,1.0
8385,12.057639,1.0,0.0,1.0,,,1.0
8386,9.054666,1.0,0.007905139,1.0,,,1.0
8387,46.929882,1.0,0.0,1.0,,,1.0
8388,13.39319,1.0,0.007352941,1.0,,,1.0
8389,26.85114,1.0,0.0,1.0,,,1.0
8390,19.56064,1.0,0.0,1.0,,,1.0
8391,85.39203,1.0,0.003502627,1.0,,,1.0
8392,4.977144,1.0,0.019607844,1.0,,,1.0
8393,66.482666,1.0,0.00877193,1.0,,,1.0
8394,75.32171,1.0,0.0038910506,1.0,,,1.0
8395,26.105045,1.0,0.007782101,1.0,,,1.0
8396,47.056965,1.0,0.013986014,1.0,,,1.0
8397,80.49888,1.0,0.007142857,1.0,,,1.0
8398,29.806673,1.0,0.008474576,1.0,,,1.0
8399,86.00488,1.0,0.006329114,1.0,,,1.0
8400,27.965487,1.0,0.005063291,1.0,,,1.0
8401,24.530201,1.0,0.007380074,1.0,,,1.0
8402,73.504425,1.0,0.002770083,1.0,,,1.0
8403,14.390658,1.0,0.022727273,1.0,,,1.0
8404,26.974577,1.0,0.0,1.0,,,1.0
8405,63.5304,1.0,0.010050251,1.0,,,1.0
8406,54.69655,1.0,0.009049774,1.0,,,1.0
8407,15.372862,1.0,0.00896861,1.0,,,1.0
8408,18.866402,1.0,0.0020533882,1.0,,,1.0
8409,41.33873,1.0,0.0,1.0,,,1.0
8410,3.8945217,1.0,0.015151516,1.0,,,1.0
8411,2.739709,1.0,0.074074075,1.0,,,1.0
8412,17.777168,1.0,0.0,1.0,,,1.0
8413,108.342125,1.0,0.0067340066,1.0,,,1.0
8414,18.477924,1.0,0.0,1.0,,,1.0
8415,29.222048,1.0,0.005050505,1.0,,,1.0
8416,32.611835,1.0,0.0,1.0,,,1.0
8417,31.816439,1.0,0.008438818,1.0,,,1.0
8418,23.682264,1.0,0.002624672,1.0,,,1.0
8419,54.036522,1.0,0.006153846,1.0,,,1.0
8420,47.042557,1.0,0.0043290043,1.0,,,1.0
8421,31.391384,1.0,0.011764706,1.0,,,1.0
8422,14.011762,1.0,0.0056179776,1.0,,,1.0
8423,33.089294,1.0,0.00625,1.0,,,1.0
8424,35.59902,1.0,0.010869565,1.0,,,1.0
8425,19.956816,1.0,0.0,1.0,,,1.0
8426,74.01742,1.0,0.02020202,1.0,,,1.0
8427,14.364363,1.0,0.0,1.0,,,1.0
8428,2.523217,1.0,0.0,1.0,,,1.0
8429,45.66446,1.0,0.008196721,1.0,,,1.0
8430,4.596675,1.0,0.014492754,1.0,,,1.0
8431,19.356586,1.0,0.0,1.0,,,1.0
8432,59.106697,1.0,0.004830918,1.0,,,1.0
8433,23.058191,1.0,0.00729927,1.0,,,1.0
8434,10.584727,1.0,0.0,1.0,,,1.0
8435,88.52326,1.0,0.0049261083,1.0,,,1.0
8436,33.002865,1.0,0.007067138,1.0,,,1.0
8437,27.173717,1.0,0.0016474464,1.0,,,1.0
8438,20.063238,1.0,0.002793296,1.0,,,1.0
8439,2.9824092,1.0,0.0,1.0,,,1.0
8440,16.046627,1.0,0.006779661,1.0,,,1.0
8441,87.21734,1.0,0.003533569,1.0,,,1.0
8442,32.872955,1.0,0.0026666666,1.0,,,1.0
8443,46.676987,1.0,0.004158004,1.0,,,1.0
8444,6.7478876,1.0,0.028571429,1.0,,,1.0
8445,29.222048,1.0,0.006472492,1.0,,,1.0
8446,17.593369,1.0,0.0,1.0,,,1.0
8447,36.739883,1.0,0.004842615,1.0,,,1.0
8448,24.065426,1.0,0.005076142,1.0,,,1.0
8449,44.184242,1.0,0.0070921984,1.0,,,1.0
8450,0.0,1.0,0.0,1.0,,,1.0
8451,8.531925,1.0,0.0,1.0,,,1.0
8452,46.373108,1.0,0.002538071,1.0,,,1.0
8453,70.76439,1.0,0.012345679,1.0,,,1.0
8454,100.17136,1.0,0.006042296,1.0,,,1.0
8455,61.374542,1.0,0.0,1.0,,,1.0
8456,47.030117,1.0,0.0,1.0,,,1.0
8457,28.50985,1.0,0.0056338026,1.0,,,1.0
8458,137.15147,1.0,0.005934718,1.0,,,1.0
8459,41.752445,1.0,0.0,1.0,,,1.0
8460,19.325563,1.0,0.006060606,1.0,,,1.0
8461,50.940514,1.0,0.005076142,1.0,,,1.0
8462,109.21901,1.0,0.004405286,1.0,,,1.0
8463,2.940011,1.0,0.0,1.0,,,1.0
8464,4.4892697,1.0,0.012987013,1.0,,,1.0
8465,27.36049,1.0,0.0,1.0,,,1.0
8466,73.267296,1.0,0.011235955,1.0,,,1.0
8467,31.188452,1.0,0.028169014,1.0,,,1.0
8468,71.0438,1.0,0.0,1.0,,,1.0
8469,22.441338,1.0,0.0,1.0,,,1.0
8470,29.143517,1.0,0.0076923077,1.0,,,1.0
8471,29.943281,1.0,0.012820513,1.0,,,1.0
8472,19.316765,1.0,0.0,1.0,,,1.0
8473,36.377136,1.0,0.0,1.0,,,1.0
8474,23.861872,1.0,0.0,1.0,,,1.0
8475,25.829971,1.0,0.012578616,1.0,,,1.0
8476,34.857082,1.0,0.0,1.0,,,1.0
8477,24.143202,1.0,0.0,1.0,,,1.0
8478,23.385027,1.0,0.0,1.0,,,1.0
8479,66.80831,1.0,0.008695652,1.0,,,1.0
8480,71.70666,1.0,0.006289308,1.0,,,1.0
8481,50.434937,1.0,0.0027894003,1.0,,,1.0
8482,40.258747,1.0,0.012048192,1.0,,,1.0
8483,43.21014,1.0,0.020408163,1.0,,,1.0
8484,35.48768,1.0,0.0064935065,1.0,,,1.0
8485,16.622807,1.0,0.0071174377,1.0,,,1.0
8486,43.361225,1.0,0.010752688,1.0,,,1.0
8487,73.267296,1.0,0.004962779,1.0,,,1.0
8488,54.67952,1.0,0.017094018,1.0,,,1.0
8489,20.670258,1.0,0.008333334,1.0,,,1.0
8490,25.499916,1.0,0.006369427,1.0,,,1.0
8491,26.480389,1.0,0.027777778,1.0,,,1.0
8492,32.081238,1.0,0.014705882,1.0,,,1.0
8493,41.83559,1.0,0.016949153,1.0,,,1.0
8494,66.482666,1.0,0.005988024,1.0,,,1.0
8495,38.370083,1.0,0.0,1.0,,,1.0
8496,44.706028,1.0,0.013888889,1.0,,,1.0
8497,33.17064,1.0,0.0037453184,1.0,,,1.0
8498,1.9621514,1.0,0.010309278,1.0,,,1.0
8499,12.335722,1.0,0.0,1.0,,,1.0
8500,16.16109,1.0,0.002096436,1.0,,,1.0
8501,136.64789,1.0,0.0093896715,1.0,,,1.0
8502,14.123951,1.0,0.0036101083,1.0,,,1.0
8503,49.04895,1.0,0.0,1.0,,,1.0
8504,81.40033,1.0,0.0121951215,1.0,,,1.0
8505,68.1871,1.0,0.00862069,1.0,,,1.0
8506,66.76958,1.0,0.0,1.0,,,1.0
8507,86.234726,1.0,0.015748031,1.0,,,1.0
8508,58.97087,1.0,0.011904762,1.0,,,1.0
8509,12.412105,1.0,0.00729927,1.0,,,1.0
8510,49.015846,1.0,0.007142857,1.0,,,1.0
8511,49.186657,1.0,0.0124223605,1.0,,,1.0
8512,14.499082,1.0,0.004405286,1.0,,,1.0
8513,16.23779,1.0,0.0034364262,1.0,,,1.0
8514,45.11718,1.0,0.011299435,1.0,,,1.0
8515,49.48252,1.0,0.0093896715,1.0,,,1.0
8516,6.924829,1.0,0.010526316,1.0,,,1.0
8517,20.74239,1.0,0.045454547,1.0,,,1.0
8518,22.372717,1.0,0.009090909,1.0,,,1.0
8519,33.205894,1.0,0.02,1.0,,,1.0
8520,65.69165,1.0,0.010869565,1.0,,,1.0
8521,126.36123,1.0,0.015503876,1.0,,,1.0
8522,12.988841,1.0,0.008264462,1.0,,,1.0
8523,45.692894,1.0,0.004149378,1.0,,,1.0
8524,114.88157,1.0,0.008,1.0,,,1.0
8525,32.38077,1.0,0.0067114094,1.0,,,1.0
8526,15.821823,1.0,0.025316456,1.0,,,1.0
8527,15.433346,1.0,0.012658228,1.0,,,1.0
8528,27.964859,1.0,0.007194245,1.0,,,1.0
8529,38.589554,1.0,0.0046189376,1.0,,,1.0
8530,34.23669,1.0,0.006134969,1.0,,,1.0
8531,29.500444,1.0,0.0,1.0,,,1.0
8532,85.39203,1.0,0.008474576,1.0,,,1.0
8533,31.950169,1.0,0.004219409,1.0,,,1.0
8534,14.3829975,1.0,0.010362694,1.0,,,1.0
8535,11.371773,1.0,0.0,1.0,,,1.0
8536,7.3065658,1.0,0.012048192,1.0,,,1.0
8537,49.648373,1.0,0.007067138,1.0,,,1.0
8538,34.24067,1.0,0.0067114094,1.0,,,1.0
8539,17.026337,1.0,0.0088495575,1.0,,,1.0
8540,14.367285,1.0,0.0,1.0,,,1.0
8541,85.84559,1.0,0.0029027576,1.0,,,1.0
8542,5.9483867,1.0,0.0,1.0,,,1.0
8543,18.197027,1.0,0.0,1.0,,,1.0
8544,10.417922,1.0,0.0,1.0,,,1.0
8545,13.012477,1.0,0.008064516,1.0,,,1.0
8546,6.366577,1.0,0.0,1.0,,,1.0
8547,35.59902,1.0,0.0037664783,1.0,,,1.0
8548,88.882866,1.0,0.010752688,1.0,,,1.0
8549,38.996548,1.0,0.009569378,1.0,,,1.0
8550,8.582619,1.0,0.0034364262,1.0,,,1.0
8551,48.833973,1.0,0.012269938,1.0,,,1.0
8552,29.514273,1.0,0.0625,1.0,,,1.0
8553,5.952456,1.0,0.0,1.0,,,1.0
8554,2.3500803,1.0,0.0,1.0,,,1.0
8555,33.95981,1.0,0.030303031,1.0,,,1.0
8556,33.070427,1.0,0.027777778,1.0,,,1.0
8557,64.38238,1.0,0.0018018018,1.0,,,1.0
8558,24.27063,1.0,0.0056179776,1.0,,,1.0
8559,12.865076,1.0,0.0,1.0,,,1.0
8560,14.413921,1.0,0.0,1.0,,,1.0
8561,7.4076166,1.0,0.014084507,1.0,,,1.0
8562,60.76915,1.0,0.014285714,1.0,,,1.0
8563,25.44528,1.0,0.02173913,1.0,,,1.0
8564,6.396425,1.0,0.0,1.0,,,1.0
8565,33.64961,1.0,0.010152284,1.0,,,1.0
8566,18.223118,1.0,0.0093896715,1.0,,,1.0
8567,6.087299,1.0,0.0,1.0,,,1.0
8568,29.783007,1.0,0.0,1.0,,,1.0
8569,56.02844,1.0,0.008298756,1.0,,,1.0
8570,46.33236,1.0,0.018181818,1.0,,,1.0
8571,40.31641,1.0,0.0025575447,1.0,,,1.0
8572,85.70176,1.0,0.007067138,1.0,,,1.0
8573,22.170992,1.0,0.0067114094,1.0,,,1.0
8574,39.306293,1.0,0.005167959,1.0,,,1.0
8575,69.42076,1.0,0.012903226,1.0,,,1.0
8576,2.926531,1.0,0.02,1.0,,,1.0
8577,35.794502,1.0,0.0076923077,1.0,,,1.0
8578,27.91127,1.0,0.0,1.0,,,1.0
8579,42.117638,1.0,0.00913242,1.0,,,1.0
8580,89.88506,1.0,0.0035460992,1.0,,,1.0
8581,10.904936,1.0,0.0,1.0,,,1.0
8582,85.4125,1.0,0.007380074,1.0,,,1.0
8583,27.411142,1.0,0.015151516,1.0,,,1.0
8584,31.527805,1.0,0.0,1.0,,,1.0
8585,28.410452,1.0,0.007575758,1.0,,,1.0
8586,38.57096,1.0,0.0,1.0,,,1.0
8587,105.86188,1.0,0.0066225166,1.0,,,1.0
8588,61.374542,1.0,0.0058479533,1.0,,,1.0
8589,13.685268,1.0,0.0041841003,1.0,,,1.0
8590,20.699913,1.0,0.0,1.0,,,1.0
8591,22.706106,1.0,0.0,1.0,,,1.0
8592,26.321548,1.0,0.0,1.0,,,1.0
8593,18.563435,1.0,0.013605442,1.0,,,1.0
8594,30.472588,1.0,0.032786883,1.0,,,1.0
8595,14.740854,1.0,0.016129032,1.0,,,1.0
8596,34.747,1.0,0.0,1.0,,,1.0
8597,37.243046,1.0,0.0,1.0,,,1.0
8598,20.348982,1.0,0.0,1.0,,,1.0
8599,64.06434,1.0,0.011764706,1.0,,,1.0
8600,21.962276,1.0,0.0,1.0,,,1.0
8601,32.22916,1.0,0.008368201,1.0,,,1.0
8602,16.898422,1.0,0.027027028,1.0,,,1.0
8603,23.061047,1.0,0.0,1.0,,,1.0
8604,20.738213,1.0,0.02020202,1.0,,,1.0
8605,19.506416,1.0,0.013793103,1.0,,,1.0
8606,73.42956,1.0,0.0078125,1.0,,,1.0
8607,35.48753,1.0,0.014084507,1.0,,,1.0
8608,47.841343,1.0,0.0028011205,1.0,,,1.0
8609,51.027836,1.0,0.007936508,1.0,,,1.0
8610,56.25854,1.0,0.0043956046,1.0,,,1.0
8611,37.464222,1.0,0.015748031,1.0,,,1.0
8612,12.780081,1.0,0.008130081,1.0,,,1.0
8613,74.658775,1.0,0.0,1.0,,,1.0
8614,23.641384,1.0,0.006024096,1.0,,,1.0
8615,60.784397,1.0,0.011049724,1.0,,,1.0
8616,87.21734,1.0,0.007067138,1.0,,,1.0
8617,78.46972,1.0,0.0067114094,1.0,,,1.0
8618,115.54238,1.0,0.0056980057,1.0,,,1.0
8619,52.085163,1.0,0.0072727273,1.0,,,1.0
8620,7.4912186,1.0,0.0038610038,1.0,,,1.0
8621,15.955362,1.0,0.013333334,1.0,,,1.0
8622,8.326372,1.0,0.0,1.0,,,1.0
8623,28.145432,1.0,0.011049724,1.0,,,1.0
8624,7.1615667,1.0,0.019607844,1.0,,,1.0
8625,0.8779035,1.0,0.0,1.0,,,1.0
8626,21.29406,1.0,0.0093896715,1.0,,,1.0
8627,73.08166,1.0,0.0,1.0,,,1.0
8628,1.2672001,1.0,0.00591716,1.0,,,1.0
8629,9.445115,1.0,0.013605442,1.0,,,1.0
8630,63.4572,1.0,0.016666668,1.0,,,1.0
8631,89.88506,1.0,0.0060790274,1.0,,,1.0
8632,67.420876,1.0,0.008733625,1.0,,,1.0
8633,42.751625,1.0,0.006993007,1.0,,,1.0
8634,3.6888516,1.0,0.0,1.0,,,1.0
8635,44.085014,1.0,0.0037453184,1.0,,,1.0
8636,109.534454,1.0,0.00896861,1.0,,,1.0
8637,14.468422,1.0,0.0,1.0,,,1.0
8638,15.519409,1.0,0.016806724,1.0,,,1.0
8639,77.30586,1.0,0.016666668,1.0,,,1.0
8640,57.07793,1.0,0.005899705,1.0,,,1.0
8641,34.06485,1.0,0.0,1.0,,,1.0
8642,31.149662,1.0,0.009009009,1.0,,,1.0
8643,106.12697,1.0,0.017699115,1.0,,,1.0
8644,84.75115,1.0,0.009708738,1.0,,,1.0
8645,38.739883,1.0,0.009661836,1.0,,,1.0
8646,88.11017,1.0,0.0036231885,1.0,,,1.0
8647,51.565613,1.0,0.005586592,1.0,,,1.0
8648,31.198116,1.0,0.0,1.0,,,1.0
8649,26.623383,1.0,0.005524862,1.0,,,1.0
8650,38.739883,1.0,0.0034722222,1.0,,,1.0
8651,25.417427,1.0,0.0,1.0,,,1.0
8652,26.67058,1.0,0.008403362,1.0,,,1.0
8653,22.226507,1.0,0.006849315,1.0,,,1.0
8654,30.352007,1.0,0.015384615,1.0,,,1.0
8655,105.86188,1.0,0.010526316,1.0,,,1.0
8656,3.9497902,1.0,0.03076923,1.0,,,1.0
8657,18.501202,1.0,0.013888889,1.0,,,1.0
8658,35.10353,1.0,0.014814815,1.0,,,1.0
8659,24.629253,1.0,0.0,1.0,,,1.0
8660,3.9713092,1.0,0.06666667,1.0,,,1.0
8661,45.00352,1.0,0.007194245,1.0,,,1.0
8662,117.691864,1.0,0.005076142,1.0,,,1.0
8663,58.925938,1.0,0.0121951215,1.0,,,1.0
8664,17.936409,1.0,0.0,1.0,,,1.0
8665,17.345606,1.0,0.033333335,1.0,,,1.0
8666,29.381933,1.0,0.007518797,1.0,,,1.0
8667,46.29282,1.0,0.0016722408,1.0,,,1.0
8668,18.767393,1.0,0.0,1.0,,,1.0
8669,14.943771,1.0,0.003717472,1.0,,,1.0
8670,25.829971,1.0,0.021505376,1.0,,,1.0
8671,6.719072,1.0,0.0,1.0,,,1.0
8672,38.130116,1.0,0.0058479533,1.0,,,1.0
8673,50.556976,1.0,0.0,1.0,,,1.0
8674,11.029683,1.0,0.0,1.0,,,1.0
8675,102.72474,1.0,0.0042918455,1.0,,,1.0
8676,4.006612,1.0,0.0,1.0,,,1.0
8677,100.17136,1.0,0.004192872,1.0,,,1.0
8678,40.215183,1.0,0.0,1.0,,,1.0
8679,33.258663,1.0,0.0060975607,1.0,,,1.0
8680,30.074759,1.0,0.008474576,1.0,,,1.0
8681,46.197254,1.0,0.003773585,1.0,,,1.0
8682,67.00446,1.0,0.00390625,1.0,,,1.0
8683,10.298678,1.0,0.0,1.0,,,1.0
8684,7.478462,1.0,0.00729927,1.0,,,1.0
8685,17.966253,1.0,0.004651163,1.0,,,1.0
8686,35.48016,1.0,0.0,1.0,,,1.0
8687,19.050303,1.0,0.003773585,1.0,,,1.0
8688,31.451654,1.0,0.003058104,1.0,,,1.0
8689,34.50466,1.0,0.007633588,1.0,,,1.0
8690,24.102648,1.0,0.016949153,1.0,,,1.0
8691,18.178839,1.0,0.017857144,1.0,,,1.0
8692,25.49425,1.0,0.0070921984,1.0,,,1.0
8693,63.247498,1.0,0.0058479533,1.0,,,1.0
8694,57.659794,1.0,0.0,1.0,,,1.0
8695,22.628105,1.0,0.0,1.0,,,1.0
8696,26.023561,1.0,0.011904762,1.0,,,1.0
8697,12.215583,1.0,0.0,1.0,,,1.0
8698,20.763327,1.0,0.0,1.0,,,1.0
8699,25.499916,1.0,0.0625,1.0,,,1.0
8700,13.049708,1.0,0.012820513,1.0,,,1.0
8701,10.2914295,1.0,0.006134969,1.0,,,1.0
8702,46.33236,1.0,0.008888889,1.0,,,1.0
8703,34.591675,1.0,0.0064102565,1.0,,,1.0
8704,29.739151,1.0,0.0,1.0,,,1.0
8705,73.85746,1.0,0.007168459,1.0,,,1.0
8706,58.646927,1.0,0.00754717,1.0,,,1.0
8707,28.877544,1.0,0.007936508,1.0,,,1.0
8708,50.27301,1.0,0.019607844,1.0,,,1.0
8709,13.842882,1.0,0.0,1.0,,,1.0
8710,22.558376,1.0,0.03846154,1.0,,,1.0
8711,21.232412,1.0,0.016666668,1.0,,,1.0
8712,23.129534,1.0,0.0,1.0,,,1.0
8713,15.819504,1.0,0.006451613,1.0,,,1.0
8714,3.0865133,1.0,0.0,1.0,,,1.0
8715,36.20567,1.0,0.0,1.0,,,1.0
8716,23.546011,1.0,0.0,1.0,,,1.0
8717,12.786204,1.0,0.011235955,1.0,,,1.0
8718,20.081308,1.0,0.05882353,1.0,,,1.0
8719,25.68008,1.0,0.004608295,1.0,,,1.0
8720,51.772392,1.0,0.006666667,1.0,,,1.0
8721,4.3476386,1.0,0.051282052,1.0,,,1.0
8722,98.09675,1.0,0.010869565,1.0,,,1.0
8723,8.916566,1.0,0.01369863,1.0,,,1.0
8724,26.076529,1.0,0.0,1.0,,,1.0
8725,96.84659,1.0,0.007168459,1.0,,,1.0
8726,21.05285,1.0,0.006289308,1.0,,,1.0
8727,35.691525,1.0,0.014925373,1.0,,,1.0
8728,19.733622,1.0,0.0,1.0,,,1.0
8729,16.146418,1.0,0.0,1.0,,,1.0
8730,56.542282,1.0,0.01923077,1.0,,,1.0
8731,57.187263,1.0,0.0049751243,1.0,,,1.0
8732,46.197254,1.0,0.006557377,1.0,,,1.0
8733,57.555965,1.0,0.004016064,1.0,,,1.0
8734,10.902087,1.0,0.004830918,1.0,,,1.0
8735,29.574545,1.0,0.027777778,1.0,,,1.0
8736,21.900784,1.0,0.0,1.0,,,1.0
8737,64.63358,1.0,0.0,1.0,,,1.0
8738,28.245121,1.0,0.0,1.0,,,1.0
8739,23.065699,1.0,0.005524862,1.0,,,1.0
8740,24.282587,1.0,0.005376344,1.0,,,1.0
8741,48.700584,1.0,0.024390243,1.0,,,1.0
8742,5.543884,1.0,0.0,1.0,,,1.0
8743,55.60791,1.0,0.0057803467,1.0,,,1.0
8744,27.457932,1.0,0.014084507,1.0,,,1.0
8745,99.413185,1.0,0.005479452,1.0,,,1.0
8746,57.155567,1.0,0.015267176,1.0,,,1.0
8747,22.292042,1.0,0.011494253,1.0,,,1.0
8748,41.53904,1.0,0.0,1.0,,,1.0
8749,15.433346,1.0,0.004405286,1.0,,,1.0
8750,16.616468,1.0,0.0,1.0,,,1.0
8751,18.126677,1.0,0.009615385,1.0,,,1.0
8752,7.0382304,1.0,0.0,1.0,,,1.0
8753,113.46854,1.0,0.004115226,1.0,,,1.0
8754,40.74913,1.0,0.004464286,1.0,,,1.0
8755,49.071426,1.0,0.0,1.0,,,1.0
8756,18.77903,1.0,0.014084507,1.0,,,1.0
8757,38.151104,1.0,0.0,1.0,,,1.0
8758,51.027836,1.0,0.004819277,1.0,,,1.0
8759,22.372717,1.0,0.008810572,1.0,,,1.0
8760,29.284895,1.0,0.017857144,1.0,,,1.0
8761,74.48423,1.0,0.0,1.0,,,1.0
8762,12.263607,1.0,0.0,1.0,,,1.0
8763,15.964975,1.0,0.0116959065,1.0,,,1.0
8764,16.684063,1.0,0.015625,1.0,,,1.0
8765,72.904945,1.0,0.006289308,1.0,,,1.0
8766,56.425014,1.0,0.004132231,1.0,,,1.0
8767,35.480804,1.0,0.007968128,1.0,,,1.0
8768,3.5594258,1.0,0.0,1.0,,,1.0
8769,8.604445,1.0,0.009569378,1.0,,,1.0
8770,38.589554,1.0,0.0,1.0,,,1.0
8771,21.050339,1.0,0.012658228,1.0,,,1.0
8772,54.561714,1.0,0.0,1.0,,,1.0
8773,22.44232,1.0,0.0057142857,1.0,,,1.0
8774,63.5304,1.0,0.005952381,1.0,,,1.0
8775,14.0040045,1.0,0.014925373,1.0,,,1.0
8776,74.01742,1.0,0.007843138,1.0,,,1.0
8777,50.058445,1.0,0.0,1.0,,,1.0
8778,67.38744,1.0,0.008064516,1.0,,,1.0
8779,9.287437,1.0,0.009708738,1.0,,,1.0
8780,52.53376,1.0,0.011363637,1.0,,,1.0
8781,11.341791,1.0,0.0,1.0,,,1.0
8782,36.222538,1.0,0.010752688,1.0,,,1.0
8783,2.8045983,1.0,0.0,1.0,,,1.0
8784,49.443634,1.0,0.01754386,1.0,,,1.0
8785,77.84169,1.0,0.0057306592,1.0,,,1.0
8786,7.547035,1.0,0.0,1.0,,,1.0
8787,100.17136,1.0,0.007142857,1.0,,,1.0
8788,55.443703,1.0,0.00625,1.0,,,1.0
8789,67.70754,1.0,0.0034013605,1.0,,,1.0
8790,48.97928,1.0,0.0035460992,1.0,,,1.0
8791,51.310734,1.0,0.0058479533,1.0,,,1.0
8792,55.875946,1.0,0.008097166,1.0,,,1.0
8793,16.974678,1.0,0.0028011205,1.0,,,1.0
8794,115.46164,1.0,0.003649635,1.0,,,1.0
8795,23.450548,1.0,0.009345794,1.0,,,1.0
8796,19.47356,1.0,0.033333335,1.0,,,1.0
8797,8.377783,1.0,0.0,1.0,,,1.0
8798,5.5871525,1.0,0.0,1.0,,,1.0
8799,34.113964,1.0,0.0,1.0,,,1.0
8800,9.232621,1.0,0.0,1.0,,,1.0
8801,19.050303,1.0,0.010869565,1.0,,,1.0
8802,24.682299,1.0,0.01438849,1.0,,,1.0
8803,44.55214,1.0,0.018867925,1.0,,,1.0
8804,3.2941306,1.0,0.0,1.0,,,1.0
8805,9.961234,1.0,0.002386635,1.0,,,1.0
8806,18.450565,1.0,0.016,1.0,,,1.0
8807,50.85755,1.0,0.008658009,1.0,,,1.0
8808,8.803052,1.0,0.025641026,1.0,,,1.0
8809,12.883763,1.0,0.0050125313,1.0,,,1.0
8810,38.57827,1.0,0.015748031,1.0,,,1.0
8811,12.788465,1.0,0.0,1.0,,,1.0
8812,54.970505,1.0,0.008403362,1.0,,,1.0
8813,68.1871,1.0,0.006968641,1.0,,,1.0
8814,12.5936775,1.0,0.0124223605,1.0,,,1.0
8815,19.028198,1.0,0.0,1.0,,,1.0
8816,23.168713,1.0,0.008695652,1.0,,,1.0
8817,14.2873955,1.0,0.005479452,1.0,,,1.0
8818,33.63226,1.0,0.0,1.0,,,1.0
8819,44.54079,1.0,0.022222223,1.0,,,1.0
8820,15.391422,1.0,0.016949153,1.0,,,1.0
8821,7.6701555,1.0,0.0,1.0,,,1.0
8822,17.13436,1.0,0.0,1.0,,,1.0
8823,34.323765,1.0,0.0,1.0,,,1.0
8824,18.53049,1.0,0.012345679,1.0,,,1.0
8825,80.49888,1.0,0.009852217,1.0,,,1.0
8826,6.2015405,1.0,0.0099502485,1.0,,,1.0
8827,16.081553,1.0,0.002469136,1.0,,,1.0
8828,60.873123,1.0,0.016949153,1.0,,,1.0
8829,9.725309,1.0,0.0037523452,1.0,,,1.0
8830,65.62722,1.0,0.0058651026,1.0,,,1.0
8831,34.240128,1.0,0.008,1.0,,,1.0
8832,24.433,1.0,0.0,1.0,,,1.0
8833,43.21014,1.0,0.0,1.0,,,1.0
8834,88.882866,1.0,0.01724138,1.0,,,1.0
8835,20.914593,1.0,0.0,1.0,,,1.0
8836,16.715097,1.0,0.004149378,1.0,,,1.0
8837,1.1825644,1.0,0.0,1.0,,,1.0
8838,61.175056,1.0,0.0036630037,1.0,,,1.0
8839,19.283161,1.0,0.0022371365,1.0,,,1.0
8840,49.409527,1.0,0.0066225166,1.0,,,1.0
8841,29.633883,1.0,0.0040650405,1.0,,,1.0
8842,36.7077,1.0,0.0,1.0,,,1.0
8843,7.432252,1.0,0.0,1.0,,,1.0
8844,21.657558,1.0,0.0024038462,1.0,,,1.0
8845,10.061177,1.0,0.0,1.0,,,1.0
8846,59.80664,1.0,0.0,1.0,,,1.0
8847,36.229965,1.0,0.004716981,1.0,,,1.0
8848,44.71084,1.0,0.005154639,1.0,,,1.0
8849,100.72897,1.0,0.0055555557,1.0,,,1.0
8850,34.37597,1.0,0.0,1.0,,,1.0
8851,27.987133,1.0,0.004166667,1.0,,,1.0
8852,19.930353,1.0,0.0,1.0,,,1.0
8853,48.97928,1.0,0.0037105752,1.0,,,1.0
8854,42.670406,1.0,0.0067340066,1.0,,,1.0
8855,44.54079,1.0,0.011976048,1.0,,,1.0
8856,61.184177,1.0,0.0,1.0,,,1.0
8857,14.095979,1.0,0.021052632,1.0,,,1.0
8858,61.45962,1.0,0.0,1.0,,,1.0
8859,3.4462242,1.0,0.0,1.0,,,1.0
8860,33.87051,1.0,0.0,1.0,,,1.0
8861,29.339872,1.0,0.0029850747,1.0,,,1.0
8862,32.262394,1.0,0.003773585,1.0,,,1.0
8863,25.965086,1.0,0.0064935065,1.0,,,1.0
8864,47.527283,1.0,0.011111111,1.0,,,1.0
8865,80.49888,1.0,0.0053050397,1.0,,,1.0
8866,32.026844,1.0,0.007518797,1.0,,,1.0
8867,44.06932,1.0,0.002538071,1.0,,,1.0
8868,50.619095,1.0,0.006666667,1.0,,,1.0
8869,8.110511,1.0,0.0,1.0,,,1.0
8870,116.13675,1.0,0.0053619305,1.0,,,1.0
8871,5.942729,1.0,0.0,1.0,,,1.0
8872,33.16621,1.0,0.013157895,1.0,,,1.0
8873,17.593369,1.0,0.012121212,1.0,,,1.0
8874,89.88506,1.0,0.018691588,1.0,,,1.0
8875,3.840225,1.0,0.012345679,1.0,,,1.0
8876,8.955486,1.0,0.0021598272,1.0,,,1.0
8877,24.051332,1.0,0.011764706,1.0,,,1.0
8878,18.658627,1.0,0.0,1.0,,,1.0
8879,46.661373,1.0,0.009345794,1.0,,,1.0
8880,17.573599,1.0,0.0,1.0,,,1.0
8881,82.545975,1.0,0.0,1.0,,,1.0
8882,22.45595,1.0,0.0,1.0,,,1.0
8883,39.87734,1.0,0.0,1.0,,,1.0
8884,46.002415,1.0,0.006369427,1.0,,,1.0
8885,37.94156,1.0,0.0,1.0,,,1.0
8886,3.4713607,1.0,0.0,1.0,,,1.0
8887,4.120227,1.0,0.013333334,1.0,,,1.0
8888,5.036826,1.0,0.011976048,1.0,,,1.0
8889,47.056965,1.0,0.0063091484,1.0,,,1.0
8890,101.899734,1.0,0.006802721,1.0,,,1.0
8891,18.866402,1.0,0.014285714,1.0,,,1.0
8892,12.38304,1.0,0.0,1.0,,,1.0
8893,3.4991193,1.0,0.0,1.0,,,1.0
8894,41.959114,1.0,0.0077220076,1.0,,,1.0
8895,30.055859,1.0,0.01754386,1.0,,,1.0
8896,15.485084,1.0,0.023255814,1.0,,,1.0
8897,11.223997,1.0,0.010526316,1.0,,,1.0
8898,16.938007,1.0,0.0036630037,1.0,,,1.0
8899,22.838387,1.0,0.0,1.0,,,1.0
8900,8.257333,1.0,0.0,1.0,,,1.0
8901,21.6726,1.0,0.014084507,1.0,,,1.0
8902,26.936724,1.0,0.0054054055,1.0,,,1.0
8903,39.670795,1.0,0.004464286,1.0,,,1.0
8904,56.13945,1.0,0.0,1.0,,,1.0
8905,57.09135,1.0,0.0045871558,1.0,,,1.0
8906,23.065699,1.0,0.0078125,1.0,,,1.0
8907,30.306885,1.0,0.0,1.0,,,1.0
8908,102.05991,1.0,0.0053619305,1.0,,,1.0
8909,20.842083,1.0,0.017699115,1.0,,,1.0
8910,20.090929,1.0,0.008658009,1.0,,,1.0
8911,62.159447,1.0,0.0,1.0,,,1.0
8912,71.66708,1.0,0.005988024,1.0,,,1.0
8913,16.870207,1.0,0.0,1.0,,,1.0
8914,14.474614,1.0,0.0,1.0,,,1.0
8915,7.014473,1.0,0.0046948357,1.0,,,1.0
8916,39.596268,1.0,0.01724138,1.0,,,1.0
8917,28.362438,1.0,0.014084507,1.0,,,1.0
8918,42.885136,1.0,0.0,1.0,,,1.0
8919,43.21014,1.0,0.0,1.0,,,1.0
8920,31.527805,1.0,0.0,1.0,,,1.0
8921,44.090076,1.0,0.007782101,1.0,,,1.0
8922,49.642174,1.0,0.011049724,1.0,,,1.0
8923,31.414385,1.0,0.0,1.0,,,1.0
8924,19.18576,1.0,0.0,1.0,,,1.0
8925,117.691864,1.0,0.0054054055,1.0,,,1.0
8926,6.804367,1.0,0.0038022813,1.0,,,1.0
8927,12.906225,1.0,0.0,1.0,,,1.0
8928,35.39015,1.0,0.028169014,1.0,,,1.0
8929,33.320576,1.0,0.0,1.0,,,1.0
8930,17.862709,1.0,0.0032786885,1.0,,,1.0
8931,36.7077,1.0,0.009852217,1.0,,,1.0
8932,100.17136,1.0,0.008097166,1.0,,,1.0
8933,34.016506,1.0,0.0066225166,1.0,,,1.0
8934,49.015846,1.0,0.007067138,1.0,,,1.0
8935,6.345305,1.0,0.0,1.0,,,1.0
8936,47.042557,1.0,0.012903226,1.0,,,1.0
8937,39.646202,1.0,0.04,1.0,,,1.0
8938,31.527805,1.0,0.0037037036,1.0,,,1.0
8939,25.28824,1.0,0.0011198209,1.0,,,1.0
8940,33.440334,1.0,0.05,1.0,,,1.0
8941,64.32761,1.0,0.018867925,1.0,,,1.0
8942,21.46517,1.0,0.0,1.0,,,1.0
8943,18.019861,1.0,0.002915452,1.0,,,1.0
8944,10.480321,1.0,0.01369863,1.0,,,1.0
8945,3.7159307,1.0,0.00990099,1.0,,,1.0
8946,17.221462,1.0,0.0049875313,1.0,,,1.0
8947,10.197623,1.0,0.0019493178,1.0,,,1.0
8948,24.038006,1.0,0.0057803467,1.0,,,1.0
8949,6.6479435,1.0,0.0,1.0,,,1.0
8950,29.79571,1.0,0.008695652,1.0,,,1.0
8951,40.613304,1.0,0.0,1.0,,,1.0
8952,64.03762,1.0,0.006289308,1.0,,,1.0
8953,18.320127,1.0,0.0,1.0,,,1.0
8954,2.7001636,1.0,0.0,1.0,,,1.0
8955,27.837341,1.0,0.006666667,1.0,,,1.0
8956,11.273919,1.0,0.012345679,1.0,,,1.0
8957,11.747978,1.0,0.0125,1.0,,,1.0
8958,29.758934,1.0,0.0037453184,1.0,,,1.0
8959,21.230251,1.0,0.011049724,1.0,,,1.0
8960,68.78812,1.0,0.0042735045,1.0,,,1.0
8961,9.233019,1.0,0.0,1.0,,,1.0
8962,92.35006,1.0,0.0121951215,1.0,,,1.0
8963,7.638959,1.0,0.032786883,1.0,,,1.0
8964,94.55113,1.0,0.006153846,1.0,,,1.0
8965,24.886698,1.0,0.0,1.0,,,1.0
8966,24.754585,1.0,0.006289308,1.0,,,1.0
8967,41.821625,1.0,0.010256411,1.0,,,1.0
8968,6.799391,1.0,0.06451613,1.0,,,1.0
8969,4.6972837,1.0,0.0066225166,1.0,,,1.0
8970,89.88506,1.0,0.0058651026,1.0,,,1.0
8971,14.666458,1.0,0.009009009,1.0,,,1.0
8972,24.434788,1.0,0.0,1.0,,,1.0
8973,98.14051,1.0,0.008403362,1.0,,,1.0
8974,69.43896,1.0,0.021052632,1.0,,,1.0
8975,72.68554,1.0,0.005899705,1.0,,,1.0
8976,10.248956,1.0,0.046511628,1.0,,,1.0
8977,14.607169,1.0,0.007575758,1.0,,,1.0
8978,37.81681,1.0,0.007751938,1.0,,,1.0
8979,59.60921,1.0,0.0042283298,1.0,,,1.0
8980,6.6884956,1.0,0.0,1.0,,,1.0
8981,37.864376,1.0,0.011111111,1.0,,,1.0
8982,27.737778,1.0,0.0,1.0,,,1.0
8983,19.793545,1.0,0.022988506,1.0,,,1.0
8984,57.24518,1.0,0.0030959751,1.0,,,1.0
8985,14.423748,1.0,0.008264462,1.0,,,1.0
8986,23.324146,1.0,0.020618556,1.0,,,1.0
8987,74.82495,1.0,0.0067114094,1.0,,,1.0
8988,23.213135,1.0,0.0,1.0,,,1.0
8989,89.88506,1.0,0.0068728523,1.0,,,1.0
8990,36.1022,1.0,0.009009009,1.0,,,1.0
8991,51.757824,1.0,0.007575758,1.0,,,1.0
8992,22.554703,1.0,0.06451613,1.0,,,1.0
8993,92.05475,1.0,0.022727273,1.0,,,1.0
8994,14.717329,1.0,0.0,1.0,,,1.0
8995,50.300728,1.0,0.0069444445,1.0,,,1.0
8996,32.872955,1.0,0.0062305294,1.0,,,1.0
8997,26.48901,1.0,0.0,1.0,,,1.0
8998,115.46164,1.0,0.008583691,1.0,,,1.0
8999,7.3065658,1.0,0.009803922,1.0,,,1.0
9000,49.186455,1.0,0.0,1.0,,,1.0
9001,25.20799,1.0,0.04347826,1.0,,,1.0
9002,36.245808,1.0,0.003875969,1.0,,,1.0
9003,10.70966,1.0,0.0,1.0,,,1.0
9004,23.065699,1.0,0.013245033,1.0,,,1.0
9005,35.543304,1.0,0.004219409,1.0,,,1.0
9006,34.591675,1.0,0.0125,1.0,,,1.0
9007,9.935992,1.0,0.0047393367,1.0,,,1.0
9008,56.72165,1.0,0.00862069,1.0,,,1.0
9009,29.293152,1.0,0.044444446,1.0,,,1.0
9010,30.223225,1.0,0.014184397,1.0,,,1.0
9011,57.85457,1.0,0.007434944,1.0,,,1.0
9012,6.741611,1.0,0.006802721,1.0,,,1.0
9013,36.74984,1.0,0.0,1.0,,,1.0
9014,31.174076,1.0,0.006849315,1.0,,,1.0
9015,59.60921,1.0,0.0,1.0,,,1.0
9016,43.80384,1.0,0.010471204,1.0,,,1.0
9017,36.714626,1.0,0.0,1.0,,,1.0
9018,3.3734777,1.0,0.002770083,1.0,,,1.0
9019,69.73952,1.0,0.007518797,1.0,,,1.0
9020,20.828693,1.0,0.0,1.0,,,1.0
9021,13.799409,1.0,0.0,1.0,,,1.0
9022,28.410452,1.0,0.005,1.0,,,1.0
9023,9.10712,1.0,0.0,1.0,,,1.0
9024,25.20799,1.0,0.00913242,1.0,,,1.0
9025,12.6280365,1.0,0.016666668,1.0,,,1.0
9026,29.234522,1.0,0.0,1.0,,,1.0
9027,26.9656,1.0,0.0022935779,1.0,,,1.0
9028,35.1499,1.0,0.0,1.0,,,1.0
9029,37.56037,1.0,0.0042735045,1.0,,,1.0
9030,24.878365,1.0,0.0,1.0,,,1.0
9031,70.86064,1.0,0.0061919503,1.0,,,1.0
9032,60.102684,1.0,0.0,1.0,,,1.0
9033,39.850513,1.0,0.0,1.0,,,1.0
9034,40.83924,1.0,0.008264462,1.0,,,1.0
9035,9.424776,1.0,0.0,1.0,,,1.0
9036,66.91865,1.0,0.012987013,1.0,,,1.0
9037,0.6842856,1.0,0.0,1.0,,,1.0
9038,83.36918,1.0,0.015037594,1.0,,,1.0
9039,16.146418,1.0,0.009009009,1.0,,,1.0
9040,29.574545,1.0,0.05882353,1.0,,,1.0
9041,28.709723,1.0,0.009661836,1.0,,,1.0
9042,54.494526,1.0,0.011235955,1.0,,,1.0
9043,53.371506,1.0,0.012578616,1.0,,,1.0
9044,86.18455,1.0,0.007575758,1.0,,,1.0
9045,48.545094,1.0,0.01369863,1.0,,,1.0
9046,8.420861,1.0,0.0,1.0,,,1.0
9047,45.776028,1.0,0.0049261083,1.0,,,1.0
9048,49.504684,1.0,0.0053050397,1.0,,,1.0
9049,23.387144,1.0,0.0,1.0,,,1.0
9050,5.3780937,1.0,0.0058479533,1.0,,,1.0
9051,17.773691,1.0,0.005141388,1.0,,,1.0
9052,7.0940337,1.0,0.035714287,1.0,,,1.0
9053,42.405045,1.0,0.0036363637,1.0,,,1.0
9054,3.202109,1.0,0.0,1.0,,,1.0
9055,23.464256,1.0,0.0,1.0,,,1.0
9056,7.782147,1.0,0.0056980057,1.0,,,1.0
9057,3.1974328,1.0,0.014084507,1.0,,,1.0
9058,7.2095466,1.0,0.003690037,1.0,,,1.0
9059,42.433804,1.0,0.010152284,1.0,,,1.0
9060,10.584727,1.0,0.0,1.0,,,1.0
9061,69.51781,1.0,0.0,1.0,,,1.0
9062,3.181385,1.0,0.0,1.0,,,1.0
9063,8.949516,1.0,0.025641026,1.0,,,1.0
9064,45.2774,1.0,0.0,1.0,,,1.0
9065,31.512604,1.0,0.007067138,1.0,,,1.0
9066,29.310167,1.0,0.015384615,1.0,,,1.0
9067,35.326077,1.0,0.0046948357,1.0,,,1.0
9068,42.93357,1.0,0.0026666666,1.0,,,1.0
9069,28.419405,1.0,0.009708738,1.0,,,1.0
9070,23.18951,1.0,0.0069444445,1.0,,,1.0
9071,73.267296,1.0,0.006060606,1.0,,,1.0
9072,7.4064417,1.0,0.0,1.0,,,1.0
9073,47.887398,1.0,0.007633588,1.0,,,1.0
9074,10.648673,1.0,0.0,1.0,,,1.0
9075,19.251577,1.0,0.013793103,1.0,,,1.0
9076,6.608009,1.0,0.017094018,1.0,,,1.0
9077,21.99216,1.0,0.014285714,1.0,,,1.0
9078,30.952871,1.0,0.007843138,1.0,,,1.0
9079,69.43896,1.0,0.0,1.0,,,1.0
9080,26.51792,1.0,0.032258064,1.0,,,1.0
9081,9.627604,1.0,0.0036363637,1.0,,,1.0
9082,23.462215,1.0,0.007633588,1.0,,,1.0
9083,26.464878,1.0,0.021276595,1.0,,,1.0
9084,23.806738,1.0,0.016666668,1.0,,,1.0
9085,8.504969,1.0,0.0,1.0,,,1.0
9086,20.148455,1.0,0.0045045046,1.0,,,1.0
9087,13.134527,1.0,0.0,1.0,,,1.0
9088,23.567698,1.0,0.0,1.0,,,1.0
9089,38.605515,1.0,0.01724138,1.0,,,1.0
9090,64.38238,1.0,0.0,1.0,,,1.0
9091,51.34904,1.0,0.0051282053,1.0,,,1.0
9092,37.33346,1.0,0.018867925,1.0,,,1.0
9093,10.524839,1.0,0.002096436,1.0,,,1.0
9094,14.431294,1.0,0.0,1.0,,,1.0
9095,15.583682,1.0,0.008547009,1.0,,,1.0
9096,57.788727,1.0,0.008264462,1.0,,,1.0
9097,64.704315,1.0,0.0058139535,1.0,,,1.0
9098,24.815762,1.0,0.0062305294,1.0,,,1.0
9099,125.9227,1.0,0.0032258064,1.0,,,1.0
9100,27.425625,1.0,0.015151516,1.0,,,1.0
9101,45.40902,1.0,0.003322259,1.0,,,1.0
9102,78.47665,1.0,0.006666667,1.0,,,1.0
9103,44.186485,1.0,0.007518797,1.0,,,1.0
9104,23.065699,1.0,0.006329114,1.0,,,1.0
9105,56.89019,1.0,0.010526316,1.0,,,1.0
9106,17.221462,1.0,0.002624672,1.0,,,1.0
9107,24.53294,1.0,0.005,1.0,,,1.0
9108,41.481094,1.0,0.026666667,1.0,,,1.0
9109,60.079163,1.0,0.0033003301,1.0,,,1.0
9110,37.1636,1.0,0.017391304,1.0,,,1.0
9111,18.46141,1.0,0.0,1.0,,,1.0
9112,42.599796,1.0,0.0031948881,1.0,,,1.0
9113,10.069601,1.0,0.0,1.0,,,1.0
9114,25.20799,1.0,0.0057471264,1.0,,,1.0
9115,34.606255,1.0,0.0,1.0,,,1.0
9116,21.133913,1.0,0.007142857,1.0,,,1.0
9117,19.816198,1.0,0.012820513,1.0,,,1.0
9118,46.33236,1.0,0.0049751243,1.0,,,1.0
9119,11.296685,1.0,0.025974026,1.0,,,1.0
9120,15.880878,1.0,0.0,1.0,,,1.0
9121,14.788026,1.0,0.019607844,1.0,,,1.0
9122,16.86077,1.0,0.03846154,1.0,,,1.0
9123,4.1705284,1.0,0.0,1.0,,,1.0
9124,25.11433,1.0,0.0,1.0,,,1.0
9125,37.025204,1.0,0.012269938,1.0,,,1.0
9126,60.758087,1.0,0.0061919503,1.0,,,1.0
9127,31.379911,1.0,0.0,1.0,,,1.0
9128,94.40702,1.0,0.004576659,1.0,,,1.0
9129,72.904945,1.0,0.006993007,1.0,,,1.0
9130,75.79938,1.0,0.0070921984,1.0,,,1.0
9131,10.625655,1.0,0.025641026,1.0,,,1.0
9132,17.43361,1.0,0.0,1.0,,,1.0
9133,26.213661,1.0,0.013888889,1.0,,,1.0
9134,11.721633,1.0,0.0,1.0,,,1.0
9135,73.85746,1.0,0.0059701493,1.0,,,1.0
9136,41.30865,1.0,0.0050251256,1.0,,,1.0
9137,109.534454,1.0,0.005524862,1.0,,,1.0
9138,117.37837,1.0,0.004914005,1.0,,,1.0
9139,28.979507,1.0,0.004524887,1.0,,,1.0
9140,60.873123,1.0,0.010309278,1.0,,,1.0
9141,48.068512,1.0,0.005376344,1.0,,,1.0
9142,17.343945,1.0,0.003690037,1.0,,,1.0
9143,66.769264,1.0,0.0078125,1.0,,,1.0
9144,67.00446,1.0,0.0037243948,1.0,,,1.0
9145,25.412148,1.0,0.0,1.0,,,1.0
9146,67.00446,1.0,0.0076923077,1.0,,,1.0
9147,31.634563,1.0,0.0067340066,1.0,,,1.0
9148,32.17202,1.0,0.0,1.0,,,1.0
9149,47.126255,1.0,0.0043668123,1.0,,,1.0
9150,6.9406343,1.0,0.0,1.0,,,1.0
9151,12.929529,1.0,0.0066225166,1.0,,,1.0
9152,30.008575,1.0,0.024390243,1.0,,,1.0
9153,39.850513,1.0,0.0076923077,1.0,,,1.0
9154,27.206306,1.0,0.006849315,1.0,,,1.0
9155,17.819391,1.0,0.01,1.0,,,1.0
9156,53.408028,1.0,0.010309278,1.0,,,1.0
9157,66.09364,1.0,0.012048192,1.0,,,1.0
9158,98.70822,1.0,0.015384615,1.0,,,1.0
9159,52.18484,1.0,0.00152207,1.0,,,1.0
9160,56.691032,1.0,0.00921659,1.0,,,1.0
9161,50.562813,1.0,0.009090909,1.0,,,1.0
9162,23.18951,1.0,0.0,1.0,,,1.0
9163,31.174076,1.0,0.006779661,1.0,,,1.0
9164,67.567406,1.0,0.008547009,1.0,,,1.0
9165,43.452435,1.0,0.0,1.0,,,1.0
9166,29.944387,1.0,0.0062111802,1.0,,,1.0
9167,23.097351,1.0,0.018181818,1.0,,,1.0
9168,9.234172,1.0,0.0,1.0,,,1.0
9169,29.574545,1.0,0.009569378,1.0,,,1.0
9170,8.966346,1.0,0.0,1.0,,,1.0
9171,22.706106,1.0,0.0091743115,1.0,,,1.0
9172,66.76958,1.0,0.005291005,1.0,,,1.0
9173,40.98041,1.0,0.010989011,1.0,,,1.0
9174,19.07651,1.0,0.0031948881,1.0,,,1.0
9175,52.54754,1.0,0.0,1.0,,,1.0
9176,15.570074,1.0,0.0019762847,1.0,,,1.0
9177,26.105045,1.0,0.006430868,1.0,,,1.0
9178,89.88506,1.0,0.00591716,1.0,,,1.0
9179,7.280904,1.0,0.033333335,1.0,,,1.0
9180,15.082378,1.0,0.05882353,1.0,,,1.0
9181,80.376945,1.0,0.004672897,1.0,,,1.0
9182,41.83559,1.0,0.01183432,1.0,,,1.0
9183,104.04593,1.0,0.005882353,1.0,,,1.0
9184,39.773018,1.0,0.0057803467,1.0,,,1.0
9185,13.225878,1.0,0.0,1.0,,,1.0
9186,11.433941,1.0,0.005509642,1.0,,,1.0
9187,31.98157,1.0,0.010256411,1.0,,,1.0
9188,50.058445,1.0,0.004237288,1.0,,,1.0
9189,30.05534,1.0,0.0,1.0,,,1.0
9190,9.643033,1.0,0.0,1.0,,,1.0
9191,69.440056,1.0,0.004347826,1.0,,,1.0
9192,45.732464,1.0,0.006329114,1.0,,,1.0
9193,78.47665,1.0,0.008264462,1.0,,,1.0
9194,4.17407,1.0,0.0,1.0,,,1.0
9195,85.29979,1.0,0.0,1.0,,,1.0
9196,63.5304,1.0,0.007246377,1.0,,,1.0
9197,42.405045,1.0,0.011235955,1.0,,,1.0
9198,52.039356,1.0,0.0,1.0,,,1.0
9199,14.321273,1.0,0.0021231424,1.0,,,1.0
9200,9.674247,1.0,0.0,1.0,,,1.0
9201,18.328123,1.0,0.0051150895,1.0,,,1.0
9202,49.029556,1.0,0.007352941,1.0,,,1.0
9203,3.5770278,1.0,0.0,1.0,,,1.0
9204,19.812569,1.0,0.0,1.0,,,1.0
9205,21.690239,1.0,0.011904762,1.0,,,1.0
9206,27.630615,1.0,0.051282052,1.0,,,1.0
9207,81.22078,1.0,0.004237288,1.0,,,1.0
9208,14.752523,1.0,0.011235955,1.0,,,1.0
9209,7.4877043,1.0,0.0,1.0,,,1.0
9210,36.191307,1.0,0.007352941,1.0,,,1.0
9211,35.326077,1.0,0.007194245,1.0,,,1.0
9212,99.413185,1.0,0.0065146578,1.0,,,1.0
9213,26.656216,1.0,0.0,1.0,,,1.0
9214,35.239037,1.0,0.008,1.0,,,1.0
9215,77.64702,1.0,0.009345794,1.0,,,1.0
9216,7.948671,1.0,0.0,1.0,,,1.0
9217,8.090771,1.0,0.006289308,1.0,,,1.0
9218,15.181713,1.0,0.006060606,1.0,,,1.0
9219,35.30824,1.0,0.030303031,1.0,,,1.0
9220,26.931288,1.0,0.0,1.0,,,1.0
9221,28.600405,1.0,0.004016064,1.0,,,1.0
9222,9.65194,1.0,0.015384615,1.0,,,1.0
9223,12.639575,1.0,0.016,1.0,,,1.0
9224,28.698668,1.0,0.0038314175,1.0,,,1.0
9225,64.03762,1.0,0.00729927,1.0,,,1.0
9226,10.0991955,1.0,0.007194245,1.0,,,1.0
9227,30.489769,1.0,0.0054945056,1.0,,,1.0
9228,44.6724,1.0,0.0028490028,1.0,,,1.0
9229,70.53568,1.0,0.008658009,1.0,,,1.0
9230,12.322747,1.0,0.0,1.0,,,1.0
9231,15.952163,1.0,0.025,1.0,,,1.0
9232,6.0965834,1.0,0.14285715,1.0,,,1.0
9233,88.84265,1.0,0.0048076925,1.0,,,1.0
9234,32.924923,1.0,0.01754386,1.0,,,1.0
9235,38.85421,1.0,0.015503876,1.0,,,1.0
9236,88.16907,1.0,0.010869565,1.0,,,1.0
9237,32.081238,1.0,0.0020876827,1.0,,,1.0
9238,25.296314,1.0,0.012987013,1.0,,,1.0
9239,30.327112,1.0,0.0,1.0,,,1.0
9240,7.6042366,1.0,0.0031847134,1.0,,,1.0
9241,55.507927,1.0,0.002754821,1.0,,,1.0
9242,15.780169,1.0,0.0,1.0,,,1.0
9243,21.693544,1.0,0.0,1.0,,,1.0
9244,49.570225,1.0,0.0,1.0,,,1.0
9245,53.371506,1.0,0.029850746,1.0,,,1.0
9246,18.456411,1.0,0.010638298,1.0,,,1.0
9247,8.168271,1.0,0.003968254,1.0,,,1.0
9248,38.57096,1.0,0.0065789474,1.0,,,1.0
9249,19.517342,1.0,0.0,1.0,,,1.0
9250,66.482666,1.0,0.00625,1.0,,,1.0
9251,18.838991,1.0,0.007518797,1.0,,,1.0
9252,32.77146,1.0,0.04347826,1.0,,,1.0
9253,29.15715,1.0,0.0,1.0,,,1.0
9254,13.968333,1.0,0.010050251,1.0,,,1.0
9255,54.917294,1.0,0.009615385,1.0,,,1.0
9256,64.39126,1.0,0.0056497175,1.0,,,1.0
9257,18.509695,1.0,0.0,1.0,,,1.0
9258,16.10021,1.0,0.0,1.0,,,1.0
9259,27.44689,1.0,0.0,1.0,,,1.0
9260,12.2458105,1.0,0.0,1.0,,,1.0
9261,22.45595,1.0,0.021978023,1.0,,,1.0
9262,72.162674,1.0,0.006153846,1.0,,,1.0
9263,9.684182,1.0,0.0,1.0,,,1.0
9264,15.951155,1.0,0.00952381,1.0,,,1.0
9265,33.189396,1.0,0.007936508,1.0,,,1.0
9266,10.051788,1.0,0.0125,1.0,,,1.0
9267,21.25492,1.0,0.010526316,1.0,,,1.0
9268,3.4729974,1.0,0.05882353,1.0,,,1.0
9269,46.469357,1.0,0.0,1.0,,,1.0
9270,50.434937,1.0,0.016,1.0,,,1.0
9271,24.199207,1.0,0.010309278,1.0,,,1.0
9272,51.34904,1.0,0.00952381,1.0,,,1.0
9273,17.160767,1.0,0.014814815,1.0,,,1.0
9274,25.499916,1.0,0.014925373,1.0,,,1.0
9275,41.745354,1.0,0.0,1.0,,,1.0
9276,67.19436,1.0,0.011627907,1.0,,,1.0
9277,3.7313032,1.0,0.0,1.0,,,1.0
9278,0.8264648,1.0,0.0,1.0,,,1.0
9279,3.3803627,1.0,0.002762431,1.0,,,1.0
9280,12.70516,1.0,0.027027028,1.0,,,1.0
9281,23.061047,1.0,0.014184397,1.0,,,1.0
9282,34.676586,1.0,0.0050251256,1.0,,,1.0
9283,24.566587,1.0,0.0,1.0,,,1.0
9284,57.555965,1.0,0.0056980057,1.0,,,1.0
9285,14.882909,1.0,0.0,1.0,,,1.0
9286,16.126528,1.0,0.0,1.0,,,1.0
9287,9.83942,1.0,0.006134969,1.0,,,1.0
9288,48.545094,1.0,0.015267176,1.0,,,1.0
9289,59.34855,1.0,0.015873017,1.0,,,1.0
9290,7.9787407,1.0,0.009708738,1.0,,,1.0
9291,15.403348,1.0,0.0036363637,1.0,,,1.0
9292,31.679062,1.0,0.005181347,1.0,,,1.0
9293,42.751625,1.0,0.010752688,1.0,,,1.0
9294,40.412476,1.0,0.001934236,1.0,,,1.0
9295,19.684546,1.0,0.010752688,1.0,,,1.0
9296,57.42195,1.0,0.0051150895,1.0,,,1.0
9297,20.709585,1.0,0.00990099,1.0,,,1.0
9298,85.70176,1.0,0.013888889,1.0,,,1.0
9299,98.70822,1.0,0.014084507,1.0,,,1.0
9300,30.127802,1.0,0.013986014,1.0,,,1.0
9301,25.973763,1.0,0.014084507,1.0,,,1.0
9302,15.785021,1.0,0.0,1.0,,,1.0
9303,9.472776,1.0,0.016806724,1.0,,,1.0
9304,11.7205925,1.0,0.005181347,1.0,,,1.0
9305,26.617674,1.0,0.016806724,1.0,,,1.0
9306,36.048527,1.0,0.013157895,1.0,,,1.0
9307,22.706106,1.0,0.009852217,1.0,,,1.0
9308,26.794825,1.0,0.0,1.0,,,1.0
9309,12.388984,1.0,0.0,1.0,,,1.0
9310,55.51316,1.0,0.009302326,1.0,,,1.0
9311,44.657337,1.0,0.010050251,1.0,,,1.0
9312,49.257343,1.0,0.0068965517,1.0,,,1.0
9313,17.895761,1.0,0.00591716,1.0,,,1.0
9314,10.67255,1.0,0.016528925,1.0,,,1.0
9315,40.68799,1.0,0.0060975607,1.0,,,1.0
9316,31.83649,1.0,0.0042735045,1.0,,,1.0
9317,79.2343,1.0,0.020408163,1.0,,,1.0
9318,71.65195,1.0,0.0,1.0,,,1.0
9319,20.791569,1.0,0.0,1.0,,,1.0
9320,29.67842,1.0,0.0,1.0,,,1.0
9321,8.995996,1.0,0.0,1.0,,,1.0
9322,86.45003,1.0,0.0018382353,1.0,,,1.0
9323,10.276177,1.0,0.015625,1.0,,,1.0
9324,16.708004,1.0,0.0064102565,1.0,,,1.0
9325,31.541946,1.0,0.0,1.0,,,1.0
9326,18.002087,1.0,0.0,1.0,,,1.0
9327,89.298325,1.0,0.018181818,1.0,,,1.0
9328,9.392143,1.0,0.007380074,1.0,,,1.0
9329,64.76018,1.0,0.01,1.0,,,1.0
9330,20.090929,1.0,0.007843138,1.0,,,1.0
9331,55.68366,1.0,0.0,1.0,,,1.0
9332,34.468987,1.0,0.011764706,1.0,,,1.0
9333,19.920862,1.0,0.0,1.0,,,1.0
9334,20.348982,1.0,0.02631579,1.0,,,1.0
9335,2.510072,1.0,0.0,1.0,,,1.0
9336,44.186485,1.0,0.010869565,1.0,,,1.0
9337,27.91127,1.0,0.00877193,1.0,,,1.0
9338,37.789955,1.0,0.0028328612,1.0,,,1.0
9339,34.06485,1.0,0.003322259,1.0,,,1.0
9340,39.40248,1.0,0.0,1.0,,,1.0
9341,86.18455,1.0,0.0076923077,1.0,,,1.0
9342,56.286175,1.0,0.0060790274,1.0,,,1.0
9343,2.9962337,1.0,0.0,1.0,,,1.0
9344,14.06808,1.0,0.0,1.0,,,1.0
9345,23.589903,1.0,0.0124223605,1.0,,,1.0
9346,30.13764,1.0,0.035714287,1.0,,,1.0
9347,42.604225,1.0,0.0038910506,1.0,,,1.0
9348,29.832024,1.0,0.0,1.0,,,1.0
9349,41.499313,1.0,0.013513514,1.0,,,1.0
9350,18.135841,1.0,0.0,1.0,,,1.0
9351,26.6411,1.0,0.0,1.0,,,1.0
9352,49.87287,1.0,0.0043763677,1.0,,,1.0
9353,43.12458,1.0,0.0078125,1.0,,,1.0
9354,24.262444,1.0,0.0021413276,1.0,,,1.0
9355,15.374791,1.0,0.0027855153,1.0,,,1.0
9356,15.580753,1.0,0.008,1.0,,,1.0
9357,41.70995,1.0,0.009009009,1.0,,,1.0
9358,2.716761,1.0,0.0,1.0,,,1.0
9359,38.739883,1.0,0.015384615,1.0,,,1.0
9360,10.5129595,1.0,0.008196721,1.0,,,1.0
9361,74.78573,1.0,0.0063492064,1.0,,,1.0
9362,23.523413,1.0,0.0,1.0,,,1.0
9363,18.931227,1.0,0.004219409,1.0,,,1.0
9364,16.907969,1.0,0.011560693,1.0,,,1.0
9365,59.265636,1.0,0.0022573364,1.0,,,1.0
9366,112.21493,1.0,0.0093896715,1.0,,,1.0
9367,43.528442,1.0,0.0069204154,1.0,,,1.0
9368,30.738268,1.0,0.010752688,1.0,,,1.0
9369,44.706028,1.0,0.00862069,1.0,,,1.0
9370,17.023262,1.0,0.0,1.0,,,1.0
9371,64.825195,1.0,0.008196721,1.0,,,1.0
9372,10.641207,1.0,0.008298756,1.0,,,1.0
9373,29.944387,1.0,0.0054347827,1.0,,,1.0
9374,44.661484,1.0,0.0,1.0,,,1.0
9375,5.131765,1.0,0.07692308,1.0,,,1.0
9376,81.40033,1.0,0.008510638,1.0,,,1.0
9377,77.521576,1.0,0.014084507,1.0,,,1.0
9378,75.03355,1.0,0.007633588,1.0,,,1.0
9379,67.00446,1.0,0.022727273,1.0,,,1.0
9380,38.739883,1.0,0.0070422534,1.0,,,1.0
9381,39.971397,1.0,0.007633588,1.0,,,1.0
9382,30.94527,1.0,0.004878049,1.0,,,1.0
9383,7.9077854,1.0,0.0,1.0,,,1.0
9384,66.481125,1.0,0.0042735045,1.0,,,1.0
9385,12.43842,1.0,0.014925373,1.0,,,1.0
9386,69.73952,1.0,0.005291005,1.0,,,1.0
9387,27.19665,1.0,0.0042735045,1.0,,,1.0
9388,18.47501,1.0,0.012987013,1.0,,,1.0
9389,57.025917,1.0,0.007142857,1.0,,,1.0
9390,62.3884,1.0,0.008196721,1.0,,,1.0
9391,18.752657,1.0,0.02173913,1.0,,,1.0
9392,117.691864,1.0,0.0040899795,1.0,,,1.0
9393,77.30586,1.0,0.007575758,1.0,,,1.0
9394,39.07597,1.0,0.0,1.0,,,1.0
9395,68.1871,1.0,0.004140787,1.0,,,1.0
9396,8.620952,1.0,0.0,1.0,,,1.0
9397,85.54174,1.0,0.0057142857,1.0,,,1.0
9398,115.54238,1.0,0.0045871558,1.0,,,1.0
9399,32.148567,1.0,0.010256411,1.0,,,1.0
9400,16.77732,1.0,0.0,1.0,,,1.0
9401,33.755047,1.0,0.0027247956,1.0,,,1.0
9402,42.433804,1.0,0.010638298,1.0,,,1.0
9403,2.7376413,1.0,0.0028818443,1.0,,,1.0
9404,16.058558,1.0,0.0056179776,1.0,,,1.0
9405,88.84265,1.0,0.009756098,1.0,,,1.0
9406,23.659998,1.0,0.0,1.0,,,1.0
9407,19.767784,1.0,0.0056497175,1.0,,,1.0
9408,31.992453,1.0,0.004914005,1.0,,,1.0
9409,20.907137,1.0,0.0,1.0,,,1.0
9410,8.673928,1.0,0.0014347202,1.0,,,1.0
9411,26.927025,1.0,0.008474576,1.0,,,1.0
9412,4.6424136,1.0,0.01010101,1.0,,,1.0
9413,25.225454,1.0,0.023809524,1.0,,,1.0
9414,70.53568,1.0,0.015384615,1.0,,,1.0
9415,27.03312,1.0,0.01,1.0,,,1.0
9416,16.547905,1.0,0.012820513,1.0,,,1.0
9417,8.997643,1.0,0.004405286,1.0,,,1.0
9418,28.68378,1.0,0.002967359,1.0,,,1.0
9419,41.30865,1.0,0.005952381,1.0,,,1.0
9420,66.482666,1.0,0.009009009,1.0,,,1.0
9421,12.858317,1.0,0.0,1.0,,,1.0
9422,74.03937,1.0,0.00877193,1.0,,,1.0
9423,71.00416,1.0,0.0066225166,1.0,,,1.0
9424,56.72165,1.0,0.0035587188,1.0,,,1.0
9425,33.205894,1.0,0.041666668,1.0,,,1.0
9426,30.300766,1.0,0.012345679,1.0,,,1.0
9427,52.809917,1.0,0.0,1.0,,,1.0
9428,23.11591,1.0,0.0,1.0,,,1.0
9429,27.333967,1.0,0.0057803467,1.0,,,1.0
9430,26.936724,1.0,0.04,1.0,,,1.0
9431,41.39017,1.0,0.0068965517,1.0,,,1.0
9432,7.1266265,1.0,0.01754386,1.0,,,1.0
9433,29.616846,1.0,0.0,1.0,,,1.0
9434,9.21044,1.0,0.0031746032,1.0,,,1.0
9435,87.37963,1.0,0.013986014,1.0,,,1.0
9436,55.3534,1.0,0.007380074,1.0,,,1.0
9437,20.51963,1.0,0.00729927,1.0,,,1.0
9438,28.216385,1.0,0.029411765,1.0,,,1.0
9439,20.253557,1.0,0.014492754,1.0,,,1.0
9440,19.709652,1.0,0.013157895,1.0,,,1.0
9441,30.001116,1.0,0.0028490028,1.0,,,1.0
9442,15.566947,1.0,0.0,1.0,,,1.0
9443,6.574033,1.0,0.0028011205,1.0,,,1.0
9444,49.029556,1.0,0.006993007,1.0,,,1.0
9445,78.61112,1.0,0.009259259,1.0,,,1.0
9446,35.246128,1.0,0.008547009,1.0,,,1.0
9447,9.485845,1.0,0.0125,1.0,,,1.0
9448,37.615612,1.0,0.003649635,1.0,,,1.0
9449,98.70822,1.0,0.022222223,1.0,,,1.0
9450,48.50151,1.0,0.0,1.0,,,1.0
9451,7.8176622,1.0,0.009569378,1.0,,,1.0
9452,37.1636,1.0,0.0116959065,1.0,,,1.0
9453,20.802237,1.0,0.0,1.0,,,1.0
9454,40.31641,1.0,0.0037037036,1.0,,,1.0
9455,60.873123,1.0,0.0025445293,1.0,,,1.0
9456,6.0265417,1.0,0.0038910506,1.0,,,1.0
9457,115.54238,1.0,0.006134969,1.0,,,1.0
9458,38.836533,1.0,0.013888889,1.0,,,1.0
9459,40.818283,1.0,0.0,1.0,,,1.0
9460,69.440056,1.0,0.0059701493,1.0,,,1.0
9461,94.0619,1.0,0.001447178,1.0,,,1.0
9462,12.76755,1.0,0.002994012,1.0,,,1.0
9463,8.192507,1.0,0.016666668,1.0,,,1.0
9464,101.899734,1.0,0.008,1.0,,,1.0
9465,21.230251,1.0,0.00990099,1.0,,,1.0
9466,28.797897,1.0,0.0,1.0,,,1.0
9467,78.61112,1.0,0.011428571,1.0,,,1.0
9468,31.936533,1.0,0.011764706,1.0,,,1.0
9469,46.33236,1.0,0.015384615,1.0,,,1.0
9470,16.888617,1.0,0.011494253,1.0,,,1.0
9471,46.634182,1.0,0.03846154,1.0,,,1.0
9472,47.08782,1.0,0.0056497175,1.0,,,1.0
9473,13.081677,1.0,0.007194245,1.0,,,1.0
9474,2.5577996,1.0,0.0032467532,1.0,,,1.0
9475,105.86188,1.0,0.0053908355,1.0,,,1.0
9476,27.295,1.0,0.0,1.0,,,1.0
9477,4.127383,1.0,0.024390243,1.0,,,1.0
9478,105.86188,1.0,0.006535948,1.0,,,1.0
9479,31.438961,1.0,0.008,1.0,,,1.0
9480,66.09364,1.0,0.01183432,1.0,,,1.0
9481,10.8996315,1.0,0.009345794,1.0,,,1.0
9482,28.625896,1.0,0.0074074073,1.0,,,1.0
9483,23.532372,1.0,0.002994012,1.0,,,1.0
9484,74.01742,1.0,0.008196721,1.0,,,1.0
9485,5.614506,1.0,0.011560693,1.0,,,1.0
9486,4.8007855,1.0,0.0,1.0,,,1.0
9487,50.44356,1.0,0.0,1.0,,,1.0
9488,44.69185,1.0,0.0056657223,1.0,,,1.0
9489,18.298016,1.0,0.0,1.0,,,1.0
9490,31.293396,1.0,0.011173184,1.0,,,1.0
9491,34.198,1.0,0.007936508,1.0,,,1.0
9492,47.36624,1.0,0.009345794,1.0,,,1.0
9493,88.52326,1.0,0.0,1.0,,,1.0
9494,50.85755,1.0,0.010152284,1.0,,,1.0
9495,82.545975,1.0,0.0062111802,1.0,,,1.0
9496,48.79064,1.0,0.0,1.0,,,1.0
9497,56.376305,1.0,0.0,1.0,,,1.0
9498,100.17136,1.0,0.011111111,1.0,,,1.0
9499,11.572829,1.0,0.0,1.0,,,1.0
9500,33.008106,1.0,0.041666668,1.0,,,1.0
9501,4.854074,1.0,0.0,1.0,,,1.0
9502,26.105045,1.0,0.003508772,1.0,,,1.0
9503,9.10074,1.0,0.0,1.0,,,1.0
9504,56.71575,1.0,0.008130081,1.0,,,1.0
9505,8.899452,1.0,0.0,1.0,,,1.0
9506,61.014236,1.0,0.002762431,1.0,,,1.0
9507,58.016228,1.0,0.0,1.0,,,1.0
9508,7.508012,1.0,0.0,1.0,,,1.0
9509,14.225773,1.0,0.0,1.0,,,1.0
9510,40.972237,1.0,0.0,1.0,,,1.0
9511,95.84354,1.0,0.010416667,1.0,,,1.0
9512,48.40148,1.0,0.01980198,1.0,,,1.0
9513,9.807536,1.0,0.0,1.0,,,1.0
9514,68.1871,1.0,0.0062305294,1.0,,,1.0
9515,15.094431,1.0,0.005524862,1.0,,,1.0
9516,88.84265,1.0,0.0049261083,1.0,,,1.0
9517,12.686778,1.0,0.008333334,1.0,,,1.0
9518,33.60434,1.0,0.019417476,1.0,,,1.0
9519,44.593353,1.0,0.0068965517,1.0,,,1.0
9520,42.201164,1.0,0.004716981,1.0,,,1.0
9521,17.118038,1.0,0.012048192,1.0,,,1.0
9522,32.082397,1.0,0.012738854,1.0,,,1.0
9523,89.88506,1.0,0.0041237115,1.0,,,1.0
9524,26.024319,1.0,0.0121951215,1.0,,,1.0
9525,3.9146967,1.0,0.0,1.0,,,1.0
9526,24.988256,1.0,0.0121951215,1.0,,,1.0
9527,23.226645,1.0,0.01754386,1.0,,,1.0
9528,35.928925,1.0,0.0,1.0,,,1.0
9529,62.705486,1.0,0.0,1.0,,,1.0
9530,10.904936,1.0,0.0,1.0,,,1.0
9531,66.91297,1.0,0.005181347,1.0,,,1.0
9532,63.03454,1.0,0.013071896,1.0,,,1.0
9533,75.48593,1.0,0.01058201,1.0,,,1.0
9534,17.264677,1.0,0.011235955,1.0,,,1.0
9535,17.16368,1.0,0.0,1.0,,,1.0
9536,7.107679,1.0,0.012578616,1.0,,,1.0
9537,15.720683,1.0,0.017094018,1.0,,,1.0
9538,25.965086,1.0,0.02247191,1.0,,,1.0
9539,4.2796674,1.0,0.028571429,1.0,,,1.0
9540,21.68584,1.0,0.0,1.0,,,1.0
9541,35.22399,1.0,0.014925373,1.0,,,1.0
9542,44.71084,1.0,0.006756757,1.0,,,1.0
9543,18.596783,1.0,0.0078125,1.0,,,1.0
9544,31.476086,1.0,0.0,1.0,,,1.0
9545,46.634182,1.0,0.007246377,1.0,,,1.0
9546,14.380034,1.0,0.0,1.0,,,1.0
9547,37.024452,1.0,0.01010101,1.0,,,1.0
9548,24.916027,1.0,0.0,1.0,,,1.0
9549,33.19042,1.0,0.0,1.0,,,1.0
9550,73.42956,1.0,0.0070921984,1.0,,,1.0
9551,87.37963,1.0,0.0061728396,1.0,,,1.0
9552,23.524294,1.0,0.0,1.0,,,1.0
9553,33.345943,1.0,0.0035842294,1.0,,,1.0
9554,51.424828,1.0,0.019607844,1.0,,,1.0
9555,79.519646,1.0,0.0037523452,1.0,,,1.0
9556,2.1873715,1.0,0.0,1.0,,,1.0
9557,29.71264,1.0,0.007168459,1.0,,,1.0
9558,102.72474,1.0,0.0016920473,1.0,,,1.0
9559,76.48763,1.0,0.0,1.0,,,1.0
9560,14.014733,1.0,0.0,1.0,,,1.0
9561,7.547501,1.0,0.028571429,1.0,,,1.0
9562,11.867704,1.0,0.010152284,1.0,,,1.0
9563,25.829971,1.0,0.0070921984,1.0,,,1.0
9564,58.54401,1.0,0.013157895,1.0,,,1.0
9565,17.619654,1.0,0.04347826,1.0,,,1.0
9566,51.25193,1.0,0.004115226,1.0,,,1.0
9567,24.433,1.0,0.0,1.0,,,1.0
9568,43.452435,1.0,0.004830918,1.0,,,1.0
9569,2.8589287,1.0,0.012658228,1.0,,,1.0
9570,17.862709,1.0,0.008695652,1.0,,,1.0
9571,40.31641,1.0,0.004878049,1.0,,,1.0
9572,22.132147,1.0,0.005050505,1.0,,,1.0
9573,50.058445,1.0,0.0,1.0,,,1.0
9574,51.840786,1.0,0.008474576,1.0,,,1.0
9575,8.168271,1.0,0.003968254,1.0,,,1.0
9576,23.385027,1.0,0.0,1.0,,,1.0
9577,25.882061,1.0,0.0,1.0,,,1.0
9578,14.15976,1.0,0.0045871558,1.0,,,1.0
9579,27.416014,1.0,0.0036363637,1.0,,,1.0
9580,69.13106,1.0,0.004132231,1.0,,,1.0
9581,29.832024,1.0,0.006060606,1.0,,,1.0
9582,21.532047,1.0,0.010526316,1.0,,,1.0
9583,75.32171,1.0,0.002624672,1.0,,,1.0
9584,42.121235,1.0,0.0031545742,1.0,,,1.0
9585,14.453025,1.0,0.020618556,1.0,,,1.0
9586,29.574545,1.0,0.00862069,1.0,,,1.0
9587,76.92968,1.0,0.007518797,1.0,,,1.0
9588,71.84073,1.0,0.0012836971,1.0,,,1.0
9589,19.56064,1.0,0.0121951215,1.0,,,1.0
9590,9.509306,1.0,0.0,1.0,,,1.0
9591,42.433804,1.0,0.011764706,1.0,,,1.0
9592,22.761248,1.0,0.0,1.0,,,1.0
9593,31.527805,1.0,0.0039138943,1.0,,,1.0
9594,46.32421,1.0,0.0,1.0,,,1.0
9595,15.073251,1.0,0.016949153,1.0,,,1.0
9596,78.60442,1.0,0.0060975607,1.0,,,1.0
9597,38.48022,1.0,0.013513514,1.0,,,1.0
9598,73.267296,1.0,0.0050251256,1.0,,,1.0
9599,42.111153,1.0,0.014285714,1.0,,,1.0
9600,29.55012,1.0,0.0069444445,1.0,,,1.0
9601,32.973198,1.0,0.0,1.0,,,1.0
9602,6.262359,1.0,0.0,1.0,,,1.0
9603,99.57553,1.0,0.0018832391,1.0,,,1.0
9604,75.51869,1.0,0.006060606,1.0,,,1.0
9605,9.203225,1.0,0.0088495575,1.0,,,1.0
9606,20.342663,1.0,0.006535948,1.0,,,1.0
9607,20.559586,1.0,0.0,1.0,,,1.0
9608,33.799633,1.0,0.0033444816,1.0,,,1.0
9609,24.163738,1.0,0.010526316,1.0,,,1.0
9610,31.573446,1.0,0.01010101,1.0,,,1.0
9611,42.433804,1.0,0.0,1.0,,,1.0
9612,7.3413444,1.0,0.008,1.0,,,1.0
9613,30.330553,1.0,0.009569378,1.0,,,1.0
9614,48.93671,1.0,0.005076142,1.0,,,1.0
9615,11.748712,1.0,0.0,1.0,,,1.0
9616,57.919827,1.0,0.0,1.0,,,1.0
9617,11.777934,1.0,0.01010101,1.0,,,1.0
9618,75.65525,1.0,0.0,1.0,,,1.0
9619,9.589718,1.0,0.0,1.0,,,1.0
9620,60.70733,1.0,0.008196721,1.0,,,1.0
9621,48.55921,1.0,0.008064516,1.0,,,1.0
9622,100.17136,1.0,0.005221932,1.0,,,1.0
9623,52.818493,1.0,0.0067114094,1.0,,,1.0
9624,29.060438,1.0,0.0124223605,1.0,,,1.0
9625,9.496936,1.0,0.033333335,1.0,,,1.0
9626,34.198,1.0,0.0,1.0,,,1.0
9627,3.3885362,1.0,0.0,1.0,,,1.0
9628,16.475462,1.0,0.0052083335,1.0,,,1.0
9629,92.35006,1.0,0.008130081,1.0,,,1.0
9630,57.17485,1.0,0.013888889,1.0,,,1.0
9631,50.20582,1.0,0.00754717,1.0,,,1.0
9632,16.989988,1.0,0.0074074073,1.0,,,1.0
9633,22.823423,1.0,0.0,1.0,,,1.0
9634,58.646927,1.0,0.016393442,1.0,,,1.0
9635,11.773384,1.0,0.0,1.0,,,1.0
9636,27.191925,1.0,0.0029850747,1.0,,,1.0
9637,22.830875,1.0,0.0057142857,1.0,,,1.0
9638,22.742615,1.0,0.0,1.0,,,1.0
9639,49.994923,1.0,0.0,1.0,,,1.0
9640,4.1511807,1.0,0.0,1.0,,,1.0
9641,19.07651,1.0,0.0,1.0,,,1.0
9642,30.844315,1.0,0.010309278,1.0,,,1.0
9643,15.854267,1.0,0.0064935065,1.0,,,1.0
9644,32.420284,1.0,0.0,1.0,,,1.0
9645,31.573446,1.0,0.0070921984,1.0,,,1.0
9646,38.605515,1.0,0.013157895,1.0,,,1.0
9647,13.77935,1.0,0.023255814,1.0,,,1.0
9648,36.83849,1.0,0.009049774,1.0,,,1.0
9649,64.32761,1.0,0.015748031,1.0,,,1.0
9650,23.667639,1.0,0.00729927,1.0,,,1.0
9651,60.9619,1.0,0.0050251256,1.0,,,1.0
9652,25.841444,1.0,0.016129032,1.0,,,1.0
9653,9.5881605,1.0,0.006666667,1.0,,,1.0
9654,32.712833,1.0,0.011235955,1.0,,,1.0
9655,20.80803,1.0,0.0042918455,1.0,,,1.0
9656,14.658126,1.0,0.0,1.0,,,1.0
9657,50.058445,1.0,0.0054347827,1.0,,,1.0
9658,9.673039,1.0,0.0,1.0,,,1.0
9659,29.478361,1.0,0.0063897762,1.0,,,1.0
9660,47.030117,1.0,0.0057803467,1.0,,,1.0
9661,38.82514,1.0,0.0,1.0,,,1.0
9662,38.57827,1.0,0.0,1.0,,,1.0
9663,95.84354,1.0,0.004819277,1.0,,,1.0
9664,9.973882,1.0,0.011111111,1.0,,,1.0
9665,17.238586,1.0,0.005509642,1.0,,,1.0
9666,18.447407,1.0,0.0,1.0,,,1.0
9667,47.121517,1.0,0.017391304,1.0,,,1.0
9668,85.70176,1.0,0.010471204,1.0,,,1.0
9669,32.924923,1.0,0.01369863,1.0,,,1.0
9670,67.00446,1.0,0.011560693,1.0,,,1.0
9671,24.755785,1.0,0.005249344,1.0,,,1.0
9672,25.17071,1.0,0.028985508,1.0,,,1.0
9673,40.459732,1.0,0.018518519,1.0,,,1.0
9674,106.06344,1.0,0.0,1.0,,,1.0
9675,21.716896,1.0,0.021276595,1.0,,,1.0
9676,44.214706,1.0,0.0,1.0,,,1.0
9677,67.70754,1.0,0.0,1.0,,,1.0
9678,57.690968,1.0,0.003984064,1.0,,,1.0
9679,11.433941,1.0,0.0064935065,1.0,,,1.0
9680,30.533783,1.0,0.02173913,1.0,,,1.0
9681,41.25966,1.0,0.0019880715,1.0,,,1.0
9682,8.583267,1.0,0.0,1.0,,,1.0
9683,31.992453,1.0,0.00591716,1.0,,,1.0
9684,94.55113,1.0,0.004950495,1.0,,,1.0
9685,10.703798,1.0,0.003533569,1.0,,,1.0
9686,1.0017838,1.0,0.0,1.0,,,1.0
9687,66.380035,1.0,0.0,1.0,,,1.0
9688,28.779104,1.0,0.0056818184,1.0,,,1.0
9689,1.8407673,1.0,0.0,1.0,,,1.0
9690,106.4167,1.0,0.005263158,1.0,,,1.0
9691,8.916566,1.0,0.005479452,1.0,,,1.0
9692,33.70337,1.0,0.009661836,1.0,,,1.0
9693,117.691864,1.0,0.011494253,1.0,,,1.0
9694,9.203225,1.0,0.0,1.0,,,1.0
9695,67.203,1.0,0.0045045046,1.0,,,1.0
9696,100.17136,1.0,0.004750594,1.0,,,1.0
9697,109.534454,1.0,0.006060606,1.0,,,1.0
9698,19.316765,1.0,0.010416667,1.0,,,1.0
9699,56.551052,1.0,0.006779661,1.0,,,1.0
9700,38.605515,1.0,0.03076923,1.0,,,1.0
9701,15.1894,1.0,0.008547009,1.0,,,1.0
9702,47.121517,1.0,0.009433962,1.0,,,1.0
9703,31.183592,1.0,0.01438849,1.0,,,1.0
9704,55.51316,1.0,0.002967359,1.0,,,1.0
9705,79.39193,1.0,0.012345679,1.0,,,1.0
9706,93.79604,1.0,0.0037243948,1.0,,,1.0
9707,96.56541,1.0,0.0032948928,1.0,,,1.0
9708,33.513718,1.0,0.0062111802,1.0,,,1.0
9709,48.87688,1.0,0.0019646366,1.0,,,1.0
9710,73.85746,1.0,0.0067114094,1.0,,,1.0
9711,14.266674,1.0,0.0,1.0,,,1.0
9712,15.182622,1.0,0.0,1.0,,,1.0
9713,49.443634,1.0,0.0060975607,1.0,,,1.0
9714,115.54238,1.0,0.0050251256,1.0,,,1.0
9715,30.460304,1.0,0.0065146578,1.0,,,1.0
9716,19.316765,1.0,0.008163265,1.0,,,1.0
9717,47.44271,1.0,0.0,1.0,,,1.0
9718,9.293599,1.0,0.0046948357,1.0,,,1.0
9719,20.330032,1.0,0.0,1.0,,,1.0
9720,42.433804,1.0,0.008298756,1.0,,,1.0
9721,23.671648,1.0,0.0,1.0,,,1.0
9722,81.34332,1.0,0.0057471264,1.0,,,1.0
9723,13.226166,1.0,0.00729927,1.0,,,1.0
9724,65.94888,1.0,0.0,1.0,,,1.0
9725,31.985476,1.0,0.0,1.0,,,1.0
9726,8.6673565,1.0,0.0057142857,1.0,,,1.0
9727,13.217288,1.0,0.0,1.0,,,1.0
9728,11.127078,1.0,0.0,1.0,,,1.0
9729,36.180534,1.0,0.01904762,1.0,,,1.0
9730,25.355108,1.0,0.009433962,1.0,,,1.0
9731,25.399754,1.0,0.0065789474,1.0,,,1.0
9732,35.59902,1.0,0.0,1.0,,,1.0
9733,68.25846,1.0,0.016393442,1.0,,,1.0
9734,39.389828,1.0,0.0,1.0,,,1.0
9735,44.905537,1.0,0.0,1.0,,,1.0
9736,26.244192,1.0,0.0,1.0,,,1.0
9737,56.02844,1.0,0.0,1.0,,,1.0
9738,40.459732,1.0,0.016260162,1.0,,,1.0
9739,55.82813,1.0,0.0067114094,1.0,,,1.0
9740,10.095781,1.0,0.020833334,1.0,,,1.0
9741,66.380035,1.0,0.015151516,1.0,,,1.0
9742,1.3011109,1.0,0.0,1.0,,,1.0
9743,13.823573,1.0,0.003773585,1.0,,,1.0
9744,5.242351,1.0,0.0053475937,1.0,,,1.0
9745,56.425014,1.0,0.008097166,1.0,,,1.0
9746,24.882086,1.0,0.01724138,1.0,,,1.0
9747,12.678614,1.0,0.0,1.0,,,1.0
9748,8.4959135,1.0,0.030303031,1.0,,,1.0
9749,45.22481,1.0,0.016666668,1.0,,,1.0
9750,39.74015,1.0,0.0091743115,1.0,,,1.0
9751,17.99455,1.0,0.013986014,1.0,,,1.0
9752,11.0226965,1.0,0.015267176,1.0,,,1.0
9753,112.21493,1.0,0.0060975607,1.0,,,1.0
9754,83.855774,1.0,0.004524887,1.0,,,1.0
9755,57.42195,1.0,0.0,1.0,,,1.0
9756,37.332947,1.0,0.0037037036,1.0,,,1.0
9757,6.8936934,1.0,0.006451613,1.0,,,1.0
9758,4.8072734,1.0,0.009478673,1.0,,,1.0
9759,56.245182,1.0,0.0036363637,1.0,,,1.0
9760,56.22824,1.0,0.022727273,1.0,,,1.0
9761,7.2095466,1.0,0.0,1.0,,,1.0
9762,7.8598294,1.0,0.03125,1.0,,,1.0
9763,17.654335,1.0,0.009615385,1.0,,,1.0
9764,125.9227,1.0,0.00921659,1.0,,,1.0
9765,57.918507,1.0,0.0,1.0,,,1.0
9766,51.034954,1.0,0.0073260074,1.0,,,1.0
9767,13.89669,1.0,0.0,1.0,,,1.0
9768,13.746304,1.0,0.0,1.0,,,1.0
9769,7.1785173,1.0,0.0,1.0,,,1.0
9770,32.12964,1.0,0.0,1.0,,,1.0
9771,57.10216,1.0,0.014492754,1.0,,,1.0
9772,67.39132,1.0,0.016528925,1.0,,,1.0
9773,36.48131,1.0,0.009852217,1.0,,,1.0
9774,17.548147,1.0,0.0,1.0,,,1.0
9775,20.959023,1.0,0.014925373,1.0,,,1.0
9776,20.51376,1.0,0.020833334,1.0,,,1.0
9777,64.11903,1.0,0.0,1.0,,,1.0
9778,25.57826,1.0,0.016666668,1.0,,,1.0
9779,2.105942,1.0,0.0,1.0,,,1.0
9780,35.59902,1.0,0.0061728396,1.0,,,1.0
9781,62.82736,1.0,0.0066006603,1.0,,,1.0
9782,66.57642,1.0,0.014492754,1.0,,,1.0
9783,17.132782,1.0,0.011494253,1.0,,,1.0
9784,30.437763,1.0,0.006289308,1.0,,,1.0
9785,11.280048,1.0,0.04347826,1.0,,,1.0
9786,20.51376,1.0,0.008,1.0,,,1.0
9787,14.991302,1.0,0.008547009,1.0,,,1.0
9788,77.30586,1.0,0.004608295,1.0,,,1.0
9789,18.191881,1.0,0.0,1.0,,,1.0
9790,100.17136,1.0,0.006557377,1.0,,,1.0
9791,60.712387,1.0,0.008547009,1.0,,,1.0
9792,27.19665,1.0,0.008264462,1.0,,,1.0
9793,103.64353,1.0,0.004385965,1.0,,,1.0
9794,21.734314,1.0,0.00754717,1.0,,,1.0
9795,50.539898,1.0,0.0,1.0,,,1.0
9796,44.86732,1.0,0.04761905,1.0,,,1.0
9797,50.736404,1.0,0.007142857,1.0,,,1.0
9798,55.549763,1.0,0.007905139,1.0,,,1.0
9799,117.691864,1.0,0.0069204154,1.0,,,1.0
9800,10.668037,1.0,0.005988024,1.0,,,1.0
9801,12.933343,1.0,0.0,1.0,,,1.0
9802,23.667639,1.0,0.0057142857,1.0,,,1.0
9803,15.077546,1.0,0.011363637,1.0,,,1.0
9804,19.122593,1.0,0.0,1.0,,,1.0
9805,39.381508,1.0,0.018691588,1.0,,,1.0
9806,31.17075,1.0,0.0039525693,1.0,,,1.0
9807,49.71179,1.0,0.0,1.0,,,1.0
9808,55.82813,1.0,0.004484305,1.0,,,1.0
9809,4.678199,1.0,0.0,1.0,,,1.0
9810,80.54764,1.0,0.0091743115,1.0,,,1.0
9811,40.31641,1.0,0.00952381,1.0,,,1.0
9812,37.328815,1.0,0.007968128,1.0,,,1.0
9813,72.68554,1.0,0.0044247787,1.0,,,1.0
9814,51.296318,1.0,0.00407332,1.0,,,1.0
9815,11.441002,1.0,0.005050505,1.0,,,1.0
9816,15.115459,1.0,0.0,1.0,,,1.0
9817,70.72821,1.0,0.008368201,1.0,,,1.0
9818,34.412876,1.0,0.0061728396,1.0,,,1.0
9819,21.56107,1.0,0.0,1.0,,,1.0
9820,14.359159,1.0,0.021505376,1.0,,,1.0
9821,14.378152,1.0,0.011494253,1.0,,,1.0
9822,40.31641,1.0,0.004651163,1.0,,,1.0
9823,52.275127,1.0,0.0,1.0,,,1.0
9824,6.452086,1.0,0.006472492,1.0,,,1.0
9825,45.81105,1.0,0.021505376,1.0,,,1.0
9826,11.686213,1.0,0.0019607844,1.0,,,1.0
9827,54.036522,1.0,0.008196721,1.0,,,1.0
9828,18.977789,1.0,0.00591716,1.0,,,1.0
9829,47.65979,1.0,0.0023310024,1.0,,,1.0
9830,11.047302,1.0,0.0,1.0,,,1.0
9831,57.282772,1.0,0.009302326,1.0,,,1.0
9832,6.678564,1.0,0.0,1.0,,,1.0
9833,30.30466,1.0,0.0,1.0,,,1.0
9834,49.520912,1.0,0.003937008,1.0,,,1.0
9835,19.608446,1.0,0.010869565,1.0,,,1.0
9836,43.303555,1.0,0.017391304,1.0,,,1.0
9837,10.203394,1.0,0.01438849,1.0,,,1.0
9838,67.24342,1.0,0.0,1.0,,,1.0
9839,25.499916,1.0,0.02,1.0,,,1.0
9840,51.839165,1.0,0.014492754,1.0,,,1.0
9841,80.49888,1.0,0.0046838406,1.0,,,1.0
9842,41.03044,1.0,0.044444446,1.0,,,1.0
9843,7.573895,1.0,0.0,1.0,,,1.0
9844,32.283226,1.0,0.0020533882,1.0,,,1.0
9845,78.2306,1.0,0.007434944,1.0,,,1.0
9846,14.7516775,1.0,0.040816326,1.0,,,1.0
9847,105.337494,1.0,0.008032128,1.0,,,1.0
9848,82.545975,1.0,0.0,1.0,,,1.0
9849,17.795319,1.0,0.013333334,1.0,,,1.0
9850,10.845401,1.0,0.0,1.0,,,1.0
9851,27.416014,1.0,0.0,1.0,,,1.0
9852,33.175777,1.0,0.009708738,1.0,,,1.0
9853,4.539181,1.0,0.0,1.0,,,1.0
9854,20.995932,1.0,0.006666667,1.0,,,1.0
9855,15.583682,1.0,0.0,1.0,,,1.0
9856,13.178672,1.0,0.0050251256,1.0,,,1.0
9857,23.18951,1.0,0.011049724,1.0,,,1.0
9858,57.025917,1.0,0.03076923,1.0,,,1.0
9859,4.0098224,1.0,0.0,1.0,,,1.0
9860,23.608307,1.0,0.0,1.0,,,1.0
9861,49.570225,1.0,0.0038910506,1.0,,,1.0
9862,28.392302,1.0,0.0,1.0,,,1.0
9863,29.1416,1.0,0.0,1.0,,,1.0
9864,23.434078,1.0,0.0,1.0,,,1.0
9865,109.534454,1.0,0.003921569,1.0,,,1.0
9866,47.678448,1.0,0.008810572,1.0,,,1.0
9867,14.178438,1.0,0.018181818,1.0,,,1.0
9868,6.7691317,1.0,0.0,1.0,,,1.0
9869,8.166445,1.0,0.0,1.0,,,1.0
9870,10.212943,1.0,0.0067114094,1.0,,,1.0
9871,50.154434,1.0,0.015748031,1.0,,,1.0
9872,96.84659,1.0,0.0033167496,1.0,,,1.0
9873,31.541182,1.0,0.021276595,1.0,,,1.0
9874,22.65245,1.0,0.018181818,1.0,,,1.0
9875,25.965086,1.0,0.006134969,1.0,,,1.0
9876,45.776028,1.0,0.004889976,1.0,,,1.0
9877,19.210623,1.0,0.01369863,1.0,,,1.0
9878,19.031137,1.0,0.0,1.0,,,1.0
9879,56.433765,1.0,0.0,1.0,,,1.0
9880,109.534454,1.0,0.0046620048,1.0,,,1.0
9881,78.61112,1.0,0.015625,1.0,,,1.0
9882,2.5661418,1.0,0.0,1.0,,,1.0
9883,19.279991,1.0,0.0,1.0,,,1.0
9884,77.65414,1.0,0.014285714,1.0,,,1.0
9885,11.039445,1.0,0.0,1.0,,,1.0
9886,22.812946,1.0,0.0,1.0,,,1.0
9887,5.1023154,1.0,0.0,1.0,,,1.0
9888,81.40033,1.0,0.0038314175,1.0,,,1.0
9889,26.339779,1.0,0.025641026,1.0,,,1.0
9890,23.282707,1.0,0.0,1.0,,,1.0
9891,15.654039,1.0,0.0014347202,1.0,,,1.0
9892,13.027598,1.0,0.01923077,1.0,,,1.0
9893,6.4846954,1.0,0.0,1.0,,,1.0
9894,57.07793,1.0,0.0020449897,1.0,,,1.0
9895,17.611622,1.0,0.008196721,1.0,,,1.0
9896,25.846552,1.0,0.0,1.0,,,1.0
9897,13.345075,1.0,0.0070921984,1.0,,,1.0
9898,29.574545,1.0,0.012987013,1.0,,,1.0
9899,60.33253,1.0,0.0038240917,1.0,,,1.0
9900,40.21296,1.0,0.006756757,1.0,,,1.0
9901,45.2774,1.0,0.015625,1.0,,,1.0
9902,20.999744,1.0,0.05882353,1.0,,,1.0
9903,35.30824,1.0,0.012345679,1.0,,,1.0
9904,60.712387,1.0,0.004524887,1.0,,,1.0
9905,7.9735436,1.0,0.0,1.0,,,1.0
9906,31.480553,1.0,0.004255319,1.0,,,1.0
9907,7.9276805,1.0,0.0,1.0,,,1.0
9908,7.440184,1.0,0.083333336,1.0,,,1.0
9909,34.24777,1.0,0.013157895,1.0,,,1.0
9910,80.376945,1.0,0.0068728523,1.0,,,1.0
9911,44.454315,1.0,0.0035842294,1.0,,,1.0
9912,64.03762,1.0,0.0,1.0,,,1.0
9913,85.4125,1.0,0.0,1.0,,,1.0
9914,1.5645926,1.0,0.0,1.0,,,1.0
9915,47.869267,1.0,0.016666668,1.0,,,1.0
9916,26.948008,1.0,0.0046296297,1.0,,,1.0
9917,25.795422,1.0,0.017391304,1.0,,,1.0
9918,116.13675,1.0,0.0,1.0,,,1.0
9919,46.634182,1.0,0.005882353,1.0,,,1.0
9920,65.211044,1.0,0.021052632,1.0,,,1.0
9921,21.161947,1.0,0.0,1.0,,,1.0
9922,15.669386,1.0,0.0,1.0,,,1.0
9923,14.083892,1.0,0.0063492064,1.0,,,1.0
9924,10.031765,1.0,0.0065146578,1.0,,,1.0
9925,58.815506,1.0,0.0055555557,1.0,,,1.0
9926,25.702883,1.0,0.0044247787,1.0,,,1.0
9927,98.476326,1.0,0.0053333333,1.0,,,1.0
9928,85.70176,1.0,0.007782101,1.0,,,1.0
9929,14.703046,1.0,0.003164557,1.0,,,1.0
9930,16.664927,1.0,0.0,1.0,,,1.0
9931,50.94985,1.0,0.004210526,1.0,,,1.0
9932,22.030554,1.0,0.0,1.0,,,1.0
9933,26.277494,1.0,0.0,1.0,,,1.0
9934,31.98157,1.0,0.010256411,1.0,,,1.0
9935,37.328815,1.0,0.0054054055,1.0,,,1.0
9936,51.927704,1.0,0.005376344,1.0,,,1.0
9937,75.79938,1.0,0.0064102565,1.0,,,1.0
9938,19.970322,1.0,0.0018214936,1.0,,,1.0
9939,19.907082,1.0,0.0,1.0,,,1.0
9940,90.34002,1.0,0.004878049,1.0,,,1.0
9941,36.211853,1.0,0.0056497175,1.0,,,1.0
9942,89.2655,1.0,0.014925373,1.0,,,1.0
9943,16.641825,1.0,0.0,1.0,,,1.0
9944,23.920704,1.0,0.012658228,1.0,,,1.0
9945,20.42139,1.0,0.004484305,1.0,,,1.0
9946,60.52878,1.0,0.0,1.0,,,1.0
9947,16.02964,1.0,0.0,1.0,,,1.0
9948,86.73833,1.0,0.0078125,1.0,,,1.0
9949,14.844687,1.0,0.0,1.0,,,1.0
9950,38.228397,1.0,0.00990099,1.0,,,1.0
9951,65.03481,1.0,0.006060606,1.0,,,1.0
9952,25.848244,1.0,0.01,1.0,,,1.0
9953,14.995291,1.0,0.048780486,1.0,,,1.0
9954,33.687805,1.0,0.008196721,1.0,,,1.0
9955,21.05285,1.0,0.009615385,1.0,,,1.0
9956,13.624744,1.0,0.0,1.0,,,1.0
9957,18.331877,1.0,0.0045045046,1.0,,,1.0
9958,73.267296,1.0,0.006134969,1.0,,,1.0
9959,47.869267,1.0,0.011904762,1.0,,,1.0
9960,5.4258204,1.0,0.018181818,1.0,,,1.0
9961,23.532372,1.0,0.0,1.0,,,1.0
9962,26.910463,1.0,0.0023640662,1.0,,,1.0
9963,60.60715,1.0,0.0025445293,1.0,,,1.0
9964,13.945053,1.0,0.0,1.0,,,1.0
9965,44.673855,1.0,0.0125,1.0,,,1.0
9966,74.239456,1.0,0.005952381,1.0,,,1.0
9967,29.339872,1.0,0.01369863,1.0,,,1.0
9968,27.080961,1.0,0.021978023,1.0,,,1.0
9969,6.3650584,1.0,0.0,1.0,,,1.0
9970,10.745964,1.0,0.006060606,1.0,,,1.0
9971,16.748564,1.0,0.009009009,1.0,,,1.0
9972,69.71523,1.0,0.0,1.0,,,1.0
9973,13.940417,1.0,0.0027247956,1.0,,,1.0
9974,38.605515,1.0,0.011235955,1.0,,,1.0
9975,11.809041,1.0,0.0,1.0,,,1.0
9976,61.496067,1.0,0.004016064,1.0,,,1.0
9977,10.614885,1.0,0.0044444446,1.0,,,1.0
9978,69.42076,1.0,0.01010101,1.0,,,1.0
9979,24.614609,1.0,0.014705882,1.0,,,1.0
9980,73.28472,1.0,0.013333334,1.0,,,1.0
9981,22.469261,1.0,0.003003003,1.0,,,1.0
9982,30.288498,1.0,0.0125,1.0,,,1.0
9983,26.784357,1.0,0.020408163,1.0,,,1.0
9984,44.673855,1.0,0.011764706,1.0,,,1.0
9985,42.90579,1.0,0.0030395137,1.0,,,1.0
9986,24.471617,1.0,0.007633588,1.0,,,1.0
9987,73.42956,1.0,0.004716981,1.0,,,1.0
9988,37.0169,1.0,0.032258064,1.0,,,1.0
9989,17.76012,1.0,0.009803922,1.0,,,1.0
9990,63.79785,1.0,0.012048192,1.0,,,1.0
9991,9.954104,1.0,0.012987013,1.0,,,1.0
9992,17.501375,1.0,0.006451613,1.0,,,1.0
9993,2.9163246,1.0,0.0,1.0,,,1.0
9994,17.862709,1.0,0.004385965,1.0,,,1.0
9995,13.199777,1.0,0.0,1.0,,,1.0
9996,31.314589,1.0,0.0,1.0,,,1.0
9997,64.66152,1.0,0.012345679,1.0,,,1.0
9998,34.979244,1.0,0.0054347827,1.0,,,1.0
9999,32.58092,1.0,0.020833334,1.0,,,1.0
10000,23.065699,1.0,0.0068965517,1.0,,,1.0
10001,72.048134,1.0,0.01459854,1.0,,,1.0
10002,0.64073545,1.0,0.0,1.0,,,1.0
10003,53.51324,1.0,0.048780486,1.0,,,1.0
10004,16.058558,1.0,0.011173184,1.0,,,1.0
10005,17.995594,1.0,0.007380074,1.0,,,1.0
10006,31.563461,1.0,0.017857144,1.0,,,1.0
10007,25.841444,1.0,0.0,1.0,,,1.0
10008,15.070269,1.0,0.015625,1.0,,,1.0
10009,100.01263,1.0,0.009478673,1.0,,,1.0
10010,30.739561,1.0,0.005882353,1.0,,,1.0
10011,12.332853,1.0,0.006535948,1.0,,,1.0
10012,80.49888,1.0,0.0048076925,1.0,,,1.0
10013,35.744644,1.0,0.0,1.0,,,1.0
10014,51.792812,1.0,0.0060975607,1.0,,,1.0
10015,19.87683,1.0,0.0,1.0,,,1.0
10016,52.756413,1.0,0.0,1.0,,,1.0
10017,29.574545,1.0,0.01754386,1.0,,,1.0
10018,37.65264,1.0,0.0,1.0,,,1.0
10019,48.539665,1.0,0.0015408321,1.0,,,1.0
10020,85.39203,1.0,0.0035971224,1.0,,,1.0
10021,15.8286085,1.0,0.0,1.0,,,1.0
10022,16.146418,1.0,0.003058104,1.0,,,1.0
10023,19.744022,1.0,0.0,1.0,,,1.0
10024,56.376305,1.0,0.0039525693,1.0,,,1.0
10025,15.583682,1.0,0.060606062,1.0,,,1.0
10026,12.194576,1.0,0.0,1.0,,,1.0
10027,33.799633,1.0,0.008547009,1.0,,,1.0
10028,26.023561,1.0,0.0,1.0,,,1.0
10029,9.649131,1.0,0.0,1.0,,,1.0
10030,53.164085,1.0,0.004048583,1.0,,,1.0
10031,32.131878,1.0,0.015384615,1.0,,,1.0
10032,49.13026,1.0,0.006369427,1.0,,,1.0
10033,14.72377,1.0,0.011111111,1.0,,,1.0
10034,2.0806808,1.0,0.0,1.0,,,1.0
10035,108.342125,1.0,0.0043196543,1.0,,,1.0
10036,53.371506,1.0,0.016393442,1.0,,,1.0
10037,35.29845,1.0,0.002754821,1.0,,,1.0
10038,33.059315,1.0,0.007874016,1.0,,,1.0
10039,102.72474,1.0,0.0121951215,1.0,,,1.0
10040,28.283329,1.0,0.010928961,1.0,,,1.0
10041,63.108883,1.0,0.014705882,1.0,,,1.0
10042,7.103089,1.0,0.0020283975,1.0,,,1.0
10043,67.62148,1.0,0.0051020407,1.0,,,1.0
10044,81.40033,1.0,0.013333334,1.0,,,1.0
10045,31.614967,1.0,0.0070422534,1.0,,,1.0
10046,43.865376,1.0,0.0042918455,1.0,,,1.0
10047,117.691864,1.0,0.0058479533,1.0,,,1.0
10048,46.968636,1.0,0.0,1.0,,,1.0
10049,35.733562,1.0,0.012987013,1.0,,,1.0
10050,20.090929,1.0,0.008547009,1.0,,,1.0
10051,70.256454,1.0,0.014084507,1.0,,,1.0
10052,3.404155,1.0,0.0,1.0,,,1.0
10053,66.482666,1.0,0.0070921984,1.0,,,1.0
10054,47.030117,1.0,0.015384615,1.0,,,1.0
10055,1.1633496,1.0,0.0,1.0,,,1.0
10056,30.421831,1.0,0.018867925,1.0,,,1.0
10057,76.014694,1.0,0.01058201,1.0,,,1.0
10058,10.011621,1.0,0.0,1.0,,,1.0
10059,30.739561,1.0,0.0,1.0,,,1.0
10060,51.027836,1.0,0.0035971224,1.0,,,1.0
10061,31.828331,1.0,0.0,1.0,,,1.0
10062,16.7215,1.0,0.0044444446,1.0,,,1.0
10063,80.49888,1.0,0.00486618,1.0,,,1.0
10064,49.716152,1.0,0.006535948,1.0,,,1.0
10065,46.489437,1.0,0.0,1.0,,,1.0
10066,48.833973,1.0,0.012345679,1.0,,,1.0
10067,29.79571,1.0,0.008196721,1.0,,,1.0
10068,15.61093,1.0,0.0054945056,1.0,,,1.0
10069,37.615612,1.0,0.003921569,1.0,,,1.0
10070,48.389023,1.0,0.0,1.0,,,1.0
10071,29.724426,1.0,0.0,1.0,,,1.0
10072,26.420227,1.0,0.0062111802,1.0,,,1.0
10073,67.12765,1.0,0.021978023,1.0,,,1.0
10074,33.205894,1.0,0.028571429,1.0,,,1.0
10075,11.750776,1.0,0.0,1.0,,,1.0
10076,36.13332,1.0,0.0,1.0,,,1.0
10077,16.4933,1.0,0.0,1.0,,,1.0
10078,42.693977,1.0,0.0,1.0,,,1.0
10079,8.168271,1.0,0.0,1.0,,,1.0
10080,18.98854,1.0,0.0038610038,1.0,,,1.0
10081,3.2156208,1.0,0.005586592,1.0,,,1.0
10082,68.1871,1.0,0.004651163,1.0,,,1.0
10083,23.11974,1.0,0.004484305,1.0,,,1.0
10084,24.065426,1.0,0.004166667,1.0,,,1.0
10085,30.50238,1.0,0.025974026,1.0,,,1.0
10086,59.907425,1.0,0.0093896715,1.0,,,1.0
10087,22.812983,1.0,0.0,1.0,,,1.0
10088,37.81681,1.0,0.00877193,1.0,,,1.0
10089,30.460304,1.0,0.0,1.0,,,1.0
10090,8.531925,1.0,0.0045871558,1.0,,,1.0
10091,20.102848,1.0,0.009259259,1.0,,,1.0
10092,31.527805,1.0,0.0,1.0,,,1.0
10093,38.605515,1.0,0.013513514,1.0,,,1.0
10094,48.79062,1.0,0.012345679,1.0,,,1.0
10095,40.887505,1.0,0.0,1.0,,,1.0
10096,73.267296,1.0,0.0030959751,1.0,,,1.0
10097,74.48423,1.0,0.002469136,1.0,,,1.0
10098,45.663223,1.0,0.0046948357,1.0,,,1.0
10099,17.32666,1.0,0.01,1.0,,,1.0
10100,71.0438,1.0,0.0,1.0,,,1.0
10101,98.70822,1.0,0.018181818,1.0,,,1.0
10102,67.00446,1.0,0.005988024,1.0,,,1.0
10103,86.611275,1.0,0.0068259384,1.0,,,1.0
10104,44.71084,1.0,0.0049261083,1.0,,,1.0
10105,78.61112,1.0,0.00990099,1.0,,,1.0
10106,10.000324,1.0,0.032786883,1.0,,,1.0
10107,22.392296,1.0,0.028571429,1.0,,,1.0
10108,34.863483,1.0,0.007194245,1.0,,,1.0
10109,12.814648,1.0,0.01,1.0,,,1.0
10110,18.818354,1.0,0.009345794,1.0,,,1.0
10111,13.535924,1.0,0.0,1.0,,,1.0
10112,30.330553,1.0,0.008583691,1.0,,,1.0
10113,34.51331,1.0,0.0070422534,1.0,,,1.0
10114,34.06485,1.0,0.0,1.0,,,1.0
10115,8.484713,1.0,0.019417476,1.0,,,1.0
10116,76.71228,1.0,0.008928572,1.0,,,1.0
10117,54.78728,1.0,0.0057803467,1.0,,,1.0
10118,4.8335447,1.0,0.010638298,1.0,,,1.0
10119,86.611275,1.0,0.003058104,1.0,,,1.0
10120,35.43793,1.0,0.0,1.0,,,1.0
10121,15.964975,1.0,0.010869565,1.0,,,1.0
10122,27.43373,1.0,0.010526316,1.0,,,1.0
10123,44.630802,1.0,0.011494253,1.0,,,1.0
10124,56.376305,1.0,0.0,1.0,,,1.0
10125,23.422447,1.0,0.011111111,1.0,,,1.0
10126,47.042557,1.0,0.0,1.0,,,1.0
10127,29.71264,1.0,0.007434944,1.0,,,1.0
10128,19.759054,1.0,0.0,1.0,,,1.0
10129,100.17136,1.0,0.005,1.0,,,1.0
10130,66.76958,1.0,0.003215434,1.0,,,1.0
10131,18.450565,1.0,0.003236246,1.0,,,1.0
10132,19.382475,1.0,0.014925373,1.0,,,1.0
10133,55.66456,1.0,0.009259259,1.0,,,1.0
10134,30.377064,1.0,0.015267176,1.0,,,1.0
10135,38.271603,1.0,0.0,1.0,,,1.0
10136,40.885918,1.0,0.008333334,1.0,,,1.0
10137,10.614885,1.0,0.0625,1.0,,,1.0
10138,6.561836,1.0,0.0,1.0,,,1.0
10139,9.773277,1.0,0.0,1.0,,,1.0
10140,4.8649416,1.0,0.009803922,1.0,,,1.0
10141,14.535093,1.0,0.0039138943,1.0,,,1.0
10142,8.430343,1.0,0.004484305,1.0,,,1.0
10143,96.526924,1.0,0.009433962,1.0,,,1.0
10144,17.652153,1.0,0.0,1.0,,,1.0
10145,6.40228,1.0,0.0,1.0,,,1.0
10146,43.2561,1.0,0.0054644807,1.0,,,1.0
10147,29.377665,1.0,0.0077220076,1.0,,,1.0
10148,97.870995,1.0,0.006802721,1.0,,,1.0
10149,13.880503,1.0,0.005988024,1.0,,,1.0
10150,14.359159,1.0,0.008264462,1.0,,,1.0
10151,23.282707,1.0,0.024390243,1.0,,,1.0
10152,20.384962,1.0,0.011764706,1.0,,,1.0
10153,27.423527,1.0,0.0,1.0,,,1.0
10154,7.595112,1.0,0.024096385,1.0,,,1.0
10155,26.583462,1.0,0.009756098,1.0,,,1.0
10156,68.86633,1.0,0.0,1.0,,,1.0
10157,10.507261,1.0,0.0025839794,1.0,,,1.0
10158,14.700169,1.0,0.0,1.0,,,1.0
10159,26.590586,1.0,0.004115226,1.0,,,1.0
10160,8.217666,1.0,0.0,1.0,,,1.0
10161,17.3507,1.0,0.010309278,1.0,,,1.0
10162,7.696867,1.0,0.0,1.0,,,1.0
10163,20.80803,1.0,0.010416667,1.0,,,1.0
10164,13.199777,1.0,0.0,1.0,,,1.0
10165,9.910228,1.0,0.018018018,1.0,,,1.0
10166,16.529629,1.0,0.0,1.0,,,1.0
10167,20.081308,1.0,0.009345794,1.0,,,1.0
10168,35.117214,1.0,0.003944773,1.0,,,1.0
10169,21.706455,1.0,0.0045454544,1.0,,,1.0
10170,15.445699,1.0,0.011494253,1.0,,,1.0
10171,11.720083,1.0,0.006289308,1.0,,,1.0
10172,16.289019,1.0,0.0047393367,1.0,,,1.0
10173,9.816969,1.0,0.01010101,1.0,,,1.0
10174,78.47665,1.0,0.008,1.0,,,1.0
10175,20.51376,1.0,0.016666668,1.0,,,1.0
10176,29.421946,1.0,0.0026525198,1.0,,,1.0
10177,39.032974,1.0,0.013793103,1.0,,,1.0
10178,23.43512,1.0,0.0,1.0,,,1.0
10179,26.835497,1.0,0.007067138,1.0,,,1.0
10180,27.406424,1.0,0.0,1.0,,,1.0
10181,8.616007,1.0,0.032786883,1.0,,,1.0
10182,10.825083,1.0,0.003236246,1.0,,,1.0
10183,76.26888,1.0,0.008130081,1.0,,,1.0
10184,124.35362,1.0,0.013157895,1.0,,,1.0
10185,48.93671,1.0,0.0058651026,1.0,,,1.0
10186,10.853316,1.0,0.0,1.0,,,1.0
10187,16.898422,1.0,0.0,1.0,,,1.0
10188,17.703163,1.0,0.0,1.0,,,1.0
10189,32.082397,1.0,0.0,1.0,,,1.0
10190,27.013716,1.0,0.0029498525,1.0,,,1.0
10191,8.530796,1.0,0.0070422534,1.0,,,1.0
10192,98.70822,1.0,0.008,1.0,,,1.0
10193,21.48646,1.0,0.0,1.0,,,1.0
10194,38.453896,1.0,0.0,1.0,,,1.0
10195,32.148567,1.0,0.0,1.0,,,1.0
10196,108.11063,1.0,0.0,1.0,,,1.0
10197,14.09412,1.0,0.0,1.0,,,1.0
10198,53.86719,1.0,0.0,1.0,,,1.0
10199,85.39203,1.0,0.0,1.0,,,1.0
10200,52.37834,1.0,0.008264462,1.0,,,1.0
10201,42.68453,1.0,0.0036231885,1.0,,,1.0
10202,21.672752,1.0,0.01754386,1.0,,,1.0
10203,32.973198,1.0,0.0,1.0,,,1.0
10204,21.833647,1.0,0.0,1.0,,,1.0
10205,20.51963,1.0,0.01724138,1.0,,,1.0
10206,22.852303,1.0,0.016949153,1.0,,,1.0
10207,82.545975,1.0,0.0032258064,1.0,,,1.0
10208,2.878374,1.0,0.0,1.0,,,1.0
10209,29.84189,1.0,0.0049261083,1.0,,,1.0
10210,42.121235,1.0,0.01369863,1.0,,,1.0
10211,21.133913,1.0,0.023255814,1.0,,,1.0
10212,66.76958,1.0,0.016528925,1.0,,,1.0
10213,81.40033,1.0,0.014285714,1.0,,,1.0
10214,10.707272,1.0,0.0,1.0,,,1.0
10215,9.50374,1.0,0.003968254,1.0,,,1.0
10216,39.670803,1.0,0.0039525693,1.0,,,1.0
10217,48.93671,1.0,0.0093896715,1.0,,,1.0
10218,14.518179,1.0,0.0026385225,1.0,,,1.0
10219,15.374791,1.0,0.011976048,1.0,,,1.0
10220,57.67615,1.0,0.0056179776,1.0,,,1.0
10221,27.163668,1.0,0.0,1.0,,,1.0
10222,22.45595,1.0,0.025974026,1.0,,,1.0
10223,6.00776,1.0,0.010362694,1.0,,,1.0
10224,20.71445,1.0,0.006430868,1.0,,,1.0
10225,14.13691,1.0,0.00729927,1.0,,,1.0
10226,18.101505,1.0,0.0,1.0,,,1.0
10227,39.596268,1.0,0.0,1.0,,,1.0
10228,20.268154,1.0,0.01754386,1.0,,,1.0
10229,20.566038,1.0,0.0,1.0,,,1.0
10230,61.175056,1.0,0.006430868,1.0,,,1.0
10231,15.142514,1.0,0.0,1.0,,,1.0
10232,73.267296,1.0,0.001980198,1.0,,,1.0
10233,80.49888,1.0,0.005263158,1.0,,,1.0
10234,47.800083,1.0,0.011363637,1.0,,,1.0
10235,74.48423,1.0,0.024390243,1.0,,,1.0
10236,7.467215,1.0,0.0,1.0,,,1.0
10237,23.85702,1.0,0.0073260074,1.0,,,1.0
10238,11.481458,1.0,0.0033003301,1.0,,,1.0
10239,1.8745304,1.0,0.02631579,1.0,,,1.0
10240,26.67058,1.0,0.001984127,1.0,,,1.0
10241,34.23669,1.0,0.010152284,1.0,,,1.0
10242,51.961277,1.0,0.0,1.0,,,1.0
10243,36.261192,1.0,0.013793103,1.0,,,1.0
10244,22.630674,1.0,0.0,1.0,,,1.0
10245,73.267296,1.0,0.011111111,1.0,,,1.0
10246,13.681223,1.0,0.0,1.0,,,1.0
10247,16.146418,1.0,0.01923077,1.0,,,1.0
10248,6.4491897,1.0,0.0,1.0,,,1.0
10249,12.914023,1.0,0.014925373,1.0,,,1.0
10250,14.742199,1.0,0.020833334,1.0,,,1.0
10251,51.772392,1.0,0.00921659,1.0,,,1.0
10252,23.234327,1.0,0.005524862,1.0,,,1.0
10253,22.259924,1.0,0.0,1.0,,,1.0
10254,13.060446,1.0,0.0070921984,1.0,,,1.0
10255,45.692894,1.0,0.0019493178,1.0,,,1.0
10256,6.393731,1.0,0.0036363637,1.0,,,1.0
10257,41.83559,1.0,0.018348623,1.0,,,1.0
10258,114.3943,1.0,0.00921659,1.0,,,1.0
10259,88.882866,1.0,0.010471204,1.0,,,1.0
10260,37.80578,1.0,0.013157895,1.0,,,1.0
10261,67.00446,1.0,0.01980198,1.0,,,1.0
10262,14.083892,1.0,0.011428571,1.0,,,1.0
10263,0.978447,1.0,0.0,1.0,,,1.0
10264,69.73952,1.0,0.010309278,1.0,,,1.0
10265,14.283211,1.0,0.0,1.0,,,1.0
10266,37.328815,1.0,0.0054347827,1.0,,,1.0
10267,12.164575,1.0,0.018518519,1.0,,,1.0
10268,23.283447,1.0,0.0062111802,1.0,,,1.0
10269,75.40246,1.0,0.007246377,1.0,,,1.0
10270,81.40033,1.0,0.0116959065,1.0,,,1.0
10271,11.297959,1.0,0.0,1.0,,,1.0
10272,7.0323925,1.0,0.0,1.0,,,1.0
10273,26.623383,1.0,0.0024390244,1.0,,,1.0
10274,26.082466,1.0,0.008403362,1.0,,,1.0
10275,28.410452,1.0,0.011494253,1.0,,,1.0
10276,16.793083,1.0,0.0,1.0,,,1.0
10277,43.2561,1.0,0.010638298,1.0,,,1.0
10278,88.78885,1.0,0.006134969,1.0,,,1.0
10279,3.6952112,1.0,0.010752688,1.0,,,1.0
10280,17.221462,1.0,0.0068259384,1.0,,,1.0
10281,13.497996,1.0,0.010928961,1.0,,,1.0
10282,55.549763,1.0,0.0045045046,1.0,,,1.0
10283,24.016008,1.0,0.004878049,1.0,,,1.0
10284,47.775974,1.0,0.0057803467,1.0,,,1.0
10285,13.190477,1.0,0.0019880715,1.0,,,1.0
10286,41.399696,1.0,0.006802721,1.0,,,1.0
10287,25.499916,1.0,0.0,1.0,,,1.0
10288,49.098423,1.0,0.0,1.0,,,1.0
10289,6.171557,1.0,0.007633588,1.0,,,1.0
10290,125.9227,1.0,0.0055555557,1.0,,,1.0
10291,72.904945,1.0,0.004878049,1.0,,,1.0
10292,61.210323,1.0,0.017094018,1.0,,,1.0
10293,66.482666,1.0,0.02247191,1.0,,,1.0
10294,47.21923,1.0,0.0,1.0,,,1.0
10295,27.434822,1.0,0.0065146578,1.0,,,1.0
10296,5.4759,1.0,0.030303031,1.0,,,1.0
10297,70.86064,1.0,0.012658228,1.0,,,1.0
10298,4.7114096,1.0,0.0,1.0,,,1.0
10299,6.361432,1.0,0.0,1.0,,,1.0
10300,25.792208,1.0,0.030303031,1.0,,,1.0
10301,9.556048,1.0,0.007380074,1.0,,,1.0
10302,47.13582,1.0,0.008333334,1.0,,,1.0
10303,29.79571,1.0,0.02,1.0,,,1.0
10304,125.9227,1.0,0.007936508,1.0,,,1.0
10305,17.194511,1.0,0.0070921984,1.0,,,1.0
10306,25.18401,1.0,0.0054644807,1.0,,,1.0
10307,62.83131,1.0,0.005235602,1.0,,,1.0
10308,20.449564,1.0,0.0,1.0,,,1.0
10309,33.132374,1.0,0.0066225166,1.0,,,1.0
10310,16.708004,1.0,0.01010101,1.0,,,1.0
10311,16.159159,1.0,0.005509642,1.0,,,1.0
10312,2.805949,1.0,0.006430868,1.0,,,1.0
10313,17.899965,1.0,0.006289308,1.0,,,1.0
10314,8.647238,1.0,0.015037594,1.0,,,1.0
10315,6.198301,1.0,0.0,1.0,,,1.0
10316,15.765995,1.0,0.004784689,1.0,,,1.0
10317,70.22936,1.0,0.0,1.0,,,1.0
10318,58.16378,1.0,0.011904762,1.0,,,1.0
10319,77.30586,1.0,0.009615385,1.0,,,1.0
10320,30.460304,1.0,0.0,1.0,,,1.0
10321,16.059586,1.0,0.01058201,1.0,,,1.0
10322,19.733622,1.0,0.0,1.0,,,1.0
10323,53.13286,1.0,0.0,1.0,,,1.0
10324,66.80831,1.0,0.004115226,1.0,,,1.0
10325,46.794086,1.0,0.009433962,1.0,,,1.0
10326,21.13402,1.0,0.008695652,1.0,,,1.0
10327,20.510408,1.0,0.0,1.0,,,1.0
10328,34.423977,1.0,0.0065146578,1.0,,,1.0
10329,40.35661,1.0,0.012345679,1.0,,,1.0
10330,16.293024,1.0,0.0,1.0,,,1.0
10331,15.125833,1.0,0.0,1.0,,,1.0
10332,23.682264,1.0,0.0026525198,1.0,,,1.0
10333,38.605515,1.0,0.011904762,1.0,,,1.0
10334,104.55939,1.0,0.007168459,1.0,,,1.0
10335,59.60921,1.0,0.011560693,1.0,,,1.0
10336,86.20813,1.0,0.0024390244,1.0,,,1.0
10337,9.23156,1.0,0.0,1.0,,,1.0
10338,41.13916,1.0,0.0070422534,1.0,,,1.0
10339,97.18298,1.0,0.008695652,1.0,,,1.0
10340,80.49888,1.0,0.00456621,1.0,,,1.0
10341,10.172875,1.0,0.008333334,1.0,,,1.0
10342,57.659794,1.0,0.0033898305,1.0,,,1.0
10343,81.40033,1.0,0.013513514,1.0,,,1.0
10344,33.0085,1.0,0.013605442,1.0,,,1.0
10345,18.882265,1.0,0.0,1.0,,,1.0
10346,47.21923,1.0,0.0016583748,1.0,,,1.0
10347,18.188116,1.0,0.032258064,1.0,,,1.0
10348,13.96435,1.0,0.018518519,1.0,,,1.0
10349,71.70666,1.0,0.012121212,1.0,,,1.0
10350,31.438961,1.0,0.005050505,1.0,,,1.0
10351,125.9227,1.0,0.015503876,1.0,,,1.0
10352,10.851283,1.0,0.0021505377,1.0,,,1.0
10353,41.30865,1.0,0.0,1.0,,,1.0
10354,59.135498,1.0,0.0,1.0,,,1.0
10355,49.67842,1.0,0.011494253,1.0,,,1.0
10356,41.116375,1.0,0.0,1.0,,,1.0
10357,58.480385,1.0,0.008,1.0,,,1.0
10358,15.497237,1.0,0.003690037,1.0,,,1.0
10359,33.39647,1.0,0.044444446,1.0,,,1.0
10360,31.311176,1.0,0.008264462,1.0,,,1.0
10361,27.84833,1.0,0.004385965,1.0,,,1.0
10362,17.042133,1.0,0.01724138,1.0,,,1.0
10363,74.01742,1.0,0.002386635,1.0,,,1.0
10364,20.67172,1.0,0.00877193,1.0,,,1.0
10365,12.215939,1.0,0.0,1.0,,,1.0
10366,36.211853,1.0,0.0,1.0,,,1.0
10367,42.90579,1.0,0.010050251,1.0,,,1.0
10368,29.022676,1.0,0.020618556,1.0,,,1.0
10369,17.424686,1.0,0.0,1.0,,,1.0
10370,48.89196,1.0,0.003508772,1.0,,,1.0
10371,4.4048643,1.0,0.0017094017,1.0,,,1.0
10372,8.246853,1.0,0.0,1.0,,,1.0
10373,36.51394,1.0,0.0037523452,1.0,,,1.0
10374,42.670406,1.0,0.004405286,1.0,,,1.0
10375,40.109795,1.0,0.004555809,1.0,,,1.0
10376,23.051596,1.0,0.011235955,1.0,,,1.0
10377,10.248956,1.0,0.03125,1.0,,,1.0
10378,11.880984,1.0,0.0,1.0,,,1.0
10379,35.190968,1.0,0.008403362,1.0,,,1.0
10380,17.944118,1.0,0.00591716,1.0,,,1.0
10381,38.991196,1.0,0.010471204,1.0,,,1.0
10382,49.520912,1.0,0.012903226,1.0,,,1.0
10383,14.31823,1.0,0.006024096,1.0,,,1.0
10384,11.676294,1.0,0.010362694,1.0,,,1.0
10385,7.324265,1.0,0.0,1.0,,,1.0
10386,10.824467,1.0,0.0033444816,1.0,,,1.0
10387,36.253323,1.0,0.010471204,1.0,,,1.0
10388,3.4605942,1.0,0.0,1.0,,,1.0
10389,5.3944764,1.0,0.024390243,1.0,,,1.0
10390,19.244022,1.0,0.00754717,1.0,,,1.0
10391,57.10216,1.0,0.057142857,1.0,,,1.0
10392,75.32171,1.0,0.005291005,1.0,,,1.0
10393,49.87287,1.0,0.02739726,1.0,,,1.0
10394,9.57603,1.0,0.0,1.0,,,1.0
10395,11.867704,1.0,0.005319149,1.0,,,1.0
10396,44.951385,1.0,0.0039138943,1.0,,,1.0
10397,48.93671,1.0,0.006451613,1.0,,,1.0
10398,25.217987,1.0,0.01369863,1.0,,,1.0
10399,77.24493,1.0,0.0026041667,1.0,,,1.0
10400,73.267296,1.0,0.005934718,1.0,,,1.0
10401,38.281216,1.0,0.029411765,1.0,,,1.0
10402,20.40353,1.0,0.0036630037,1.0,,,1.0
10403,10.732743,1.0,0.0,1.0,,,1.0
10404,23.097351,1.0,0.0,1.0,,,1.0
10405,10.696635,1.0,0.011494253,1.0,,,1.0
10406,25.829971,1.0,0.005899705,1.0,,,1.0
10407,37.615612,1.0,0.0064102565,1.0,,,1.0
10408,35.30824,1.0,0.02173913,1.0,,,1.0
10409,12.041626,1.0,0.011299435,1.0,,,1.0
10410,26.664284,1.0,0.006369427,1.0,,,1.0
10411,7.7928953,1.0,0.023529412,1.0,,,1.0
10412,6.514168,1.0,0.0,1.0,,,1.0
10413,3.1419802,1.0,0.0,1.0,,,1.0
10414,52.905174,1.0,0.007194245,1.0,,,1.0
10415,70.6527,1.0,0.011764706,1.0,,,1.0
10416,39.223812,1.0,0.010869565,1.0,,,1.0
10417,27.19665,1.0,0.0054644807,1.0,,,1.0
10418,37.211807,1.0,0.00952381,1.0,,,1.0
10419,18.223118,1.0,0.009259259,1.0,,,1.0
10420,28.731268,1.0,0.0,1.0,,,1.0
10421,27.848465,1.0,0.005050505,1.0,,,1.0
10422,9.673039,1.0,0.0066225166,1.0,,,1.0
10423,4.031557,1.0,0.0,1.0,,,1.0
10424,61.45962,1.0,0.0054945056,1.0,,,1.0
10425,61.599464,1.0,0.004901961,1.0,,,1.0
10426,57.025917,1.0,0.0044444446,1.0,,,1.0
10427,22.170992,1.0,0.0043290043,1.0,,,1.0
10428,1.7933809,1.0,0.0,1.0,,,1.0
10429,47.072884,1.0,0.0066006603,1.0,,,1.0
10430,15.854267,1.0,0.0,1.0,,,1.0
10431,17.246632,1.0,0.0,1.0,,,1.0
10432,6.828002,1.0,0.019607844,1.0,,,1.0
10433,37.615612,1.0,0.003968254,1.0,,,1.0
10434,46.401623,1.0,0.006369427,1.0,,,1.0
10435,47.376976,1.0,0.01010101,1.0,,,1.0
10436,30.223225,1.0,0.0,1.0,,,1.0
10437,26.936724,1.0,0.02173913,1.0,,,1.0
10438,32.854454,1.0,0.0,1.0,,,1.0
10439,8.48108,1.0,0.044444446,1.0,,,1.0
10440,38.57096,1.0,0.0052083335,1.0,,,1.0
10441,14.718591,1.0,0.0,1.0,,,1.0
10442,16.622807,1.0,0.0046948357,1.0,,,1.0
10443,8.65338,1.0,0.0,1.0,,,1.0
10444,9.759953,1.0,0.0060975607,1.0,,,1.0
10445,38.82514,1.0,0.010471204,1.0,,,1.0
10446,27.641935,1.0,0.007194245,1.0,,,1.0
10447,9.725309,1.0,0.0091743115,1.0,,,1.0
10448,17.131384,1.0,0.001980198,1.0,,,1.0
10449,9.286369,1.0,0.006430868,1.0,,,1.0
10450,55.66456,1.0,0.010152284,1.0,,,1.0
10451,72.904945,1.0,0.0044444446,1.0,,,1.0
10452,15.105449,1.0,0.0,1.0,,,1.0
10453,0.7025316,1.0,0.0,1.0,,,1.0
10454,18.752657,1.0,0.0,1.0,,,1.0
10455,36.261192,1.0,0.010810811,1.0,,,1.0
10456,30.489769,1.0,0.0,1.0,,,1.0
10457,15.825141,1.0,0.004048583,1.0,,,1.0
10458,6.942895,1.0,0.0,1.0,,,1.0
10459,21.05285,1.0,0.0,1.0,,,1.0
10460,16.536053,1.0,0.013986014,1.0,,,1.0
10461,99.06081,1.0,0.0,1.0,,,1.0
10462,69.219315,1.0,0.007751938,1.0,,,1.0
10463,82.85125,1.0,0.008130081,1.0,,,1.0
10464,5.616016,1.0,0.005524862,1.0,,,1.0
10465,20.869246,1.0,0.018867925,1.0,,,1.0
10466,3.7602391,1.0,0.007874016,1.0,,,1.0
10467,85.54174,1.0,0.010256411,1.0,,,1.0
10468,125.9227,1.0,0.00407332,1.0,,,1.0
10469,17.936409,1.0,0.0,1.0,,,1.0
10470,19.221912,1.0,0.0,1.0,,,1.0
10471,38.96952,1.0,0.007518797,1.0,,,1.0
10472,20.995932,1.0,0.0062305294,1.0,,,1.0
10473,36.7077,1.0,0.009852217,1.0,,,1.0
10474,22.921474,1.0,0.0,1.0,,,1.0
10475,41.72247,1.0,0.009259259,1.0,,,1.0
10476,39.850513,1.0,0.008368201,1.0,,,1.0
10477,102.88374,1.0,0.0041753654,1.0,,,1.0
10478,50.85755,1.0,0.0031545742,1.0,,,1.0
10479,56.376305,1.0,0.003875969,1.0,,,1.0
10480,11.332186,1.0,0.0,1.0,,,1.0
10481,14.390658,1.0,0.009433962,1.0,,,1.0
10482,46.63388,1.0,0.003690037,1.0,,,1.0
10483,43.690777,1.0,0.0046948357,1.0,,,1.0
10484,64.96023,1.0,0.011363637,1.0,,,1.0
10485,73.267296,1.0,0.00625,1.0,,,1.0
10486,24.164724,1.0,0.0,1.0,,,1.0
10487,12.905277,1.0,0.0,1.0,,,1.0
10488,25.39498,1.0,0.014925373,1.0,,,1.0
10489,21.614702,1.0,0.0,1.0,,,1.0
10490,5.3944764,1.0,0.028985508,1.0,,,1.0
10491,20.936188,1.0,0.010416667,1.0,,,1.0
10492,61.599464,1.0,0.005988024,1.0,,,1.0
10493,6.396425,1.0,0.0,1.0,,,1.0
10494,38.995884,1.0,0.0,1.0,,,1.0
10495,51.34904,1.0,0.008130081,1.0,,,1.0
10496,35.326077,1.0,0.0061728396,1.0,,,1.0
10497,17.3507,1.0,0.025316456,1.0,,,1.0
10498,48.93671,1.0,0.005076142,1.0,,,1.0
10499,10.679686,1.0,0.003816794,1.0,,,1.0
10500,29.537066,1.0,0.010928961,1.0,,,1.0
10501,22.041845,1.0,0.0,1.0,,,1.0
10502,19.894602,1.0,0.013513514,1.0,,,1.0
10503,0.69511515,1.0,0.006369427,1.0,,,1.0
10504,26.936724,1.0,0.0,1.0,,,1.0
10505,56.427536,1.0,0.0,1.0,,,1.0
10506,9.73658,1.0,0.0,1.0,,,1.0
10507,7.214145,1.0,0.04,1.0,,,1.0
10508,25.188208,1.0,0.0,1.0,,,1.0
10509,57.659794,1.0,0.010256411,1.0,,,1.0
10510,32.939407,1.0,0.009302326,1.0,,,1.0
10511,43.981266,1.0,0.00877193,1.0,,,1.0
10512,26.287113,1.0,0.018867925,1.0,,,1.0
10513,29.713137,1.0,0.0013568521,1.0,,,1.0
10514,38.00114,1.0,0.009569378,1.0,,,1.0
10515,17.62526,1.0,0.0,1.0,,,1.0
10516,37.243046,1.0,0.00729927,1.0,,,1.0
10517,44.71084,1.0,0.0,1.0,,,1.0
10518,11.687152,1.0,0.016129032,1.0,,,1.0
10519,105.86188,1.0,0.005882353,1.0,,,1.0
10520,81.40033,1.0,0.009345794,1.0,,,1.0
10521,45.079346,1.0,0.0,1.0,,,1.0
10522,59.60921,1.0,0.004901961,1.0,,,1.0
10523,33.16621,1.0,0.041666668,1.0,,,1.0
10524,18.328913,1.0,0.0,1.0,,,1.0
10525,94.0619,1.0,0.007142857,1.0,,,1.0
10526,110.173325,1.0,0.008695652,1.0,,,1.0
10527,29.574545,1.0,0.0,1.0,,,1.0
10528,23.735628,1.0,0.0091743115,1.0,,,1.0
10529,78.47665,1.0,0.010362694,1.0,,,1.0
10530,33.345943,1.0,0.004901961,1.0,,,1.0
10531,16.774427,1.0,0.0,1.0,,,1.0
10532,26.464878,1.0,0.0,1.0,,,1.0
10533,100.17136,1.0,0.006688963,1.0,,,1.0
10534,60.46111,1.0,0.006666667,1.0,,,1.0
10535,116.13675,1.0,0.0044345898,1.0,,,1.0
10536,12.80181,1.0,0.037037037,1.0,,,1.0
10537,99.413185,1.0,0.006756757,1.0,,,1.0
10538,7.099655,1.0,0.0,1.0,,,1.0
10539,17.246632,1.0,0.008583691,1.0,,,1.0
10540,24.106201,1.0,0.0,1.0,,,1.0
10541,25.204414,1.0,0.010752688,1.0,,,1.0
10542,35.49939,1.0,0.0053475937,1.0,,,1.0
10543,135.82352,1.0,0.0061728396,1.0,,,1.0
10544,54.967545,1.0,0.0,1.0,,,1.0
10545,19.170162,1.0,0.0068728523,1.0,,,1.0
10546,8.726288,1.0,0.014492754,1.0,,,1.0
10547,56.376305,1.0,0.00952381,1.0,,,1.0
10548,26.582561,1.0,0.007874016,1.0,,,1.0
10549,56.02844,1.0,0.007142857,1.0,,,1.0
10550,44.611576,1.0,0.0,1.0,,,1.0
10551,15.795573,1.0,0.0,1.0,,,1.0
10552,43.430492,1.0,0.006535948,1.0,,,1.0
10553,3.9608371,1.0,0.021978023,1.0,,,1.0
10554,39.65617,1.0,0.0,1.0,,,1.0
10555,16.108149,1.0,0.0,1.0,,,1.0
10556,102.72474,1.0,0.0125,1.0,,,1.0
10557,20.709585,1.0,0.017699115,1.0,,,1.0
10558,59.96784,1.0,0.012658228,1.0,,,1.0
10559,72.68554,1.0,0.0028011205,1.0,,,1.0
10560,25.43162,1.0,0.008064516,1.0,,,1.0
10561,47.767975,1.0,0.009259259,1.0,,,1.0
10562,20.600653,1.0,0.0050125313,1.0,,,1.0
10563,42.61417,1.0,0.0,1.0,,,1.0
10564,16.708004,1.0,0.005882353,1.0,,,1.0
10565,36.165085,1.0,0.013245033,1.0,,,1.0
10566,37.632217,1.0,0.027027028,1.0,,,1.0
10567,55.66456,1.0,0.005291005,1.0,,,1.0
10568,26.105045,1.0,0.00952381,1.0,,,1.0
10569,22.232927,1.0,0.0,1.0,,,1.0
10570,33.903538,1.0,0.012987013,1.0,,,1.0
10571,48.545094,1.0,0.016,1.0,,,1.0
10572,9.161034,1.0,0.0,1.0,,,1.0
10573,24.44268,1.0,0.008130081,1.0,,,1.0
10574,12.81792,1.0,0.015384615,1.0,,,1.0
10575,80.49888,1.0,0.005076142,1.0,,,1.0
10576,78.22397,1.0,0.012820513,1.0,,,1.0
10577,4.1472664,1.0,0.0,1.0,,,1.0
10578,57.282772,1.0,0.00921659,1.0,,,1.0
10579,81.51754,1.0,0.0,1.0,,,1.0
10580,24.407019,1.0,0.012048192,1.0,,,1.0
10581,93.257744,1.0,0.009433962,1.0,,,1.0
10582,20.389256,1.0,0.0049751243,1.0,,,1.0
10583,15.670576,1.0,0.0039525693,1.0,,,1.0
10584,57.555965,1.0,0.011111111,1.0,,,1.0
10585,24.988256,1.0,0.01369863,1.0,,,1.0
10586,8.615391,1.0,0.0,1.0,,,1.0
10587,5.1022844,1.0,0.009852217,1.0,,,1.0
10588,45.66446,1.0,0.004784689,1.0,,,1.0
10589,26.361643,1.0,0.0,1.0,,,1.0
10590,8.919174,1.0,0.0,1.0,,,1.0
10591,17.995594,1.0,0.005988024,1.0,,,1.0
10592,25.671177,1.0,0.019607844,1.0,,,1.0
10593,26.878695,1.0,0.00754717,1.0,,,1.0
10594,15.532078,1.0,0.004405286,1.0,,,1.0
10595,60.079163,1.0,0.022988506,1.0,,,1.0
10596,4.2561564,1.0,0.0,1.0,,,1.0
10597,28.143562,1.0,0.007874016,1.0,,,1.0
10598,12.172047,1.0,0.0,1.0,,,1.0
10599,37.80578,1.0,0.013793103,1.0,,,1.0
10600,17.026337,1.0,0.0,1.0,,,1.0
10601,5.0251107,1.0,0.007936508,1.0,,,1.0
10602,18.858212,1.0,0.0,1.0,,,1.0
10603,91.68036,1.0,0.014925373,1.0,,,1.0
10604,26.371267,1.0,0.008264462,1.0,,,1.0
10605,20.428047,1.0,0.00456621,1.0,,,1.0
10606,18.15942,1.0,0.0,1.0,,,1.0
10607,61.45962,1.0,0.015873017,1.0,,,1.0
10608,3.6952112,1.0,0.0,1.0,,,1.0
10609,60.46111,1.0,0.0121951215,1.0,,,1.0
10610,16.095942,1.0,0.0,1.0,,,1.0
10611,52.818493,1.0,0.007352941,1.0,,,1.0
10612,116.13675,1.0,0.015037594,1.0,,,1.0
10613,89.88506,1.0,0.012987013,1.0,,,1.0
10614,33.2432,1.0,0.0036101083,1.0,,,1.0
10615,13.199777,1.0,0.016129032,1.0,,,1.0
10616,43.029076,1.0,0.0,1.0,,,1.0
10617,51.792812,1.0,0.011235955,1.0,,,1.0
10618,86.02153,1.0,0.005882353,1.0,,,1.0
10619,6.5874834,1.0,0.0,1.0,,,1.0
10620,40.258747,1.0,0.001980198,1.0,,,1.0
10621,104.55939,1.0,0.011428571,1.0,,,1.0
10622,48.857628,1.0,0.022988506,1.0,,,1.0
10623,54.973213,1.0,0.0025575447,1.0,,,1.0
10624,45.347965,1.0,0.0011750881,1.0,,,1.0
10625,30.149088,1.0,0.018518519,1.0,,,1.0
10626,51.02994,1.0,0.011494253,1.0,,,1.0
10627,13.5160055,1.0,0.007874016,1.0,,,1.0
10628,54.78728,1.0,0.0040983604,1.0,,,1.0
10629,34.240128,1.0,0.0125,1.0,,,1.0
10630,9.895033,1.0,0.0056818184,1.0,,,1.0
10631,8.96554,1.0,0.030303031,1.0,,,1.0
10632,7.6518297,1.0,0.0,1.0,,,1.0
10633,43.80384,1.0,0.0057636886,1.0,,,1.0
10634,13.822829,1.0,0.0,1.0,,,1.0
10635,71.42983,1.0,0.011560693,1.0,,,1.0
10636,1.7325215,1.0,0.0,1.0,,,1.0
10637,24.530201,1.0,0.012658228,1.0,,,1.0
10638,25.499916,1.0,0.0,1.0,,,1.0
10639,65.297745,1.0,0.0,1.0,,,1.0
10640,63.03454,1.0,0.006968641,1.0,,,1.0
10641,33.36676,1.0,0.0,1.0,,,1.0
10642,18.455276,1.0,0.004115226,1.0,,,1.0
10643,24.065426,1.0,0.0,1.0,,,1.0
10644,53.242424,1.0,0.008733625,1.0,,,1.0
10645,45.83575,1.0,0.01369863,1.0,,,1.0
10646,42.93357,1.0,0.015873017,1.0,,,1.0
10647,92.35006,1.0,0.0,1.0,,,1.0
10648,49.474697,1.0,0.0047281324,1.0,,,1.0
10649,125.9227,1.0,0.003717472,1.0,,,1.0
10650,33.359272,1.0,0.0,1.0,,,1.0
10651,73.267296,1.0,0.013333334,1.0,,,1.0
10652,35.73939,1.0,0.0,1.0,,,1.0
10653,42.859505,1.0,0.006802721,1.0,,,1.0
10654,8.062992,1.0,0.009708738,1.0,,,1.0
10655,56.591736,1.0,0.03508772,1.0,,,1.0
10656,9.075019,1.0,0.0,1.0,,,1.0
10657,37.65264,1.0,0.0,1.0,,,1.0
10658,8.616007,1.0,0.030303031,1.0,,,1.0
10659,11.806811,1.0,0.010752688,1.0,,,1.0
10660,28.163826,1.0,0.016949153,1.0,,,1.0
10661,39.670795,1.0,0.0070921984,1.0,,,1.0
10662,24.504705,1.0,0.007518797,1.0,,,1.0
10663,24.882086,1.0,0.010416667,1.0,,,1.0
10664,66.76958,1.0,0.018018018,1.0,,,1.0
10665,98.70822,1.0,0.041666668,1.0,,,1.0
10666,5.376565,1.0,0.0125,1.0,,,1.0
10667,7.4803934,1.0,0.0,1.0,,,1.0
10668,78.47665,1.0,0.0,1.0,,,1.0
10669,10.824467,1.0,0.012820513,1.0,,,1.0
10670,15.8537445,1.0,0.0,1.0,,,1.0
10671,74.25972,1.0,0.0,1.0,,,1.0
10672,67.70754,1.0,0.006535948,1.0,,,1.0
10673,34.939445,1.0,0.0035842294,1.0,,,1.0
10674,56.3599,1.0,0.0047393367,1.0,,,1.0
10675,47.3787,1.0,0.01904762,1.0,,,1.0
10676,36.816994,1.0,0.0062111802,1.0,,,1.0
10677,16.463533,1.0,0.0,1.0,,,1.0
10678,7.684702,1.0,0.0,1.0,,,1.0
10679,15.403057,1.0,0.012345679,1.0,,,1.0
10680,22.293192,1.0,0.0088495575,1.0,,,1.0
10681,17.240332,1.0,0.0,1.0,,,1.0
10682,42.57018,1.0,0.015748031,1.0,,,1.0
10683,42.57018,1.0,0.006535948,1.0,,,1.0
10684,5.8236647,1.0,0.0029498525,1.0,,,1.0
10685,37.37818,1.0,0.028571429,1.0,,,1.0
10686,51.72345,1.0,0.0,1.0,,,1.0
10687,117.691864,1.0,0.007067138,1.0,,,1.0
10688,86.02153,1.0,0.011428571,1.0,,,1.0
10689,25.882061,1.0,0.0,1.0,,,1.0
10690,4.085046,1.0,0.0,1.0,,,1.0
10691,39.88991,1.0,0.009049774,1.0,,,1.0
10692,57.555965,1.0,0.003929273,1.0,,,1.0
10693,7.930574,1.0,0.0,1.0,,,1.0
10694,15.279284,1.0,0.006779661,1.0,,,1.0
10695,7.8176622,1.0,0.01010101,1.0,,,1.0
10696,84.767075,1.0,0.001934236,1.0,,,1.0
10697,7.4426894,1.0,0.021276595,1.0,,,1.0
10698,1.5337272,1.0,0.0,1.0,,,1.0
10699,11.204612,1.0,0.0,1.0,,,1.0
10700,12.958708,1.0,0.004608295,1.0,,,1.0
10701,20.695696,1.0,0.014925373,1.0,,,1.0
10702,94.0619,1.0,0.0044247787,1.0,,,1.0
10703,55.942783,1.0,0.00754717,1.0,,,1.0
10704,112.43434,1.0,0.0034662045,1.0,,,1.0
10705,98.476326,1.0,0.016806724,1.0,,,1.0
10706,32.081238,1.0,0.0,1.0,,,1.0
10707,14.960943,1.0,0.0,1.0,,,1.0
10708,43.896816,1.0,0.0,1.0,,,1.0
10709,19.67453,1.0,0.0,1.0,,,1.0
10710,15.854267,1.0,0.0,1.0,,,1.0
10711,23.599924,1.0,0.0,1.0,,,1.0
10712,86.18455,1.0,0.005,1.0,,,1.0
10713,36.127247,1.0,0.014184397,1.0,,,1.0
10714,25.792208,1.0,0.0,1.0,,,1.0
10715,19.40885,1.0,0.0,1.0,,,1.0
10716,63.059444,1.0,0.009090909,1.0,,,1.0
10717,18.12367,1.0,0.008264462,1.0,,,1.0
10718,37.1636,1.0,0.008032128,1.0,,,1.0
10719,24.628908,1.0,0.0,1.0,,,1.0
10720,24.856615,1.0,0.0,1.0,,,1.0
10721,59.60921,1.0,0.0055710305,1.0,,,1.0
10722,28.04086,1.0,0.014084507,1.0,,,1.0
10723,32.611835,1.0,0.009302326,1.0,,,1.0
10724,41.53904,1.0,0.0,1.0,,,1.0
10725,76.62177,1.0,0.007575758,1.0,,,1.0
10726,9.508593,1.0,0.0,1.0,,,1.0
10727,81.60287,1.0,0.0069204154,1.0,,,1.0
10728,23.097351,1.0,0.01980198,1.0,,,1.0
10729,98.70822,1.0,0.008064516,1.0,,,1.0
10730,32.281326,1.0,0.0,1.0,,,1.0
10731,22.516075,1.0,0.0068728523,1.0,,,1.0
10732,22.508457,1.0,0.012738854,1.0,,,1.0
10733,104.55939,1.0,0.006430868,1.0,,,1.0
10734,112.21493,1.0,0.014184397,1.0,,,1.0
10735,7.357517,1.0,0.0,1.0,,,1.0
10736,40.607594,1.0,0.005952381,1.0,,,1.0
10737,15.854267,1.0,0.0,1.0,,,1.0
10738,50.466843,1.0,0.013245033,1.0,,,1.0
10739,117.691864,1.0,0.005319149,1.0,,,1.0
10740,26.938673,1.0,0.008130081,1.0,,,1.0
10741,99.57553,1.0,0.0018975332,1.0,,,1.0
10742,49.15786,1.0,0.006134969,1.0,,,1.0
10743,32.51213,1.0,0.007518797,1.0,,,1.0
10744,124.35362,1.0,0.0028818443,1.0,,,1.0
10745,64.32761,1.0,0.012987013,1.0,,,1.0
10746,42.2408,1.0,0.010362694,1.0,,,1.0
10747,6.40228,1.0,0.0,1.0,,,1.0
10748,33.772022,1.0,0.0042918455,1.0,,,1.0
10749,15.8537445,1.0,0.0,1.0,,,1.0
10750,57.767635,1.0,0.0043668123,1.0,,,1.0
10751,36.056908,1.0,0.006134969,1.0,,,1.0
10752,14.394102,1.0,0.0,1.0,,,1.0
10753,56.02844,1.0,0.01,1.0,,,1.0
10754,13.499985,1.0,0.014084507,1.0,,,1.0
10755,19.744022,1.0,0.029411765,1.0,,,1.0
10756,14.711373,1.0,0.005882353,1.0,,,1.0
10757,56.691032,1.0,0.0,1.0,,,1.0
10758,21.893303,1.0,0.008928572,1.0,,,1.0
10759,25.20799,1.0,0.018691588,1.0,,,1.0
10760,22.478117,1.0,0.03448276,1.0,,,1.0
10761,29.381933,1.0,0.027027028,1.0,,,1.0
10762,55.412785,1.0,0.011363637,1.0,,,1.0
10763,19.516108,1.0,0.0,1.0,,,1.0
10764,43.453697,1.0,0.00591716,1.0,,,1.0
10765,27.508614,1.0,0.008695652,1.0,,,1.0
10766,16.478195,1.0,0.0,1.0,,,1.0
10767,35.51589,1.0,0.009259259,1.0,,,1.0
10768,39.381508,1.0,0.005181347,1.0,,,1.0
10769,6.6350956,1.0,0.0,1.0,,,1.0
10770,4.2271037,1.0,0.01010101,1.0,,,1.0
10771,13.968448,1.0,0.0,1.0,,,1.0
10772,73.504425,1.0,0.006756757,1.0,,,1.0
10773,68.78812,1.0,0.0041067763,1.0,,,1.0
10774,46.33236,1.0,0.015748031,1.0,,,1.0
10775,11.718223,1.0,0.011363637,1.0,,,1.0
10776,61.45962,1.0,0.011111111,1.0,,,1.0
10777,6.511229,1.0,0.0,1.0,,,1.0
10778,59.26885,1.0,0.0071174377,1.0,,,1.0
10779,15.445959,1.0,0.009852217,1.0,,,1.0
10780,15.241379,1.0,0.0,1.0,,,1.0
10781,19.516108,1.0,0.0036630037,1.0,,,1.0
10782,13.538914,1.0,0.01438849,1.0,,,1.0
10783,15.912369,1.0,0.004032258,1.0,,,1.0
10784,70.76439,1.0,0.012048192,1.0,,,1.0
10785,24.496878,1.0,0.0031545742,1.0,,,1.0
10786,29.022688,1.0,0.010638298,1.0,,,1.0
10787,13.209229,1.0,0.0,1.0,,,1.0
10788,50.85755,1.0,0.0,1.0,,,1.0
10789,28.877544,1.0,0.015037594,1.0,,,1.0
10790,8.168271,1.0,0.0,1.0,,,1.0
10791,57.037636,1.0,0.010050251,1.0,,,1.0
10792,54.036522,1.0,0.016129032,1.0,,,1.0
10793,41.939907,1.0,0.006116208,1.0,,,1.0
10794,13.289182,1.0,0.0039525693,1.0,,,1.0
10795,33.76887,1.0,0.0064102565,1.0,,,1.0
10796,51.82656,1.0,0.015151516,1.0,,,1.0
10797,12.319089,1.0,0.011363637,1.0,,,1.0
10798,99.413185,1.0,0.0059701493,1.0,,,1.0
10799,19.134565,1.0,0.08,1.0,,,1.0
10800,3.9170084,1.0,0.05263158,1.0,,,1.0
10801,13.509101,1.0,0.04,1.0,,,1.0
10802,15.054717,1.0,0.014084507,1.0,,,1.0
10803,55.412785,1.0,0.011494253,1.0,,,1.0
10804,44.28051,1.0,0.0057306592,1.0,,,1.0
10805,31.936533,1.0,0.012345679,1.0,,,1.0
10806,51.743202,1.0,0.010989011,1.0,,,1.0
10807,49.015846,1.0,0.0045045046,1.0,,,1.0
10808,69.084145,1.0,0.0121951215,1.0,,,1.0
10809,21.706455,1.0,0.0,1.0,,,1.0
10810,57.42195,1.0,0.0063492064,1.0,,,1.0
10811,35.830048,1.0,0.0063492064,1.0,,,1.0
10812,55.66456,1.0,0.0056179776,1.0,,,1.0
10813,19.733622,1.0,0.0,1.0,,,1.0
10814,39.815937,1.0,0.0,1.0,,,1.0
10815,18.903006,1.0,0.011235955,1.0,,,1.0
10816,37.760296,1.0,0.009009009,1.0,,,1.0
10817,9.814813,1.0,0.028985508,1.0,,,1.0
10818,18.123348,1.0,0.0,1.0,,,1.0
10819,39.287556,1.0,0.00952381,1.0,,,1.0
10820,9.982108,1.0,0.004830918,1.0,,,1.0
10821,24.871946,1.0,0.0,1.0,,,1.0
10822,12.313015,1.0,0.006060606,1.0,,,1.0
10823,2.6854224,1.0,0.0,1.0,,,1.0
10824,19.950916,1.0,0.006134969,1.0,,,1.0
10825,16.51707,1.0,0.0,1.0,,,1.0
10826,14.909666,1.0,0.0,1.0,,,1.0
10827,81.34332,1.0,0.016393442,1.0,,,1.0
10828,9.815678,1.0,0.0,1.0,,,1.0
10829,9.712828,1.0,0.0,1.0,,,1.0
10830,16.046627,1.0,0.0,1.0,,,1.0
10831,44.951385,1.0,0.001953125,1.0,,,1.0
10832,18.524721,1.0,0.0,1.0,,,1.0
10833,100.17136,1.0,0.012345679,1.0,,,1.0
10834,31.078806,1.0,0.010989011,1.0,,,1.0
10835,11.530082,1.0,0.008264462,1.0,,,1.0
10836,16.100592,1.0,0.0,1.0,,,1.0
10837,8.76789,1.0,0.03125,1.0,,,1.0
10838,83.57953,1.0,0.016393442,1.0,,,1.0
10839,9.855348,1.0,0.006289308,1.0,,,1.0
10840,29.209387,1.0,0.0070921984,1.0,,,1.0
10841,73.504425,1.0,0.0046620048,1.0,,,1.0
10842,35.866894,1.0,0.007352941,1.0,,,1.0
10843,10.378113,1.0,0.008130081,1.0,,,1.0
10844,21.25492,1.0,0.015384615,1.0,,,1.0
10845,36.048527,1.0,0.0,1.0,,,1.0
10846,10.541035,1.0,0.010810811,1.0,,,1.0
10847,67.456924,1.0,0.007936508,1.0,,,1.0
10848,22.931974,1.0,0.0,1.0,,,1.0
10849,36.72372,1.0,0.0,1.0,,,1.0
10850,31.287855,1.0,0.0,1.0,,,1.0
10851,14.431294,1.0,0.0042735045,1.0,,,1.0
10852,36.51394,1.0,0.0049261083,1.0,,,1.0
10853,51.529118,1.0,0.0,1.0,,,1.0
10854,9.855348,1.0,0.0,1.0,,,1.0
10855,102.88374,1.0,0.0018518518,1.0,,,1.0
10856,25.040873,1.0,0.03125,1.0,,,1.0
10857,25.412148,1.0,0.017391304,1.0,,,1.0
10858,37.328815,1.0,0.009090909,1.0,,,1.0
10859,9.070636,1.0,0.0,1.0,,,1.0
10860,32.838654,1.0,0.0041841003,1.0,,,1.0
10861,29.442703,1.0,0.0,1.0,,,1.0
10862,45.2774,1.0,0.008163265,1.0,,,1.0
10863,57.42195,1.0,0.008064516,1.0,,,1.0
10864,27.451591,1.0,0.0035842294,1.0,,,1.0
10865,122.87542,1.0,0.0041067763,1.0,,,1.0
10866,12.663508,1.0,0.04347826,1.0,,,1.0
10867,21.20057,1.0,0.0,1.0,,,1.0
10868,67.00446,1.0,0.007017544,1.0,,,1.0
10869,14.505625,1.0,0.0,1.0,,,1.0
10870,98.58889,1.0,0.0035906644,1.0,,,1.0
10871,23.625849,1.0,0.005063291,1.0,,,1.0
10872,13.090028,1.0,0.0,1.0,,,1.0
10873,49.89796,1.0,0.0,1.0,,,1.0
10874,59.929024,1.0,0.016393442,1.0,,,1.0
10875,5.6113143,1.0,0.010362694,1.0,,,1.0
10876,20.775307,1.0,0.0,1.0,,,1.0
10877,51.027836,1.0,0.0045454544,1.0,,,1.0
10878,33.60434,1.0,0.0074074073,1.0,,,1.0
10879,11.850025,1.0,0.0,1.0,,,1.0
10880,3.9650815,1.0,0.0,1.0,,,1.0
10881,27.295,1.0,0.0,1.0,,,1.0
10882,12.787587,1.0,0.0,1.0,,,1.0
10883,31.287855,1.0,0.012987013,1.0,,,1.0
10884,24.051332,1.0,0.016666668,1.0,,,1.0
10885,44.951385,1.0,0.021505376,1.0,,,1.0
10886,33.60434,1.0,0.0,1.0,,,1.0
10887,8.877545,1.0,0.0,1.0,,,1.0
10888,24.86785,1.0,0.006451613,1.0,,,1.0
10889,10.132797,1.0,0.009259259,1.0,,,1.0
10890,30.444818,1.0,0.0045045046,1.0,,,1.0
10891,28.149693,1.0,0.0074626864,1.0,,,1.0
10892,25.296314,1.0,0.0,1.0,,,1.0
10893,46.901634,1.0,0.009345794,1.0,,,1.0
10894,46.902042,1.0,0.0053619305,1.0,,,1.0
10895,100.72897,1.0,0.0025773195,1.0,,,1.0
10896,28.792995,1.0,0.010309278,1.0,,,1.0
10897,25.829971,1.0,0.0124223605,1.0,,,1.0
10898,13.956722,1.0,0.0036363637,1.0,,,1.0
10899,25.902233,1.0,0.0,1.0,,,1.0
10900,68.23948,1.0,0.0029498525,1.0,,,1.0
10901,8.044358,1.0,0.0,1.0,,,1.0
10902,65.62722,1.0,0.004474273,1.0,,,1.0
10903,3.6793044,1.0,0.0,1.0,,,1.0
10904,59.268467,1.0,0.0,1.0,,,1.0
10905,80.45577,1.0,0.0019267823,1.0,,,1.0
10906,18.169445,1.0,0.0058479533,1.0,,,1.0
10907,33.95981,1.0,0.020408163,1.0,,,1.0
10908,34.979244,1.0,0.0,1.0,,,1.0
10909,59.643055,1.0,0.001776199,1.0,,,1.0
10910,102.05991,1.0,0.003220612,1.0,,,1.0
10911,27.942463,1.0,0.008547009,1.0,,,1.0
10912,102.72474,1.0,0.004514673,1.0,,,1.0
10913,71.00416,1.0,0.0031948881,1.0,,,1.0
10914,19.6869,1.0,0.015503876,1.0,,,1.0
10915,63.5304,1.0,0.008130081,1.0,,,1.0
10916,49.67842,1.0,0.01010101,1.0,,,1.0
10917,1.2248274,1.0,0.0,1.0,,,1.0
10918,6.5122466,1.0,0.0,1.0,,,1.0
10919,99.924126,1.0,0.008583691,1.0,,,1.0
10920,44.19484,1.0,0.0051020407,1.0,,,1.0
10921,47.81233,1.0,0.009478673,1.0,,,1.0
10922,51.757824,1.0,0.015384615,1.0,,,1.0
10923,41.54284,1.0,0.0025445293,1.0,,,1.0
10924,13.551765,1.0,0.0121951215,1.0,,,1.0
10925,13.392824,1.0,0.0,1.0,,,1.0
10926,15.670198,1.0,0.0,1.0,,,1.0
10927,52.333042,1.0,0.0028653296,1.0,,,1.0
10928,68.43953,1.0,0.0069204154,1.0,,,1.0
10929,13.783918,1.0,0.00729927,1.0,,,1.0
10930,21.373446,1.0,0.03125,1.0,,,1.0
10931,18.125137,1.0,0.0,1.0,,,1.0
10932,48.698395,1.0,0.0035971224,1.0,,,1.0
10933,27.451591,1.0,0.0,1.0,,,1.0
10934,5.0515914,1.0,0.0,1.0,,,1.0
10935,51.794624,1.0,0.0069444445,1.0,,,1.0
10936,17.913832,1.0,0.009708738,1.0,,,1.0
10937,18.223118,1.0,0.009708738,1.0,,,1.0
10938,87.37963,1.0,0.005376344,1.0,,,1.0
10939,59.5445,1.0,0.0,1.0,,,1.0
10940,40.56589,1.0,0.0,1.0,,,1.0
10941,12.164575,1.0,0.0058479533,1.0,,,1.0
10942,30.460304,1.0,0.013333334,1.0,,,1.0
10943,56.20208,1.0,0.00990099,1.0,,,1.0
10944,24.49634,1.0,0.017857144,1.0,,,1.0
10945,14.937804,1.0,0.008928572,1.0,,,1.0
10946,4.928723,1.0,0.009615385,1.0,,,1.0
10947,14.321273,1.0,0.006329114,1.0,,,1.0
10948,70.29139,1.0,0.008810572,1.0,,,1.0
10949,35.36286,1.0,0.008196721,1.0,,,1.0
10950,76.26888,1.0,0.0,1.0,,,1.0
10951,25.57826,1.0,0.009852217,1.0,,,1.0
10952,11.767868,1.0,0.0057142857,1.0,,,1.0
10953,29.234522,1.0,0.0,1.0,,,1.0
10954,80.49888,1.0,0.0035842294,1.0,,,1.0
10955,14.965563,1.0,0.0,1.0,,,1.0
10956,66.76958,1.0,0.017857144,1.0,,,1.0
10957,27.870028,1.0,0.013245033,1.0,,,1.0
10958,10.2914295,1.0,0.007751938,1.0,,,1.0
10959,9.270039,1.0,0.016666668,1.0,,,1.0
10960,23.634144,1.0,0.009345794,1.0,,,1.0
10961,5.424076,1.0,0.00729927,1.0,,,1.0
10962,26.623383,1.0,0.0,1.0,,,1.0
10963,79.59619,1.0,0.008547009,1.0,,,1.0
10964,17.241955,1.0,0.008130081,1.0,,,1.0
10965,9.071046,1.0,0.0,1.0,,,1.0
10966,88.52326,1.0,0.017857144,1.0,,,1.0
10967,15.986157,1.0,0.020833334,1.0,,,1.0
10968,29.944487,1.0,0.01923077,1.0,,,1.0
10969,16.046627,1.0,0.01010101,1.0,,,1.0
10970,48.522827,1.0,0.0049875313,1.0,,,1.0
10971,26.849102,1.0,0.0070422534,1.0,,,1.0
10972,15.355043,1.0,0.0,1.0,,,1.0
10973,80.49888,1.0,0.00877193,1.0,,,1.0
10974,25.949041,1.0,0.0046948357,1.0,,,1.0
10975,30.739561,1.0,0.010810811,1.0,,,1.0
10976,89.88506,1.0,0.0066006603,1.0,,,1.0
10977,16.560892,1.0,0.021276595,1.0,,,1.0
10978,73.504425,1.0,0.011764706,1.0,,,1.0
10979,54.456646,1.0,0.004878049,1.0,,,1.0
10980,13.581749,1.0,0.010256411,1.0,,,1.0
10981,30.292704,1.0,0.008264462,1.0,,,1.0
10982,32.082397,1.0,0.006060606,1.0,,,1.0
10983,33.345943,1.0,0.017699115,1.0,,,1.0
10984,14.901435,1.0,0.0062111802,1.0,,,1.0
10985,28.362438,1.0,0.009569378,1.0,,,1.0
10986,23.82361,1.0,0.0,1.0,,,1.0
10987,9.575319,1.0,0.016949153,1.0,,,1.0
10988,17.99455,1.0,0.011363637,1.0,,,1.0
10989,33.765644,1.0,0.005235602,1.0,,,1.0
10990,10.278526,1.0,0.0,1.0,,,1.0
10991,84.34471,1.0,0.006557377,1.0,,,1.0
10992,32.000538,1.0,0.004405286,1.0,,,1.0
10993,27.333967,1.0,0.008547009,1.0,,,1.0
10994,23.634144,1.0,0.0054945056,1.0,,,1.0
10995,32.343616,1.0,0.008130081,1.0,,,1.0
10996,10.713509,1.0,0.0,1.0,,,1.0
10997,46.917625,1.0,0.001908397,1.0,,,1.0
10998,49.76838,1.0,0.002469136,1.0,,,1.0
10999,13.600657,1.0,0.0,1.0,,,1.0
11000,8.799359,1.0,0.0027472528,1.0,,,1.0
11001,3.6176503,1.0,0.0,1.0,,,1.0
11002,105.86188,1.0,0.0064102565,1.0,,,1.0
11003,39.971962,1.0,0.013071896,1.0,,,1.0
11004,30.193117,1.0,0.0,1.0,,,1.0
11005,41.499313,1.0,0.011363637,1.0,,,1.0
11006,23.397594,1.0,0.015151516,1.0,,,1.0
11007,37.243046,1.0,0.0055555557,1.0,,,1.0
11008,11.144491,1.0,0.0033444816,1.0,,,1.0
11009,23.283447,1.0,0.0054644807,1.0,,,1.0
11010,84.432465,1.0,0.0034423408,1.0,,,1.0
11011,4.2826533,1.0,0.0,1.0,,,1.0
11012,67.00446,1.0,0.0052083335,1.0,,,1.0
11013,77.28167,1.0,0.010869565,1.0,,,1.0
11014,4.6451397,1.0,0.03448276,1.0,,,1.0
11015,44.71084,1.0,0.006134969,1.0,,,1.0
11016,30.288498,1.0,0.015873017,1.0,,,1.0
11017,10.170442,1.0,0.009009009,1.0,,,1.0
11018,46.703846,1.0,0.0,1.0,,,1.0
11019,55.412785,1.0,0.005449591,1.0,,,1.0
11020,40.351784,1.0,0.011904762,1.0,,,1.0
11021,49.070187,1.0,0.007874016,1.0,,,1.0
11022,24.169563,1.0,0.0020876827,1.0,,,1.0
11023,11.8047905,1.0,0.0,1.0,,,1.0
11024,28.530111,1.0,0.0,1.0,,,1.0
11025,69.42076,1.0,0.008547009,1.0,,,1.0
11026,51.70851,1.0,0.0,1.0,,,1.0
11027,48.698395,1.0,0.0064102565,1.0,,,1.0
11028,37.097908,1.0,0.0065146578,1.0,,,1.0
11029,33.16621,1.0,0.017094018,1.0,,,1.0
11030,30.30466,1.0,0.0,1.0,,,1.0
11031,108.342125,1.0,0.010989011,1.0,,,1.0
11032,26.72067,1.0,0.003787879,1.0,,,1.0
11033,14.719219,1.0,0.0,1.0,,,1.0
11034,76.26888,1.0,0.0057803467,1.0,,,1.0
11035,9.818149,1.0,0.0,1.0,,,1.0
11036,50.0121,1.0,0.0045045046,1.0,,,1.0
11037,36.17055,1.0,0.008196721,1.0,,,1.0
11038,24.440407,1.0,0.0076045627,1.0,,,1.0
11039,31.286966,1.0,0.0,1.0,,,1.0
11040,57.57289,1.0,0.0,1.0,,,1.0
11041,35.30824,1.0,0.0062111802,1.0,,,1.0
11042,31.527805,1.0,0.003968254,1.0,,,1.0
11043,50.058445,1.0,0.010152284,1.0,,,1.0
11044,116.13675,1.0,0.004842615,1.0,,,1.0
11045,21.361015,1.0,0.007633588,1.0,,,1.0
11046,94.0619,1.0,0.012903226,1.0,,,1.0
11047,26.906616,1.0,0.010416667,1.0,,,1.0
11048,19.367138,1.0,0.01010101,1.0,,,1.0
11049,27.91127,1.0,0.013513514,1.0,,,1.0
11050,114.3943,1.0,0.006153846,1.0,,,1.0
11051,74.239456,1.0,0.0,1.0,,,1.0
11052,44.117027,1.0,0.007518797,1.0,,,1.0
11053,23.941542,1.0,0.015873017,1.0,,,1.0
11054,39.760925,1.0,0.0038461538,1.0,,,1.0
11055,6.5935793,1.0,0.0,1.0,,,1.0
11056,89.88506,1.0,0.0076045627,1.0,,,1.0
11057,8.394572,1.0,0.0,1.0,,,1.0
11058,15.952163,1.0,0.0,1.0,,,1.0
11059,10.670839,1.0,0.007751938,1.0,,,1.0
11060,45.725292,1.0,0.010471204,1.0,,,1.0
11061,98.70822,1.0,0.021276595,1.0,,,1.0
11062,19.727169,1.0,0.0,1.0,,,1.0
11063,26.583462,1.0,0.019607844,1.0,,,1.0
11064,32.96296,1.0,0.0054054055,1.0,,,1.0
11065,96.84659,1.0,0.003773585,1.0,,,1.0
11066,54.60893,1.0,0.013071896,1.0,,,1.0
11067,59.4938,1.0,0.0057142857,1.0,,,1.0
11068,10.904931,1.0,0.007633588,1.0,,,1.0
11069,5.9116797,1.0,0.0,1.0,,,1.0
11070,8.350668,1.0,0.010869565,1.0,,,1.0
11071,5.039693,1.0,0.0,1.0,,,1.0
11072,36.150814,1.0,0.016666668,1.0,,,1.0
11073,10.7504,1.0,0.0,1.0,,,1.0
11074,14.364363,1.0,0.0032467532,1.0,,,1.0
11075,24.016008,1.0,0.012987013,1.0,,,1.0
11076,14.797875,1.0,0.0065146578,1.0,,,1.0
11077,73.267296,1.0,0.010416667,1.0,,,1.0
11078,10.011974,1.0,0.0,1.0,,,1.0
11079,4.7744055,1.0,0.0,1.0,,,1.0
11080,59.4938,1.0,0.008888889,1.0,,,1.0
11081,9.195616,1.0,0.01010101,1.0,,,1.0
11082,25.925251,1.0,0.0,1.0,,,1.0
11083,9.494164,1.0,0.0,1.0,,,1.0
11084,17.936409,1.0,0.005988024,1.0,,,1.0
11085,78.47665,1.0,0.0022779044,1.0,,,1.0
11086,18.582874,1.0,0.0,1.0,,,1.0
11087,13.37562,1.0,0.005235602,1.0,,,1.0
11088,27.965487,1.0,0.0033670033,1.0,,,1.0
11089,63.5304,1.0,0.01980198,1.0,,,1.0
11090,6.4974313,1.0,0.0,1.0,,,1.0
11091,22.468576,1.0,0.011173184,1.0,,,1.0
11092,89.88506,1.0,0.0043763677,1.0,,,1.0
11093,27.434822,1.0,0.008230452,1.0,,,1.0
11094,25.39498,1.0,0.0,1.0,,,1.0
11095,12.730555,1.0,0.0,1.0,,,1.0
11096,22.038883,1.0,0.003921569,1.0,,,1.0
11097,19.776653,1.0,0.0072202166,1.0,,,1.0
11098,10.178233,1.0,0.0,1.0,,,1.0
11099,30.029972,1.0,0.010526316,1.0,,,1.0
11100,46.634182,1.0,0.09090909,1.0,,,1.0
11101,42.46549,1.0,0.0,1.0,,,1.0
11102,105.86188,1.0,0.0,1.0,,,1.0
11103,23.282707,1.0,0.0,1.0,,,1.0
11104,19.56064,1.0,0.0,1.0,,,1.0
11105,14.878533,1.0,0.0,1.0,,,1.0
11106,55.130615,1.0,0.055555556,1.0,,,1.0
11107,37.343773,1.0,0.0088495575,1.0,,,1.0
11108,73.85746,1.0,0.004651163,1.0,,,1.0
11109,57.578384,1.0,0.0,1.0,,,1.0
11110,70.86064,1.0,0.0056818184,1.0,,,1.0
11111,25.20799,1.0,0.005524862,1.0,,,1.0
11112,32.74656,1.0,0.010416667,1.0,,,1.0
11113,17.234854,1.0,0.0,1.0,,,1.0
11114,73.28472,1.0,0.0093896715,1.0,,,1.0
11115,31.138268,1.0,0.005952381,1.0,,,1.0
11116,56.862095,1.0,0.0031847134,1.0,,,1.0
11117,23.512201,1.0,0.0056179776,1.0,,,1.0
11118,56.427536,1.0,0.008474576,1.0,,,1.0
11119,56.591736,1.0,0.009302326,1.0,,,1.0
11120,27.434822,1.0,0.01183432,1.0,,,1.0
11121,94.27873,1.0,0.0058651026,1.0,,,1.0
11122,109.534454,1.0,0.0,1.0,,,1.0
11123,29.052864,1.0,0.0,1.0,,,1.0
11124,17.94387,1.0,0.01754386,1.0,,,1.0
11125,53.51324,1.0,0.014184397,1.0,,,1.0
11126,33.002865,1.0,0.015748031,1.0,,,1.0
11127,74.18345,1.0,0.0088495575,1.0,,,1.0
11128,97.18298,1.0,0.0063897762,1.0,,,1.0
11129,50.546425,1.0,0.009433962,1.0,,,1.0
11130,6.754152,1.0,0.008333334,1.0,,,1.0
11131,4.8581495,1.0,0.006802721,1.0,,,1.0
11132,16.475462,1.0,0.0063492064,1.0,,,1.0
11133,17.87517,1.0,0.0064935065,1.0,,,1.0
11134,51.840786,1.0,0.00877193,1.0,,,1.0
11135,7.998658,1.0,0.0,1.0,,,1.0
11136,100.17136,1.0,0.007194245,1.0,,,1.0
11137,29.381933,1.0,0.014084507,1.0,,,1.0
11138,7.7204547,1.0,0.00152207,1.0,,,1.0
11139,23.806738,1.0,0.017699115,1.0,,,1.0
11140,4.862775,1.0,0.010989011,1.0,,,1.0
11141,7.6309304,1.0,0.0,1.0,,,1.0
11142,5.1543064,1.0,0.011494253,1.0,,,1.0
11143,56.005455,1.0,0.004237288,1.0,,,1.0
11144,10.965063,1.0,0.015748031,1.0,,,1.0
11145,44.210613,1.0,0.0,1.0,,,1.0
11146,36.776546,1.0,0.013157895,1.0,,,1.0
11147,13.217288,1.0,0.0026041667,1.0,,,1.0
11148,49.443634,1.0,0.0,1.0,,,1.0
11149,48.79064,1.0,0.006289308,1.0,,,1.0
11150,20.389256,1.0,0.009708738,1.0,,,1.0
11151,81.760155,1.0,0.009433962,1.0,,,1.0
11152,39.009,1.0,0.0,1.0,,,1.0
11153,9.829797,1.0,0.024096385,1.0,,,1.0
11154,61.361763,1.0,0.0,1.0,,,1.0
11155,8.541777,1.0,0.0061728396,1.0,,,1.0
11156,22.558441,1.0,0.015625,1.0,,,1.0
11157,21.361015,1.0,0.0,1.0,,,1.0
11158,15.36048,1.0,0.009803922,1.0,,,1.0
11159,18.0773,1.0,0.0,1.0,,,1.0
11160,13.861632,1.0,0.0025188916,1.0,,,1.0
11161,42.778877,1.0,0.017857144,1.0,,,1.0
11162,73.267296,1.0,0.0039138943,1.0,,,1.0
11163,100.01263,1.0,0.005988024,1.0,,,1.0
11164,46.634182,1.0,0.006993007,1.0,,,1.0
11165,6.1047077,1.0,0.007874016,1.0,,,1.0
11166,66.482666,1.0,0.008928572,1.0,,,1.0
11167,51.696503,1.0,0.00591716,1.0,,,1.0
11168,29.022688,1.0,0.0,1.0,,,1.0
11169,16.458876,1.0,0.0,1.0,,,1.0
11170,22.157978,1.0,0.0,1.0,,,1.0
11171,3.8076391,1.0,0.0,1.0,,,1.0
11172,78.46972,1.0,0.011049724,1.0,,,1.0
11173,34.06485,1.0,0.013793103,1.0,,,1.0
11174,45.056747,1.0,0.0068965517,1.0,,,1.0
11175,33.903538,1.0,0.008130081,1.0,,,1.0
11176,42.121235,1.0,0.018518519,1.0,,,1.0
11177,44.662853,1.0,0.004166667,1.0,,,1.0
11178,100.17136,1.0,0.004494382,1.0,,,1.0
11179,70.28568,1.0,0.004338395,1.0,,,1.0
11180,42.90579,1.0,0.0074626864,1.0,,,1.0
11181,89.91889,1.0,0.0099502485,1.0,,,1.0
11182,18.267126,1.0,0.0030395137,1.0,,,1.0
11183,16.232813,1.0,0.0,1.0,,,1.0
11184,34.979244,1.0,0.0,1.0,,,1.0
11185,15.33258,1.0,0.0,1.0,,,1.0
11186,20.976046,1.0,0.013157895,1.0,,,1.0
11187,53.51324,1.0,0.0,1.0,,,1.0
11188,36.127247,1.0,0.0078125,1.0,,,1.0
11189,23.097351,1.0,0.015873017,1.0,,,1.0
11190,1.0582266,1.0,0.0,1.0,,,1.0
11191,14.476747,1.0,0.004385965,1.0,,,1.0
11192,17.45658,1.0,0.0,1.0,,,1.0
11193,100.17136,1.0,0.004149378,1.0,,,1.0
11194,44.389404,1.0,0.007246377,1.0,,,1.0
11195,40.429035,1.0,0.003508772,1.0,,,1.0
11196,4.3103147,1.0,0.016949153,1.0,,,1.0
11197,57.757755,1.0,0.016,1.0,,,1.0
11198,21.765255,1.0,0.0,1.0,,,1.0
11199,90.34002,1.0,0.0019723866,1.0,,,1.0
11200,10.775217,1.0,0.011235955,1.0,,,1.0
11201,35.59902,1.0,0.003021148,1.0,,,1.0
11202,26.163624,1.0,0.008264462,1.0,,,1.0
11203,80.49888,1.0,0.025641026,1.0,,,1.0
11204,84.1685,1.0,0.007874016,1.0,,,1.0
11205,1.5251386,1.0,0.024691358,1.0,,,1.0
11206,4.353078,1.0,0.0,1.0,,,1.0
11207,38.605515,1.0,0.014285714,1.0,,,1.0
11208,42.245228,1.0,0.013986014,1.0,,,1.0
11209,74.48423,1.0,0.0,1.0,,,1.0
11210,72.63826,1.0,0.014285714,1.0,,,1.0
11211,57.95582,1.0,0.00990099,1.0,,,1.0
11212,17.553268,1.0,0.0064102565,1.0,,,1.0
11213,20.821716,1.0,0.0070921984,1.0,,,1.0
11214,3.0054202,1.0,0.0,1.0,,,1.0
11215,17.431158,1.0,0.01923077,1.0,,,1.0
11216,20.738213,1.0,0.019607844,1.0,,,1.0
11217,64.825195,1.0,0.0049751243,1.0,,,1.0
11218,8.140065,1.0,0.0018484289,1.0,,,1.0
11219,82.545975,1.0,0.0054945056,1.0,,,1.0
11220,11.549615,1.0,0.0,1.0,,,1.0
11221,25.081245,1.0,0.0,1.0,,,1.0
11222,20.60918,1.0,0.0,1.0,,,1.0
11223,108.342125,1.0,0.004048583,1.0,,,1.0
11224,17.715406,1.0,0.0050251256,1.0,,,1.0
11225,42.433804,1.0,0.004464286,1.0,,,1.0
11226,18.696638,1.0,0.004901961,1.0,,,1.0
11227,48.90541,1.0,0.0062111802,1.0,,,1.0
11228,112.43434,1.0,0.005882353,1.0,,,1.0
11229,6.2119026,1.0,0.0,1.0,,,1.0
11230,18.058857,1.0,0.030303031,1.0,,,1.0
11231,41.422695,1.0,0.007633588,1.0,,,1.0
11232,21.857758,1.0,0.0,1.0,,,1.0
11233,14.379475,1.0,0.0,1.0,,,1.0
11234,10.212943,1.0,0.013422819,1.0,,,1.0
11235,13.872756,1.0,0.027027028,1.0,,,1.0
11236,18.299545,1.0,0.0031055901,1.0,,,1.0
11237,71.70666,1.0,0.013157895,1.0,,,1.0
11238,32.712833,1.0,0.025,1.0,,,1.0
11239,69.440056,1.0,0.0054945056,1.0,,,1.0
11240,42.433804,1.0,0.006153846,1.0,,,1.0
11241,47.12599,1.0,0.010416667,1.0,,,1.0
11242,37.865128,1.0,0.00952381,1.0,,,1.0
11243,59.31051,1.0,0.004830918,1.0,,,1.0
11244,36.161846,1.0,0.016393442,1.0,,,1.0
11245,3.6471155,1.0,0.0,1.0,,,1.0
11246,28.840214,1.0,0.0,1.0,,,1.0
11247,41.7781,1.0,0.0061728396,1.0,,,1.0
11248,10.031765,1.0,0.0,1.0,,,1.0
11249,12.408575,1.0,0.032258064,1.0,,,1.0
11250,15.558209,1.0,0.002096436,1.0,,,1.0
11251,38.605515,1.0,0.0061728396,1.0,,,1.0
11252,63.247498,1.0,0.003960396,1.0,,,1.0
11253,19.36942,1.0,0.004219409,1.0,,,1.0
11254,36.211853,1.0,0.011235955,1.0,,,1.0
11255,22.706106,1.0,0.006557377,1.0,,,1.0
11256,33.63226,1.0,0.028571429,1.0,,,1.0
11257,81.40033,1.0,0.0069204154,1.0,,,1.0
11258,3.4799008,1.0,0.0,1.0,,,1.0
11259,18.830032,1.0,0.015625,1.0,,,1.0
11260,2.3868885,1.0,0.0,1.0,,,1.0
11261,65.23029,1.0,0.0074626864,1.0,,,1.0
11262,6.587115,1.0,0.007874016,1.0,,,1.0
11263,17.710821,1.0,0.0063091484,1.0,,,1.0
11264,50.85755,1.0,0.008163265,1.0,,,1.0
11265,47.14422,1.0,0.03448276,1.0,,,1.0
11266,38.509293,1.0,0.0,1.0,,,1.0
11267,110.308365,1.0,0.011976048,1.0,,,1.0
11268,23.941542,1.0,0.022222223,1.0,,,1.0
11269,8.953476,1.0,0.010204081,1.0,,,1.0
11270,17.966253,1.0,0.0015082957,1.0,,,1.0
11271,29.930775,1.0,0.010869565,1.0,,,1.0
11272,40.1953,1.0,0.01369863,1.0,,,1.0
11273,81.40033,1.0,0.01980198,1.0,,,1.0
11274,7.221136,1.0,0.0056497175,1.0,,,1.0
11275,14.364363,1.0,0.005235602,1.0,,,1.0
11276,102.05991,1.0,0.0,1.0,,,1.0
11277,5.5670733,1.0,0.0,1.0,,,1.0
11278,37.243046,1.0,0.01183432,1.0,,,1.0
11279,100.17136,1.0,0.01369863,1.0,,,1.0
11280,49.504684,1.0,0.005934718,1.0,,,1.0
11281,58.016228,1.0,0.0056818184,1.0,,,1.0
11282,80.205246,1.0,0.01904762,1.0,,,1.0
11283,29.944487,1.0,0.018691588,1.0,,,1.0
11284,87.21102,1.0,0.008064516,1.0,,,1.0
11285,2.9514613,1.0,0.0,1.0,,,1.0
11286,65.98681,1.0,0.0,1.0,,,1.0
11287,9.341925,1.0,0.0032258064,1.0,,,1.0
11288,3.8582208,1.0,0.0,1.0,,,1.0
11289,23.674076,1.0,0.0074626864,1.0,,,1.0
11290,15.883711,1.0,0.0,1.0,,,1.0
11291,15.3407755,1.0,0.0,1.0,,,1.0
11292,9.825176,1.0,0.0,1.0,,,1.0
11293,25.539497,1.0,0.00456621,1.0,,,1.0
11294,49.648373,1.0,0.0,1.0,,,1.0
11295,13.994027,1.0,0.008,1.0,,,1.0
11296,14.54054,1.0,0.004405286,1.0,,,1.0
11297,56.376305,1.0,0.0062111802,1.0,,,1.0
11298,87.21102,1.0,0.004048583,1.0,,,1.0
11299,6.7804184,1.0,0.0,1.0,,,1.0
11300,56.3599,1.0,0.0,1.0,,,1.0
11301,42.670406,1.0,0.0091743115,1.0,,,1.0
11302,15.857368,1.0,0.0,1.0,,,1.0
11303,23.540407,1.0,0.0,1.0,,,1.0
11304,91.68036,1.0,0.0059701493,1.0,,,1.0
11305,76.26888,1.0,0.009259259,1.0,,,1.0
11306,28.986164,1.0,0.022222223,1.0,,,1.0
11307,19.354605,1.0,0.0,1.0,,,1.0
11308,26.240759,1.0,0.0074626864,1.0,,,1.0
11309,21.61257,1.0,0.0,1.0,,,1.0
11310,31.541946,1.0,0.0,1.0,,,1.0
11311,23.853565,1.0,0.0,1.0,,,1.0
11312,18.450565,1.0,0.008888889,1.0,,,1.0
11313,49.952244,1.0,0.0,1.0,,,1.0
11314,101.899734,1.0,0.0070422534,1.0,,,1.0
11315,68.449905,1.0,0.004784689,1.0,,,1.0
11316,50.290264,1.0,0.0,1.0,,,1.0
11317,28.216568,1.0,0.009661836,1.0,,,1.0
11318,31.17075,1.0,0.0036363637,1.0,,,1.0
11319,24.750364,1.0,0.0088495575,1.0,,,1.0
11320,80.49888,1.0,0.008403362,1.0,,,1.0
11321,7.364218,1.0,0.0,1.0,,,1.0
11322,35.36286,1.0,0.0121951215,1.0,,,1.0
11323,38.96952,1.0,0.0,1.0,,,1.0
11324,16.911236,1.0,0.041666668,1.0,,,1.0
11325,17.45658,1.0,0.027777778,1.0,,,1.0
11326,23.114315,1.0,0.0,1.0,,,1.0
11327,88.11017,1.0,0.007751938,1.0,,,1.0
11328,39.597725,1.0,0.004016064,1.0,,,1.0
11329,37.328815,1.0,0.01,1.0,,,1.0
11330,71.00416,1.0,0.0040816325,1.0,,,1.0
11331,24.392586,1.0,0.003508772,1.0,,,1.0
11332,57.919827,1.0,0.012048192,1.0,,,1.0
11333,117.691864,1.0,0.0073260074,1.0,,,1.0
11334,108.342125,1.0,0.008163265,1.0,,,1.0
11335,35.344078,1.0,0.0035650623,1.0,,,1.0
11336,27.49867,1.0,0.009090909,1.0,,,1.0
11337,46.331043,1.0,0.0064102565,1.0,,,1.0
11338,14.321273,1.0,0.005235602,1.0,,,1.0
11339,55.507927,1.0,0.008583691,1.0,,,1.0
11340,9.062673,1.0,0.0,1.0,,,1.0
11341,58.379635,1.0,0.0049751243,1.0,,,1.0
11342,40.323025,1.0,0.0065146578,1.0,,,1.0
11343,17.474966,1.0,0.00990099,1.0,,,1.0
11344,66.737206,1.0,0.003058104,1.0,,,1.0
11345,71.00598,1.0,0.00591716,1.0,,,1.0
11346,31.680492,1.0,0.0024271845,1.0,,,1.0
11347,14.0799675,1.0,0.0,1.0,,,1.0
11348,34.016506,1.0,0.008333334,1.0,,,1.0
11349,35.716675,1.0,0.0,1.0,,,1.0
11350,64.774826,1.0,0.005830904,1.0,,,1.0
11351,90.652725,1.0,0.011428571,1.0,,,1.0
11352,25.222961,1.0,0.0,1.0,,,1.0
11353,55.412785,1.0,0.008658009,1.0,,,1.0
11354,18.277313,1.0,0.0033003301,1.0,,,1.0
11355,7.478462,1.0,0.016949153,1.0,,,1.0
11356,51.71784,1.0,0.008298756,1.0,,,1.0
11357,21.701551,1.0,0.010256411,1.0,,,1.0
11358,16.389977,1.0,0.0,1.0,,,1.0
11359,42.433804,1.0,0.010309278,1.0,,,1.0
11360,26.255686,1.0,0.0054945056,1.0,,,1.0
11361,55.378963,1.0,0.007633588,1.0,,,1.0
11362,23.518833,1.0,0.0024213076,1.0,,,1.0
11363,88.42269,1.0,0.011764706,1.0,,,1.0
11364,66.481125,1.0,0.0,1.0,,,1.0
11365,13.206716,1.0,0.0,1.0,,,1.0
11366,6.470946,1.0,0.16666667,1.0,,,1.0
11367,10.095781,1.0,0.0,1.0,,,1.0
11368,19.949017,1.0,0.006024096,1.0,,,1.0
11369,54.11786,1.0,0.020408163,1.0,,,1.0
11370,14.027617,1.0,0.018181818,1.0,,,1.0
11371,54.036522,1.0,0.006644518,1.0,,,1.0
11372,17.115139,1.0,0.011560693,1.0,,,1.0
11373,44.186485,1.0,0.018018018,1.0,,,1.0
11374,11.223997,1.0,0.009569378,1.0,,,1.0
11375,35.41687,1.0,0.05263158,1.0,,,1.0
11376,44.515545,1.0,0.0038610038,1.0,,,1.0
11377,39.3626,1.0,0.0,1.0,,,1.0
11378,15.433346,1.0,0.006289308,1.0,,,1.0
11379,27.538652,1.0,0.003717472,1.0,,,1.0
11380,12.251352,1.0,0.0,1.0,,,1.0
11381,12.8831215,1.0,0.008064516,1.0,,,1.0
11382,23.061047,1.0,0.011627907,1.0,,,1.0
11383,42.670406,1.0,0.006472492,1.0,,,1.0
11384,44.28051,1.0,0.0017889087,1.0,,,1.0
11385,100.72897,1.0,0.006024096,1.0,,,1.0
11386,36.253323,1.0,0.011560693,1.0,,,1.0
11387,33.345943,1.0,0.0071174377,1.0,,,1.0
11388,53.86719,1.0,0.0,1.0,,,1.0
11389,18.596783,1.0,0.018518519,1.0,,,1.0
11390,37.1636,1.0,0.014492754,1.0,,,1.0
11391,114.3943,1.0,0.0037313432,1.0,,,1.0
11392,84.51457,1.0,0.0043290043,1.0,,,1.0
11393,25.499916,1.0,0.009433962,1.0,,,1.0
11394,57.788727,1.0,0.0066006603,1.0,,,1.0
11395,14.148852,1.0,0.041666668,1.0,,,1.0
11396,28.492748,1.0,0.006993007,1.0,,,1.0
11397,10.999085,1.0,0.022727273,1.0,,,1.0
11398,15.527179,1.0,0.004219409,1.0,,,1.0
11399,40.589947,1.0,0.0040650405,1.0,,,1.0
11400,12.245751,1.0,0.0,1.0,,,1.0
11401,27.965487,1.0,0.022222223,1.0,,,1.0
11402,55.130615,1.0,0.007751938,1.0,,,1.0
11403,56.25854,1.0,0.004901961,1.0,,,1.0
11404,9.636495,1.0,0.0,1.0,,,1.0
11405,105.86188,1.0,0.005524862,1.0,,,1.0
11406,37.220436,1.0,0.0031545742,1.0,,,1.0
11407,50.466843,1.0,0.011235955,1.0,,,1.0
11408,66.482666,1.0,0.003816794,1.0,,,1.0
11409,78.61112,1.0,0.03125,1.0,,,1.0
11410,17.654335,1.0,0.0051282053,1.0,,,1.0
11411,5.6119313,1.0,0.0,1.0,,,1.0
11412,26.727594,1.0,0.0,1.0,,,1.0
11413,58.84954,1.0,0.0067114094,1.0,,,1.0
11414,10.205944,1.0,0.0,1.0,,,1.0
11415,32.14655,1.0,0.006060606,1.0,,,1.0
11416,50.154434,1.0,0.0034542314,1.0,,,1.0
11417,15.433346,1.0,0.0,1.0,,,1.0
11418,23.876856,1.0,0.0,1.0,,,1.0
11419,7.197435,1.0,0.0,1.0,,,1.0
11420,63.311985,1.0,0.0056818184,1.0,,,1.0
11421,89.88506,1.0,0.0046296297,1.0,,,1.0
11422,73.42956,1.0,0.0024875621,1.0,,,1.0
11423,35.1499,1.0,0.008333334,1.0,,,1.0
11424,31.536985,1.0,0.01923077,1.0,,,1.0
11425,12.85309,1.0,0.0074626864,1.0,,,1.0
11426,42.433804,1.0,0.013157895,1.0,,,1.0
11427,24.709831,1.0,0.015625,1.0,,,1.0
11428,10.18563,1.0,0.0,1.0,,,1.0
11429,81.40033,1.0,0.014492754,1.0,,,1.0
11430,90.34002,1.0,0.0031055901,1.0,,,1.0
11431,52.333042,1.0,0.004454343,1.0,,,1.0
11432,10.343806,1.0,0.0,1.0,,,1.0
11433,57.919827,1.0,0.011627907,1.0,,,1.0
11434,18.752657,1.0,0.0,1.0,,,1.0
11435,51.034954,1.0,0.0065789474,1.0,,,1.0
11436,12.365178,1.0,0.033898305,1.0,,,1.0
11437,67.19436,1.0,0.0,1.0,,,1.0
11438,18.959095,1.0,0.0,1.0,,,1.0
11439,38.57827,1.0,0.008583691,1.0,,,1.0
11440,12.123571,1.0,0.003690037,1.0,,,1.0
11441,56.02844,1.0,0.0,1.0,,,1.0
11442,42.57018,1.0,0.016129032,1.0,,,1.0
11443,26.583462,1.0,0.018181818,1.0,,,1.0
11444,24.535927,1.0,0.004854369,1.0,,,1.0
11445,63.4572,1.0,0.011627907,1.0,,,1.0
11446,40.60519,1.0,0.03846154,1.0,,,1.0
11447,63.242172,1.0,0.0,1.0,,,1.0
11448,18.360037,1.0,0.048780486,1.0,,,1.0
11449,12.379076,1.0,0.0,1.0,,,1.0
11450,16.948988,1.0,0.009259259,1.0,,,1.0
11451,14.390658,1.0,0.0054347827,1.0,,,1.0
11452,31.961271,1.0,0.0,1.0,,,1.0
11453,14.325013,1.0,0.008810572,1.0,,,1.0
11454,44.186485,1.0,0.03076923,1.0,,,1.0
11455,8.580901,1.0,0.012345679,1.0,,,1.0
11456,32.74942,1.0,0.0065789474,1.0,,,1.0
11457,29.943281,1.0,0.0049751243,1.0,,,1.0
11458,7.0382304,1.0,0.0,1.0,,,1.0
11459,19.368326,1.0,0.0,1.0,,,1.0
11460,59.60921,1.0,0.006042296,1.0,,,1.0
11461,15.174429,1.0,0.011111111,1.0,,,1.0
11462,75.32171,1.0,0.0,1.0,,,1.0
11463,43.934277,1.0,0.0,1.0,,,1.0
11464,15.413407,1.0,0.0,1.0,,,1.0
11465,8.720837,1.0,0.0,1.0,,,1.0
11466,23.667639,1.0,0.01183432,1.0,,,1.0
11467,13.09547,1.0,0.005586592,1.0,,,1.0
11468,22.33582,1.0,0.0,1.0,,,1.0
11469,22.303013,1.0,0.0057803467,1.0,,,1.0
11470,14.928706,1.0,0.0,1.0,,,1.0
11471,5.0320683,1.0,0.0,1.0,,,1.0
11472,10.614885,1.0,0.0,1.0,,,1.0
11473,28.118639,1.0,0.007518797,1.0,,,1.0
11474,38.615376,1.0,0.0121951215,1.0,,,1.0
11475,47.086132,1.0,0.003773585,1.0,,,1.0
11476,11.133518,1.0,0.012658228,1.0,,,1.0
11477,20.178383,1.0,0.0060975607,1.0,,,1.0
11478,56.027534,1.0,0.009302326,1.0,,,1.0
11479,19.816198,1.0,0.0,1.0,,,1.0
11480,50.058445,1.0,0.0053619305,1.0,,,1.0
11481,53.408028,1.0,0.016129032,1.0,,,1.0
11482,26.67058,1.0,0.0062305294,1.0,,,1.0
11483,26.529806,1.0,0.0,1.0,,,1.0
11484,43.303555,1.0,0.013888889,1.0,,,1.0
11485,21.894783,1.0,0.0,1.0,,,1.0
11486,15.125537,1.0,0.015625,1.0,,,1.0
11487,71.00416,1.0,0.008196721,1.0,,,1.0
11488,19.009827,1.0,0.0,1.0,,,1.0
11489,20.71445,1.0,0.0032258064,1.0,,,1.0
11490,5.4758754,1.0,0.032258064,1.0,,,1.0
11491,20.197895,1.0,0.0,1.0,,,1.0
11492,32.081238,1.0,0.008196721,1.0,,,1.0
11493,104.55939,1.0,0.0034364262,1.0,,,1.0
11494,2.8941739,1.0,0.0,1.0,,,1.0
11495,58.253475,1.0,0.018348623,1.0,,,1.0
11496,23.065699,1.0,0.0022675737,1.0,,,1.0
11497,59.60921,1.0,0.0025188916,1.0,,,1.0
11498,11.034533,1.0,0.0,1.0,,,1.0
11499,15.951155,1.0,0.00990099,1.0,,,1.0
11500,66.375374,1.0,0.0056497175,1.0,,,1.0
11501,78.47665,1.0,0.00625,1.0,,,1.0
11502,21.62871,1.0,0.0,1.0,,,1.0
11503,20.499357,1.0,0.010869565,1.0,,,1.0
11504,3.4837072,1.0,0.013513514,1.0,,,1.0
11505,7.7346845,1.0,0.0027247956,1.0,,,1.0
11506,16.85263,1.0,0.0,1.0,,,1.0
11507,25.552898,1.0,0.0,1.0,,,1.0
11508,11.652177,1.0,0.0,1.0,,,1.0
11509,29.519646,1.0,0.012345679,1.0,,,1.0
11510,66.482666,1.0,0.004201681,1.0,,,1.0
11511,6.48137,1.0,0.0,1.0,,,1.0
11512,19.737991,1.0,0.0,1.0,,,1.0
11513,21.946566,1.0,0.0,1.0,,,1.0
11514,32.96143,1.0,0.0,1.0,,,1.0
11515,49.257343,1.0,0.013605442,1.0,,,1.0
11516,108.2672,1.0,0.008196721,1.0,,,1.0
11517,12.332853,1.0,0.0,1.0,,,1.0
11518,7.1484823,1.0,0.0,1.0,,,1.0
11519,43.869236,1.0,0.005509642,1.0,,,1.0
11520,44.54079,1.0,0.009852217,1.0,,,1.0
11521,28.372871,1.0,0.013157895,1.0,,,1.0
11522,19.708214,1.0,0.0,1.0,,,1.0
11523,16.451107,1.0,0.0,1.0,,,1.0
11524,53.86719,1.0,0.0049751243,1.0,,,1.0
11525,78.72688,1.0,0.003215434,1.0,,,1.0
11526,99.57553,1.0,0.0023310024,1.0,,,1.0
11527,20.054337,1.0,0.0049751243,1.0,,,1.0
11528,45.026672,1.0,0.0,1.0,,,1.0
11529,8.013602,1.0,0.0033333334,1.0,,,1.0
11530,69.42076,1.0,0.007633588,1.0,,,1.0
11531,26.488857,1.0,0.00952381,1.0,,,1.0
11532,14.9282875,1.0,0.012658228,1.0,,,1.0
11533,125.9227,1.0,0.0062305294,1.0,,,1.0
11534,11.334061,1.0,0.0,1.0,,,1.0
11535,8.76011,1.0,0.040816326,1.0,,,1.0
11536,21.05285,1.0,0.03508772,1.0,,,1.0
11537,5.326541,1.0,0.0,1.0,,,1.0
11538,6.159224,1.0,0.0017271157,1.0,,,1.0
11539,77.30586,1.0,0.009345794,1.0,,,1.0
11540,18.47512,1.0,0.00877193,1.0,,,1.0
11541,23.243708,1.0,0.030303031,1.0,,,1.0
11542,11.3889,1.0,0.0,1.0,,,1.0
11543,122.81057,1.0,0.0060975607,1.0,,,1.0
11544,39.850513,1.0,0.011363637,1.0,,,1.0
11545,3.7588234,1.0,0.016393442,1.0,,,1.0
11546,60.52878,1.0,0.00591716,1.0,,,1.0
11547,20.600653,1.0,0.005221932,1.0,,,1.0
11548,40.885918,1.0,0.015873017,1.0,,,1.0
11549,62.79761,1.0,0.0051020407,1.0,,,1.0
11550,67.00446,1.0,0.010416667,1.0,,,1.0
11551,11.985561,1.0,0.0,1.0,,,1.0
11552,12.428357,1.0,0.0,1.0,,,1.0
11553,73.28472,1.0,0.0,1.0,,,1.0
11554,45.31392,1.0,0.007490637,1.0,,,1.0
11555,3.9608371,1.0,0.010204081,1.0,,,1.0
11556,33.47607,1.0,0.007936508,1.0,,,1.0
11557,20.063238,1.0,0.0064935065,1.0,,,1.0
11558,11.344694,1.0,0.02,1.0,,,1.0
11559,34.45421,1.0,0.0,1.0,,,1.0
11560,27.894566,1.0,0.010989011,1.0,,,1.0
11561,11.701681,1.0,0.016949153,1.0,,,1.0
11562,117.691864,1.0,0.0039525693,1.0,,,1.0
11563,19.640196,1.0,0.0042918455,1.0,,,1.0
11564,15.164101,1.0,0.016666668,1.0,,,1.0
11565,7.014473,1.0,0.0,1.0,,,1.0
11566,50.20674,1.0,0.0,1.0,,,1.0
11567,84.432465,1.0,0.0043763677,1.0,,,1.0
11568,33.09114,1.0,0.0028169013,1.0,,,1.0
11569,9.840055,1.0,0.0,1.0,,,1.0
11570,31.062263,1.0,0.0,1.0,,,1.0
11571,1.4741176,1.0,0.0,1.0,,,1.0
11572,13.947633,1.0,0.023255814,1.0,,,1.0
11573,3.7673855,1.0,0.003984064,1.0,,,1.0
11574,41.998512,1.0,0.030303031,1.0,,,1.0
11575,1.8258877,1.0,0.0,1.0,,,1.0
11576,62.3884,1.0,0.008097166,1.0,,,1.0
11577,4.3992844,1.0,0.0034482758,1.0,,,1.0
11578,27.949636,1.0,0.004149378,1.0,,,1.0
11579,5.590235,1.0,0.005524862,1.0,,,1.0
11580,59.713825,1.0,0.01980198,1.0,,,1.0
11581,20.709585,1.0,0.0,1.0,,,1.0
11582,14.956273,1.0,0.00952381,1.0,,,1.0
11583,20.914593,1.0,0.0,1.0,,,1.0
11584,31.188452,1.0,0.008333334,1.0,,,1.0
11585,50.24949,1.0,0.006535948,1.0,,,1.0
11586,38.853474,1.0,0.0068965517,1.0,,,1.0
11587,14.757095,1.0,0.005586592,1.0,,,1.0
11588,12.544998,1.0,0.0,1.0,,,1.0
11589,57.152203,1.0,0.0,1.0,,,1.0
11590,66.76958,1.0,0.0030487804,1.0,,,1.0
11591,18.344189,1.0,0.0,1.0,,,1.0
11592,50.894245,1.0,0.008264462,1.0,,,1.0
11593,29.632627,1.0,0.0121951215,1.0,,,1.0
11594,136.64789,1.0,0.008810572,1.0,,,1.0
11595,19.827127,1.0,0.0,1.0,,,1.0
11596,37.984512,1.0,0.0021598272,1.0,,,1.0
11597,68.1871,1.0,0.005263158,1.0,,,1.0
11598,57.555965,1.0,0.00862069,1.0,,,1.0
11599,5.47959,1.0,0.0,1.0,,,1.0
11600,57.07793,1.0,0.005934718,1.0,,,1.0
11601,12.294084,1.0,0.0,1.0,,,1.0
11602,63.242172,1.0,0.0038022813,1.0,,,1.0
11603,7.7523365,1.0,0.0,1.0,,,1.0
11604,21.469715,1.0,0.0066225166,1.0,,,1.0
11605,43.38592,1.0,0.0,1.0,,,1.0
11606,62.8094,1.0,0.009090909,1.0,,,1.0
11607,40.0332,1.0,0.00952381,1.0,,,1.0
11608,49.648373,1.0,0.008510638,1.0,,,1.0
11609,24.583586,1.0,0.0,1.0,,,1.0
11610,55.776337,1.0,0.004716981,1.0,,,1.0
11611,32.351654,1.0,0.012820513,1.0,,,1.0
11612,32.872955,1.0,0.001934236,1.0,,,1.0
11613,40.818283,1.0,0.0,1.0,,,1.0
11614,33.302765,1.0,0.0025839794,1.0,,,1.0
11615,48.70965,1.0,0.0039525693,1.0,,,1.0
11616,31.240927,1.0,0.00625,1.0,,,1.0
11617,40.84468,1.0,0.016129032,1.0,,,1.0
11618,17.619654,1.0,0.03125,1.0,,,1.0
11619,14.711373,1.0,0.010638298,1.0,,,1.0
11620,98.70822,1.0,0.011494253,1.0,,,1.0
11621,55.875946,1.0,0.008928572,1.0,,,1.0
11622,115.54238,1.0,0.0054644807,1.0,,,1.0
11623,17.62148,1.0,0.0,1.0,,,1.0
11624,13.880503,1.0,0.0074074073,1.0,,,1.0
11625,23.532372,1.0,0.006042296,1.0,,,1.0
11626,33.583973,1.0,0.007633588,1.0,,,1.0
11627,9.895033,1.0,0.0056179776,1.0,,,1.0
11628,40.680386,1.0,0.008928572,1.0,,,1.0
11629,57.10216,1.0,0.0,1.0,,,1.0
11630,54.494526,1.0,0.009345794,1.0,,,1.0
11631,12.279322,1.0,0.006756757,1.0,,,1.0
11632,79.59619,1.0,0.0,1.0,,,1.0
11633,1.167916,1.0,0.0,1.0,,,1.0
11634,2.90636,1.0,0.0,1.0,,,1.0
11635,47.555378,1.0,0.01459854,1.0,,,1.0
11636,46.33236,1.0,0.018018018,1.0,,,1.0
11637,46.661373,1.0,0.0046948357,1.0,,,1.0
11638,69.43896,1.0,0.010050251,1.0,,,1.0
11639,29.806673,1.0,0.003076923,1.0,,,1.0
11640,3.9823058,1.0,0.020408163,1.0,,,1.0
11641,23.33733,1.0,0.004484305,1.0,,,1.0
11642,21.056232,1.0,0.006968641,1.0,,,1.0
11643,35.81206,1.0,0.006666667,1.0,,,1.0
11644,14.283211,1.0,0.0057803467,1.0,,,1.0
11645,89.530876,1.0,0.0054347827,1.0,,,1.0
11646,33.03182,1.0,0.0,1.0,,,1.0
11647,14.11661,1.0,0.04,1.0,,,1.0
11648,26.67058,1.0,0.006289308,1.0,,,1.0
11649,45.47788,1.0,0.0,1.0,,,1.0
11650,14.747269,1.0,0.002770083,1.0,,,1.0
11651,38.322556,1.0,0.016666668,1.0,,,1.0
11652,56.591736,1.0,0.006666667,1.0,,,1.0
11653,8.003758,1.0,0.0,1.0,,,1.0
11654,9.328718,1.0,0.0,1.0,,,1.0
11655,78.47665,1.0,0.0067114094,1.0,,,1.0
11656,14.797875,1.0,0.006535948,1.0,,,1.0
11657,54.036522,1.0,0.01923077,1.0,,,1.0
11658,9.387384,1.0,0.006535948,1.0,,,1.0
11659,104.04593,1.0,0.002105263,1.0,,,1.0
11660,78.43441,1.0,0.0,1.0,,,1.0
11661,24.051332,1.0,0.0054644807,1.0,,,1.0
11662,45.776028,1.0,0.006451613,1.0,,,1.0
11663,27.118034,1.0,0.0,1.0,,,1.0
11664,7.090699,1.0,0.011494253,1.0,,,1.0
11665,17.173595,1.0,0.0,1.0,,,1.0
11666,15.274217,1.0,0.01754386,1.0,,,1.0
11667,17.415504,1.0,0.0056980057,1.0,,,1.0
11668,38.20176,1.0,0.0024213076,1.0,,,1.0
11669,26.667166,1.0,0.0,1.0,,,1.0
11670,39.791435,1.0,0.025316456,1.0,,,1.0
11671,37.525177,1.0,0.008264462,1.0,,,1.0
11672,34.04111,1.0,0.0070921984,1.0,,,1.0
11673,44.090076,1.0,0.011363637,1.0,,,1.0
11674,6.6518083,1.0,0.0,1.0,,,1.0
11675,65.50862,1.0,0.0019455253,1.0,,,1.0
11676,10.887891,1.0,0.0,1.0,,,1.0
11677,41.959114,1.0,0.0023809525,1.0,,,1.0
11678,13.681981,1.0,0.0,1.0,,,1.0
11679,47.14422,1.0,0.0028328612,1.0,,,1.0
11680,41.85843,1.0,0.007575758,1.0,,,1.0
11681,35.59902,1.0,0.0025641026,1.0,,,1.0
11682,11.718223,1.0,0.0,1.0,,,1.0
11683,18.072235,1.0,0.007194245,1.0,,,1.0
11684,11.778884,1.0,0.0,1.0,,,1.0
11685,2.5602746,1.0,0.0,1.0,,,1.0
11686,16.645771,1.0,0.0,1.0,,,1.0
11687,57.45109,1.0,0.0059701493,1.0,,,1.0
11688,14.15976,1.0,0.008333334,1.0,,,1.0
11689,21.146269,1.0,0.0070921984,1.0,,,1.0
11690,30.460304,1.0,0.0062305294,1.0,,,1.0
11691,51.027836,1.0,0.0,1.0,,,1.0
11692,64.704315,1.0,0.0,1.0,,,1.0
11693,30.30466,1.0,0.004219409,1.0,,,1.0
11694,15.733662,1.0,0.0,1.0,,,1.0
11695,23.11591,1.0,0.0,1.0,,,1.0
11696,45.026672,1.0,0.010695187,1.0,,,1.0
11697,4.6587467,1.0,0.0,1.0,,,1.0
11698,102.72474,1.0,0.005291005,1.0,,,1.0
11699,35.480804,1.0,0.008888889,1.0,,,1.0
11700,28.377846,1.0,0.0045871558,1.0,,,1.0
11701,19.535109,1.0,0.0,1.0,,,1.0
11702,64.17689,1.0,0.0059701493,1.0,,,1.0
11703,17.653147,1.0,0.0069444445,1.0,,,1.0
11704,54.94692,1.0,0.011904762,1.0,,,1.0
11705,30.687931,1.0,0.0093896715,1.0,,,1.0
11706,4.060384,1.0,0.0,1.0,,,1.0
11707,63.152676,1.0,0.015037594,1.0,,,1.0
11708,3.222713,1.0,0.0,1.0,,,1.0
11709,39.252228,1.0,0.028985508,1.0,,,1.0
11710,58.774593,1.0,0.0,1.0,,,1.0
11711,34.307804,1.0,0.0,1.0,,,1.0
11712,21.148834,1.0,0.037037037,1.0,,,1.0
11713,42.90579,1.0,0.004347826,1.0,,,1.0
11714,93.59465,1.0,0.007633588,1.0,,,1.0
11715,49.67842,1.0,0.0,1.0,,,1.0
11716,9.911291,1.0,0.0,1.0,,,1.0
11717,20.507483,1.0,0.0,1.0,,,1.0
11718,23.114315,1.0,0.0051282053,1.0,,,1.0
11719,42.433804,1.0,0.011235955,1.0,,,1.0
11720,92.05475,1.0,0.006430868,1.0,,,1.0
11721,67.00446,1.0,0.013157895,1.0,,,1.0
11722,7.899609,1.0,0.0,1.0,,,1.0
11723,18.055567,1.0,0.0,1.0,,,1.0
11724,3.9042637,1.0,0.0,1.0,,,1.0
11725,53.51324,1.0,0.011764706,1.0,,,1.0
11726,7.7732286,1.0,0.0,1.0,,,1.0
11727,106.25835,1.0,0.005899705,1.0,,,1.0
11728,41.29261,1.0,0.010989011,1.0,,,1.0
11729,45.776028,1.0,0.015748031,1.0,,,1.0
11730,36.612858,1.0,0.0,1.0,,,1.0
11731,10.447551,1.0,0.0046948357,1.0,,,1.0
11732,105.337494,1.0,0.015384615,1.0,,,1.0
11733,8.168271,1.0,0.0,1.0,,,1.0
11734,28.436258,1.0,0.0011223345,1.0,,,1.0
11735,10.230155,1.0,0.015503876,1.0,,,1.0
11736,13.37858,1.0,0.0037807184,1.0,,,1.0
11737,24.060617,1.0,0.021276595,1.0,,,1.0
11738,22.211855,1.0,0.0093896715,1.0,,,1.0
11739,28.731268,1.0,0.011363637,1.0,,,1.0
11740,15.238896,1.0,0.0,1.0,,,1.0
11741,74.48423,1.0,0.004842615,1.0,,,1.0
11742,3.8891659,1.0,0.0028011205,1.0,,,1.0
11743,23.667639,1.0,0.018348623,1.0,,,1.0
11744,82.48402,1.0,0.013333334,1.0,,,1.0
11745,24.301022,1.0,0.0058479533,1.0,,,1.0
11746,66.90731,1.0,0.0,1.0,,,1.0
11747,78.11516,1.0,0.020408163,1.0,,,1.0
11748,25.417162,1.0,0.010869565,1.0,,,1.0
11749,24.502668,1.0,0.0,1.0,,,1.0
11750,4.6989546,1.0,0.0,1.0,,,1.0
11751,34.676586,1.0,0.020833334,1.0,,,1.0
11752,18.61622,1.0,0.010869565,1.0,,,1.0
11753,61.45962,1.0,0.0,1.0,,,1.0
11754,95.84354,1.0,0.0057971017,1.0,,,1.0
11755,21.074625,1.0,0.006369427,1.0,,,1.0
11756,30.785923,1.0,0.0,1.0,,,1.0
11757,25.885262,1.0,0.0,1.0,,,1.0
11758,6.40228,1.0,0.008928572,1.0,,,1.0
11759,36.567226,1.0,0.004385965,1.0,,,1.0
11760,94.55113,1.0,0.007782101,1.0,,,1.0
11761,9.916504,1.0,0.01904762,1.0,,,1.0
11762,56.898495,1.0,0.004761905,1.0,,,1.0
11763,18.406477,1.0,0.0,1.0,,,1.0
11764,9.0142,1.0,0.025,1.0,,,1.0
11765,85.39203,1.0,0.003868472,1.0,,,1.0
11766,98.70822,1.0,0.016393442,1.0,,,1.0
11767,28.087366,1.0,0.021276595,1.0,,,1.0
11768,57.555965,1.0,0.0022988506,1.0,,,1.0
11769,14.042322,1.0,0.006993007,1.0,,,1.0
11770,4.8721623,1.0,0.0,1.0,,,1.0
11771,7.478462,1.0,0.0,1.0,,,1.0
11772,32.081238,1.0,0.00591716,1.0,,,1.0
11773,7.1564736,1.0,0.011560693,1.0,,,1.0
11774,17.995594,1.0,0.005602241,1.0,,,1.0
11775,3.2566767,1.0,0.0,1.0,,,1.0
11776,41.83559,1.0,0.012345679,1.0,,,1.0
11777,70.29139,1.0,0.0,1.0,,,1.0
11778,17.76012,1.0,0.018867925,1.0,,,1.0
11779,50.24949,1.0,0.0045871558,1.0,,,1.0
11780,28.60421,1.0,0.0,1.0,,,1.0
11781,47.21923,1.0,0.009756098,1.0,,,1.0
11782,40.258747,1.0,0.008333334,1.0,,,1.0
11783,104.55939,1.0,0.00862069,1.0,,,1.0
11784,3.4370687,1.0,0.05263158,1.0,,,1.0
11785,91.68036,1.0,0.0046620048,1.0,,,1.0
11786,21.62871,1.0,0.031746034,1.0,,,1.0
11787,57.788727,1.0,0.01010101,1.0,,,1.0
11788,16.046627,1.0,0.009009009,1.0,,,1.0
11789,4.8625884,1.0,0.01058201,1.0,,,1.0
11790,115.54238,1.0,0.007194245,1.0,,,1.0
11791,61.61508,1.0,0.012048192,1.0,,,1.0
11792,34.307804,1.0,0.006451613,1.0,,,1.0
11793,66.64688,1.0,0.0074626864,1.0,,,1.0
11794,102.72474,1.0,0.004854369,1.0,,,1.0
11795,55.875946,1.0,0.018018018,1.0,,,1.0
11796,38.303623,1.0,0.01438849,1.0,,,1.0
11797,53.83871,1.0,0.0,1.0,,,1.0
11798,32.648952,1.0,0.016666668,1.0,,,1.0
11799,33.263226,1.0,0.0014814815,1.0,,,1.0
11800,39.16318,1.0,0.0,1.0,,,1.0
11801,51.34904,1.0,0.00862069,1.0,,,1.0
11802,66.09364,1.0,0.013245033,1.0,,,1.0
11803,117.691864,1.0,0.0044247787,1.0,,,1.0
11804,36.51394,1.0,0.0,1.0,,,1.0
11805,80.376945,1.0,0.006134969,1.0,,,1.0
11806,39.306293,1.0,0.020618556,1.0,,,1.0
11807,70.53568,1.0,0.0,1.0,,,1.0
11808,4.437476,1.0,0.011363637,1.0,,,1.0
11809,44.71084,1.0,0.0076923077,1.0,,,1.0
11810,20.363823,1.0,0.005291005,1.0,,,1.0
11811,21.20057,1.0,0.0,1.0,,,1.0
11812,8.20947,1.0,0.014492754,1.0,,,1.0
11813,27.253378,1.0,0.007352941,1.0,,,1.0
11814,21.230251,1.0,0.009049774,1.0,,,1.0
11815,112.21493,1.0,0.004385965,1.0,,,1.0
11816,32.66315,1.0,0.0068965517,1.0,,,1.0
11817,18.8915,1.0,0.016393442,1.0,,,1.0
11818,104.17477,1.0,0.027777778,1.0,,,1.0
11819,5.6957884,1.0,0.0,1.0,,,1.0
11820,46.63388,1.0,0.006535948,1.0,,,1.0
11821,69.440056,1.0,0.0024937657,1.0,,,1.0
11822,26.076529,1.0,0.006849315,1.0,,,1.0
11823,29.339872,1.0,0.0,1.0,,,1.0
11824,28.04086,1.0,0.008064516,1.0,,,1.0
11825,25.177137,1.0,0.008064516,1.0,,,1.0
11826,12.9554615,1.0,0.0,1.0,,,1.0
11827,99.413185,1.0,0.004347826,1.0,,,1.0
11828,21.154346,1.0,0.0057142857,1.0,,,1.0
11829,7.9670987,1.0,0.009090909,1.0,,,1.0
11830,46.072987,1.0,0.0,1.0,,,1.0
11831,57.85457,1.0,0.0,1.0,,,1.0
11832,21.646791,1.0,0.0078125,1.0,,,1.0
11833,53.86719,1.0,0.009345794,1.0,,,1.0
11834,48.97928,1.0,0.0021881838,1.0,,,1.0
11835,8.055413,1.0,0.0066225166,1.0,,,1.0
11836,73.85746,1.0,0.02020202,1.0,,,1.0
11837,21.09312,1.0,0.006289308,1.0,,,1.0
11838,10.547261,1.0,0.0050251256,1.0,,,1.0
11839,115.54238,1.0,0.006153846,1.0,,,1.0
11840,41.2992,1.0,0.006802721,1.0,,,1.0
11841,71.64693,1.0,0.011049724,1.0,,,1.0
11842,16.684063,1.0,0.0018083183,1.0,,,1.0
11843,39.600655,1.0,0.0,1.0,,,1.0
11844,22.528948,1.0,0.0,1.0,,,1.0
11845,9.5996275,1.0,0.0,1.0,,,1.0
11846,68.1871,1.0,0.0056980057,1.0,,,1.0
11847,4.5202317,1.0,0.0,1.0,,,1.0
11848,16.994284,1.0,0.0043668123,1.0,,,1.0
11849,24.420267,1.0,0.0,1.0,,,1.0
11850,63.108883,1.0,0.007518797,1.0,,,1.0
11851,36.686306,1.0,0.020833334,1.0,,,1.0
11852,25.539497,1.0,0.0,1.0,,,1.0
11853,42.433804,1.0,0.0093896715,1.0,,,1.0
11854,59.125927,1.0,0.003690037,1.0,,,1.0
11855,8.08492,1.0,0.023809524,1.0,,,1.0
11856,7.614402,1.0,0.0,1.0,,,1.0
11857,24.43864,1.0,0.0,1.0,,,1.0
11858,33.391533,1.0,0.003968254,1.0,,,1.0
11859,38.294014,1.0,0.0,1.0,,,1.0
11860,40.982872,1.0,0.0034965035,1.0,,,1.0
11861,15.267779,1.0,0.0031152647,1.0,,,1.0
11862,23.498892,1.0,0.01724138,1.0,,,1.0
11863,24.21278,1.0,0.0,1.0,,,1.0
11864,28.174902,1.0,0.0,1.0,,,1.0
11865,30.702967,1.0,0.018518519,1.0,,,1.0
11866,19.12549,1.0,0.15384616,1.0,,,1.0
11867,20.955341,1.0,0.021276595,1.0,,,1.0
11868,21.51996,1.0,0.011627907,1.0,,,1.0
11869,16.851448,1.0,0.0,1.0,,,1.0
11870,35.344078,1.0,0.0,1.0,,,1.0
11871,84.767075,1.0,0.005830904,1.0,,,1.0
11872,51.027836,1.0,0.020618556,1.0,,,1.0
11873,36.53631,1.0,0.0,1.0,,,1.0
11874,19.68003,1.0,0.0,1.0,,,1.0
11875,8.7564745,1.0,0.00625,1.0,,,1.0
11876,18.234339,1.0,0.0,1.0,,,1.0
11877,67.00446,1.0,0.0025974025,1.0,,,1.0
11878,64.03762,1.0,0.004640371,1.0,,,1.0
11879,28.392302,1.0,0.007194245,1.0,,,1.0
11880,16.708004,1.0,0.009661836,1.0,,,1.0
11881,55.66456,1.0,0.007874016,1.0,,,1.0
11882,29.608658,1.0,0.006802721,1.0,,,1.0
11883,15.620313,1.0,0.004255319,1.0,,,1.0
11884,3.4441762,1.0,0.0,1.0,,,1.0
11885,23.464256,1.0,0.00952381,1.0,,,1.0
11886,35.480804,1.0,0.0050890585,1.0,,,1.0
11887,10.579204,1.0,0.010989011,1.0,,,1.0
11888,33.63226,1.0,0.023255814,1.0,,,1.0
11889,7.9818473,1.0,0.0,1.0,,,1.0
11890,11.133394,1.0,0.0050890585,1.0,,,1.0
11891,35.387352,1.0,0.0070921984,1.0,,,1.0
11892,21.518686,1.0,0.0,1.0,,,1.0
11893,48.833973,1.0,0.012269938,1.0,,,1.0
11894,50.028053,1.0,0.004914005,1.0,,,1.0
11895,109.534454,1.0,0.0024509805,1.0,,,1.0
11896,52.209267,1.0,0.017857144,1.0,,,1.0
11897,29.377665,1.0,0.0023640662,1.0,,,1.0
11898,19.078487,1.0,0.016393442,1.0,,,1.0
11899,70.53568,1.0,0.008547009,1.0,,,1.0
11900,22.09349,1.0,0.0088495575,1.0,,,1.0
11901,2.8396485,1.0,0.0,1.0,,,1.0
11902,25.845207,1.0,0.008658009,1.0,,,1.0
11903,21.333494,1.0,0.0,1.0,,,1.0
11904,34.045948,1.0,0.0,1.0,,,1.0
11905,44.3136,1.0,0.0,1.0,,,1.0
11906,11.931302,1.0,0.015873017,1.0,,,1.0
11907,28.283329,1.0,0.012345679,1.0,,,1.0
11908,74.18345,1.0,0.007936508,1.0,,,1.0
11909,9.631986,1.0,0.0054644807,1.0,,,1.0
11910,38.996548,1.0,0.00896861,1.0,,,1.0
11911,16.10021,1.0,0.00729927,1.0,,,1.0
11912,8.940261,1.0,0.25,1.0,,,1.0
11913,21.765255,1.0,0.005586592,1.0,,,1.0
11914,27.543184,1.0,0.0,1.0,,,1.0
11915,20.723356,1.0,0.02020202,1.0,,,1.0
11916,17.619654,1.0,0.02247191,1.0,,,1.0
11917,65.50862,1.0,0.0034482758,1.0,,,1.0
11918,36.51394,1.0,0.008130081,1.0,,,1.0
11919,32.91443,1.0,0.0,1.0,,,1.0
11920,65.211044,1.0,0.029411765,1.0,,,1.0
11921,27.538652,1.0,0.0038314175,1.0,,,1.0
11922,15.200337,1.0,0.0,1.0,,,1.0
11923,13.980244,1.0,0.005934718,1.0,,,1.0
11924,27.857033,1.0,0.018348623,1.0,,,1.0
11925,22.852303,1.0,0.009661836,1.0,,,1.0
11926,58.66309,1.0,0.0,1.0,,,1.0
11927,34.198,1.0,0.008658009,1.0,,,1.0
11928,60.76915,1.0,0.018181818,1.0,,,1.0
11929,0.8101516,1.0,0.0,1.0,,,1.0
11930,30.486965,1.0,0.014492754,1.0,,,1.0
11931,49.87287,1.0,0.008438818,1.0,,,1.0
11932,40.0332,1.0,0.006779661,1.0,,,1.0
11933,17.343945,1.0,0.010928961,1.0,,,1.0
11934,43.80185,1.0,0.0034843206,1.0,,,1.0
11935,48.76115,1.0,0.0,1.0,,,1.0
11936,23.09024,1.0,0.0,1.0,,,1.0
11937,56.75114,1.0,0.012269938,1.0,,,1.0
11938,42.121235,1.0,0.028169014,1.0,,,1.0
11939,10.811478,1.0,0.0,1.0,,,1.0
11940,15.784746,1.0,0.0,1.0,,,1.0
11941,38.14651,1.0,0.04347826,1.0,,,1.0
11942,17.221462,1.0,0.0074074073,1.0,,,1.0
11943,41.58523,1.0,0.0091743115,1.0,,,1.0
11944,30.845446,1.0,0.010869565,1.0,,,1.0
11945,40.580776,1.0,0.006756757,1.0,,,1.0
11946,66.60901,1.0,0.025974026,1.0,,,1.0
11947,37.90663,1.0,0.0,1.0,,,1.0
11948,44.06932,1.0,0.0,1.0,,,1.0
11949,35.17355,1.0,0.011904762,1.0,,,1.0
11950,10.984202,1.0,0.0,1.0,,,1.0
11951,3.1080563,1.0,0.0,1.0,,,1.0
11952,55.29369,1.0,0.014492754,1.0,,,1.0
11953,37.328815,1.0,0.012738854,1.0,,,1.0
11954,92.882454,1.0,0.0040983604,1.0,,,1.0
11955,99.893845,1.0,0.0,1.0,,,1.0
11956,32.081238,1.0,0.008264462,1.0,,,1.0
11957,17.457329,1.0,0.014925373,1.0,,,1.0
11958,8.498268,1.0,0.071428575,1.0,,,1.0
11959,44.622143,1.0,0.0,1.0,,,1.0
11960,16.298637,1.0,0.0,1.0,,,1.0
11961,40.23803,1.0,0.005988024,1.0,,,1.0
11962,26.17644,1.0,0.0065789474,1.0,,,1.0
11963,74.40428,1.0,0.009852217,1.0,,,1.0
11964,18.528646,1.0,0.0,1.0,,,1.0
11965,49.826134,1.0,0.0,1.0,,,1.0
11966,41.58523,1.0,0.027777778,1.0,,,1.0
11967,25.499916,1.0,0.0049751243,1.0,,,1.0
11968,33.874462,1.0,0.021052632,1.0,,,1.0
11969,28.688606,1.0,0.004784689,1.0,,,1.0
11970,25.522314,1.0,0.00754717,1.0,,,1.0
11971,44.832554,1.0,0.010869565,1.0,,,1.0
11972,23.952215,1.0,0.0049261083,1.0,,,1.0
11973,4.881341,1.0,0.03076923,1.0,,,1.0
11974,9.751332,1.0,0.0,1.0,,,1.0
11975,43.452435,1.0,0.010752688,1.0,,,1.0
11976,6.175145,1.0,0.0057306592,1.0,,,1.0
11977,27.984768,1.0,0.012658228,1.0,,,1.0
11978,23.532372,1.0,0.003012048,1.0,,,1.0
11979,3.1222916,1.0,0.0,1.0,,,1.0
11980,55.581814,1.0,0.009708738,1.0,,,1.0
11981,15.790777,1.0,0.0,1.0,,,1.0
11982,19.821333,1.0,0.0016207455,1.0,,,1.0
11983,22.852303,1.0,0.0045454544,1.0,,,1.0
11984,13.154562,1.0,0.023529412,1.0,,,1.0
11985,32.108692,1.0,0.0,1.0,,,1.0
11986,87.21102,1.0,0.004705882,1.0,,,1.0
11987,29.983702,1.0,0.0036764706,1.0,,,1.0
11988,15.346339,1.0,0.08695652,1.0,,,1.0
11989,78.47665,1.0,0.00990099,1.0,,,1.0
11990,55.3534,1.0,0.0057803467,1.0,,,1.0
11991,11.477918,1.0,0.0,1.0,,,1.0
11992,20.51376,1.0,0.0076045627,1.0,,,1.0
11993,29.450874,1.0,0.016260162,1.0,,,1.0
11994,14.574412,1.0,0.005524862,1.0,,,1.0
11995,35.419224,1.0,0.009708738,1.0,,,1.0
11996,96.54093,1.0,0.015384615,1.0,,,1.0
11997,79.59619,1.0,0.0,1.0,,,1.0
11998,49.443634,1.0,0.01183432,1.0,,,1.0
11999,48.53231,1.0,0.0,1.0,,,1.0
12000,15.829303,1.0,0.008733625,1.0,,,1.0
12001,30.460304,1.0,0.0065146578,1.0,,,1.0
12002,36.13689,1.0,0.007142857,1.0,,,1.0
12003,30.279005,1.0,0.0,1.0,,,1.0
12004,64.32761,1.0,0.021505376,1.0,,,1.0
12005,36.048527,1.0,0.0091743115,1.0,,,1.0
12006,26.464878,1.0,0.016129032,1.0,,,1.0
12007,64.32761,1.0,0.008474576,1.0,,,1.0
12008,74.786865,1.0,0.0072727273,1.0,,,1.0
12009,40.60519,1.0,0.0,1.0,,,1.0
12010,6.848163,1.0,0.01010101,1.0,,,1.0
12011,13.883121,1.0,0.0,1.0,,,1.0
12012,10.641207,1.0,0.0,1.0,,,1.0
12013,37.097908,1.0,0.008196721,1.0,,,1.0
12014,33.714916,1.0,0.0,1.0,,,1.0
12015,122.189514,1.0,0.007662835,1.0,,,1.0
12016,57.10216,1.0,0.012658228,1.0,,,1.0
12017,29.209387,1.0,0.0,1.0,,,1.0
12018,115.46164,1.0,0.0024038462,1.0,,,1.0
12019,22.009079,1.0,0.02247191,1.0,,,1.0
12020,114.3943,1.0,0.0070422534,1.0,,,1.0
12021,17.825897,1.0,0.0,1.0,,,1.0
12022,15.994589,1.0,0.0,1.0,,,1.0
12023,18.877625,1.0,0.0,1.0,,,1.0
12024,27.434822,1.0,0.004716981,1.0,,,1.0
12025,55.19942,1.0,0.0,1.0,,,1.0
12026,126.36123,1.0,0.00591716,1.0,,,1.0
12027,8.293679,1.0,0.02,1.0,,,1.0
12028,22.397482,1.0,0.014925373,1.0,,,1.0
12029,4.332402,1.0,0.012345679,1.0,,,1.0
12030,3.6952112,1.0,0.0,1.0,,,1.0
12031,39.306293,1.0,0.04347826,1.0,,,1.0
12032,15.433346,1.0,0.0088495575,1.0,,,1.0
12033,29.463884,1.0,0.020833334,1.0,,,1.0
12034,2.3393736,1.0,0.0,1.0,,,1.0
12035,74.239456,1.0,0.021505376,1.0,,,1.0
12036,26.072111,1.0,0.0025062656,1.0,,,1.0
12037,11.152045,1.0,0.037037037,1.0,,,1.0
12038,9.962406,1.0,0.0,1.0,,,1.0
12039,29.79571,1.0,0.006329114,1.0,,,1.0
12040,4.734074,1.0,0.0,1.0,,,1.0
12041,28.763172,1.0,0.0,1.0,,,1.0
12042,48.522827,1.0,0.008264462,1.0,,,1.0
12043,52.905174,1.0,0.015503876,1.0,,,1.0
12044,22.45595,1.0,0.008368201,1.0,,,1.0
12045,27.191925,1.0,0.0032786885,1.0,,,1.0
12046,9.982097,1.0,0.0,1.0,,,1.0
12047,26.015736,1.0,0.0,1.0,,,1.0
12048,12.136434,1.0,0.013422819,1.0,,,1.0
12049,55.412785,1.0,0.010050251,1.0,,,1.0
12050,57.09135,1.0,0.01369863,1.0,,,1.0
12051,18.12367,1.0,0.0125,1.0,,,1.0
12052,22.535187,1.0,0.0,1.0,,,1.0
12053,2.7114182,1.0,0.0,1.0,,,1.0
12054,58.774593,1.0,0.00477327,1.0,,,1.0
12055,44.389404,1.0,0.0,1.0,,,1.0
12056,64.03762,1.0,0.0066225166,1.0,,,1.0
12057,81.74867,1.0,0.0,1.0,,,1.0
12058,64.32761,1.0,0.017857144,1.0,,,1.0
12059,80.49888,1.0,0.0051020407,1.0,,,1.0
12060,27.196362,1.0,0.0,1.0,,,1.0
12061,52.333042,1.0,0.003968254,1.0,,,1.0
12062,40.35641,1.0,0.003267974,1.0,,,1.0
12063,46.129,1.0,0.0,1.0,,,1.0
12064,31.573446,1.0,0.01904762,1.0,,,1.0
12065,93.26041,1.0,0.004347826,1.0,,,1.0
12066,29.348307,1.0,0.0,1.0,,,1.0
12067,41.939907,1.0,0.009009009,1.0,,,1.0
12068,53.371506,1.0,0.0,1.0,,,1.0
12069,46.002415,1.0,0.0125,1.0,,,1.0
12070,42.433804,1.0,0.0,1.0,,,1.0
12071,81.30377,1.0,0.011428571,1.0,,,1.0
12072,17.30418,1.0,0.032258064,1.0,,,1.0
12073,9.668387,1.0,0.00862069,1.0,,,1.0
12074,16.058558,1.0,0.0055555557,1.0,,,1.0
12075,28.867565,1.0,0.007434944,1.0,,,1.0
12076,16.296488,1.0,0.0,1.0,,,1.0
12077,15.048487,1.0,0.0,1.0,,,1.0
12078,56.376305,1.0,0.003508772,1.0,,,1.0
12079,18.510439,1.0,0.0,1.0,,,1.0
12080,17.241955,1.0,0.0063897762,1.0,,,1.0
12081,23.324146,1.0,0.0,1.0,,,1.0
12082,98.70822,1.0,0.031746034,1.0,,,1.0
12083,8.817142,1.0,0.0,1.0,,,1.0
12084,20.41154,1.0,0.01369863,1.0,,,1.0
12085,23.848,1.0,0.029850746,1.0,,,1.0
12086,109.534454,1.0,0.003649635,1.0,,,1.0
12087,49.648373,1.0,0.008264462,1.0,,,1.0
12088,27.39406,1.0,0.014925373,1.0,,,1.0
12089,12.671031,1.0,0.0,1.0,,,1.0
12090,38.98467,1.0,0.012903226,1.0,,,1.0
12091,65.211044,1.0,0.012738854,1.0,,,1.0
12092,29.71264,1.0,0.014285714,1.0,,,1.0
12093,7.071314,1.0,0.0,1.0,,,1.0
12094,37.794643,1.0,0.0032786885,1.0,,,1.0
12095,71.00416,1.0,0.0065146578,1.0,,,1.0
12096,5.3695498,1.0,0.0,1.0,,,1.0
12097,19.406836,1.0,0.0,1.0,,,1.0
12098,19.986782,1.0,0.0,1.0,,,1.0
12099,59.60921,1.0,0.008097166,1.0,,,1.0
12100,13.538914,1.0,0.006430868,1.0,,,1.0
12101,33.298798,1.0,0.007782101,1.0,,,1.0
12102,14.321273,1.0,0.0055555557,1.0,,,1.0
12103,14.391499,1.0,0.0,1.0,,,1.0
12104,80.49888,1.0,0.0050251256,1.0,,,1.0
12105,10.655101,1.0,0.0,1.0,,,1.0
12106,42.447838,1.0,0.012578616,1.0,,,1.0
12107,83.36918,1.0,0.012578616,1.0,,,1.0
12108,87.21734,1.0,0.0046948357,1.0,,,1.0
12109,11.447384,1.0,0.004219409,1.0,,,1.0
12110,51.554848,1.0,0.0,1.0,,,1.0
12111,98.70822,1.0,0.01923077,1.0,,,1.0
12112,10.655101,1.0,0.00952381,1.0,,,1.0
12113,18.36836,1.0,0.0074074073,1.0,,,1.0
12114,27.253378,1.0,0.009302326,1.0,,,1.0
12115,9.896616,1.0,0.0,1.0,,,1.0
12116,26.038668,1.0,0.010204081,1.0,,,1.0
12117,37.243046,1.0,0.004484305,1.0,,,1.0
12118,7.782147,1.0,0.013071896,1.0,,,1.0
12119,81.40033,1.0,0.015873017,1.0,,,1.0
12120,27.84108,1.0,0.018867925,1.0,,,1.0
12121,48.60621,1.0,0.0,1.0,,,1.0
12122,7.653809,1.0,0.0,1.0,,,1.0
12123,43.151104,1.0,0.0,1.0,,,1.0
12124,21.278955,1.0,0.0,1.0,,,1.0
12125,26.617674,1.0,0.02020202,1.0,,,1.0
12126,56.286175,1.0,0.0049261083,1.0,,,1.0
12127,19.919256,1.0,0.0070422534,1.0,,,1.0
12128,17.240332,1.0,0.0032051282,1.0,,,1.0
12129,31.530716,1.0,0.0062111802,1.0,,,1.0
12130,25.040873,1.0,0.008333334,1.0,,,1.0
12131,13.199777,1.0,0.0,1.0,,,1.0
12132,21.188324,1.0,0.0,1.0,,,1.0
12133,31.174076,1.0,0.007067138,1.0,,,1.0
12134,50.27301,1.0,0.0062695923,1.0,,,1.0
12135,17.553268,1.0,0.0,1.0,,,1.0
12136,76.26888,1.0,0.006993007,1.0,,,1.0
12137,8.443062,1.0,0.0,1.0,,,1.0
12138,42.09108,1.0,0.014925373,1.0,,,1.0
12139,69.440056,1.0,0.006535948,1.0,,,1.0
12140,41.30865,1.0,0.0059701493,1.0,,,1.0
12141,27.39406,1.0,0.033898305,1.0,,,1.0
12142,5.6850047,1.0,0.0,1.0,,,1.0
12143,39.600655,1.0,0.0,1.0,,,1.0
12144,20.148455,1.0,0.0,1.0,,,1.0
12145,64.768616,1.0,0.008196721,1.0,,,1.0
12146,65.455315,1.0,0.0038910506,1.0,,,1.0
12147,18.166733,1.0,0.0,1.0,,,1.0
12148,61.175056,1.0,0.0,1.0,,,1.0
12149,51.705837,1.0,0.0024813896,1.0,,,1.0
12150,9.230011,1.0,0.0,1.0,,,1.0
12151,64.03762,1.0,0.00477327,1.0,,,1.0
12152,50.20674,1.0,0.007936508,1.0,,,1.0
12153,25.465218,1.0,0.0,1.0,,,1.0
12154,20.523155,1.0,0.003533569,1.0,,,1.0
12155,63.247498,1.0,0.001980198,1.0,,,1.0
12156,16.10021,1.0,0.013986014,1.0,,,1.0
12157,37.615612,1.0,0.003717472,1.0,,,1.0
12158,24.02205,1.0,0.0121951215,1.0,,,1.0
12159,55.378963,1.0,0.0,1.0,,,1.0
12160,30.232908,1.0,0.004237288,1.0,,,1.0
12161,12.443987,1.0,0.0028169013,1.0,,,1.0
12162,29.022688,1.0,0.0,1.0,,,1.0
12163,26.617674,1.0,0.015625,1.0,,,1.0
12164,20.499357,1.0,0.011494253,1.0,,,1.0
12165,68.1871,1.0,0.0050251256,1.0,,,1.0
12166,24.395403,1.0,0.0,1.0,,,1.0
12167,30.739561,1.0,0.008130081,1.0,,,1.0
12168,11.932362,1.0,0.0116959065,1.0,,,1.0
12169,22.211855,1.0,0.005076142,1.0,,,1.0
12170,9.597986,1.0,0.022727273,1.0,,,1.0
12171,60.46111,1.0,0.007067138,1.0,,,1.0
12172,20.754004,1.0,0.04255319,1.0,,,1.0
12173,23.464256,1.0,0.011363637,1.0,,,1.0
12174,10.584727,1.0,0.0038610038,1.0,,,1.0
12175,41.83559,1.0,0.014705882,1.0,,,1.0
12176,18.477924,1.0,0.0,1.0,,,1.0
12177,22.170992,1.0,0.04255319,1.0,,,1.0
12178,19.169273,1.0,0.027027028,1.0,,,1.0
12179,30.649261,1.0,0.01980198,1.0,,,1.0
12180,25.100183,1.0,0.0,1.0,,,1.0
12181,20.51376,1.0,0.03076923,1.0,,,1.0
12182,15.526079,1.0,0.015625,1.0,,,1.0
12183,25.539497,1.0,0.0045045046,1.0,,,1.0
12184,42.57018,1.0,0.014084507,1.0,,,1.0
12185,25.68361,1.0,0.0,1.0,,,1.0
12186,16.059586,1.0,0.005235602,1.0,,,1.0
12187,31.183592,1.0,0.009345794,1.0,,,1.0
12188,3.932622,1.0,0.0,1.0,,,1.0
12189,29.222048,1.0,0.0026954177,1.0,,,1.0
12190,14.026406,1.0,0.02,1.0,,,1.0
12191,52.905174,1.0,0.028571429,1.0,,,1.0
12192,29.502232,1.0,0.004016064,1.0,,,1.0
12193,56.421745,1.0,0.030303031,1.0,,,1.0
12194,23.004402,1.0,0.007874016,1.0,,,1.0
12195,7.782439,1.0,0.0,1.0,,,1.0
12196,44.976383,1.0,0.0,1.0,,,1.0
12197,22.42248,1.0,0.006134969,1.0,,,1.0
12198,11.383379,1.0,0.0,1.0,,,1.0
12199,39.18393,1.0,0.0,1.0,,,1.0
12200,51.757824,1.0,0.004784689,1.0,,,1.0
12201,23.054749,1.0,0.0043196543,1.0,,,1.0
12202,66.482666,1.0,0.005376344,1.0,,,1.0
12203,9.493837,1.0,0.0,1.0,,,1.0
12204,11.7826,1.0,0.005235602,1.0,,,1.0
12205,67.567406,1.0,0.0125,1.0,,,1.0
12206,81.59623,1.0,0.006666667,1.0,,,1.0
12207,32.920433,1.0,0.0019646366,1.0,,,1.0
12208,22.570173,1.0,0.007246377,1.0,,,1.0
12209,29.514273,1.0,0.0,1.0,,,1.0
12210,73.267296,1.0,0.0037313432,1.0,,,1.0
12211,15.964975,1.0,0.008474576,1.0,,,1.0
12212,107.54991,1.0,0.011494253,1.0,,,1.0
12213,11.966978,1.0,0.0,1.0,,,1.0
12214,4.41002,1.0,0.010989011,1.0,,,1.0
12215,112.43434,1.0,0.003125,1.0,,,1.0
12216,17.570662,1.0,0.009708738,1.0,,,1.0
12217,17.3507,1.0,0.005291005,1.0,,,1.0
12218,75.51869,1.0,0.0060790274,1.0,,,1.0
12219,42.360546,1.0,0.016129032,1.0,,,1.0
12220,21.657558,1.0,0.0042918455,1.0,,,1.0
12221,23.806738,1.0,0.015873017,1.0,,,1.0
12222,17.19048,1.0,0.0,1.0,,,1.0
12223,44.19484,1.0,0.0,1.0,,,1.0
12224,5.267328,1.0,0.0,1.0,,,1.0
12225,10.541035,1.0,0.0061728396,1.0,,,1.0
12226,47.397366,1.0,0.0,1.0,,,1.0
12227,14.634155,1.0,0.0,1.0,,,1.0
12228,56.591736,1.0,0.015748031,1.0,,,1.0
12229,4.806896,1.0,0.0028490028,1.0,,,1.0
12230,17.221462,1.0,0.014184397,1.0,,,1.0
12231,59.60921,1.0,0.013157895,1.0,,,1.0
12232,6.442481,1.0,0.0,1.0,,,1.0
12233,33.31938,1.0,0.006289308,1.0,,,1.0
12234,31.527805,1.0,0.001984127,1.0,,,1.0
12235,14.157195,1.0,0.0,1.0,,,1.0
12236,34.989395,1.0,0.0054347827,1.0,,,1.0
12237,58.54401,1.0,0.0065789474,1.0,,,1.0
12238,6.8569837,1.0,0.0,1.0,,,1.0
12239,42.433804,1.0,0.0,1.0,,,1.0
12240,23.861872,1.0,0.0,1.0,,,1.0
12241,68.17176,1.0,0.0,1.0,,,1.0
12242,19.30016,1.0,0.0,1.0,,,1.0
12243,14.164524,1.0,0.005988024,1.0,,,1.0
12244,5.5126624,1.0,0.0,1.0,,,1.0
12245,8.313794,1.0,0.0064102565,1.0,,,1.0
12246,33.345943,1.0,0.006134969,1.0,,,1.0
12247,52.18484,1.0,0.005076142,1.0,,,1.0
12248,21.77913,1.0,0.007751938,1.0,,,1.0
12249,92.882454,1.0,0.007194245,1.0,,,1.0
12250,61.45962,1.0,0.006644518,1.0,,,1.0
12251,45.986446,1.0,0.018181818,1.0,,,1.0
12252,60.52878,1.0,0.004950495,1.0,,,1.0
12253,30.398623,1.0,0.0,1.0,,,1.0
12254,5.055714,1.0,0.0,1.0,,,1.0
12255,23.24706,1.0,0.009009009,1.0,,,1.0
12256,10.99269,1.0,0.0,1.0,,,1.0
12257,20.56872,1.0,0.008695652,1.0,,,1.0
12258,87.21734,1.0,0.005221932,1.0,,,1.0
12259,36.714626,1.0,0.00990099,1.0,,,1.0
12260,11.570425,1.0,0.006802721,1.0,,,1.0
12261,50.154434,1.0,0.0,1.0,,,1.0
12262,56.98617,1.0,0.0,1.0,,,1.0
12263,15.174429,1.0,0.016806724,1.0,,,1.0
12264,8.356315,1.0,0.0067114094,1.0,,,1.0
12265,36.20567,1.0,0.0068965517,1.0,,,1.0
12266,9.261479,1.0,0.011049724,1.0,,,1.0
12267,9.814813,1.0,0.0037453184,1.0,,,1.0
12268,37.0466,1.0,0.012048192,1.0,,,1.0
12269,20.618395,1.0,0.010309278,1.0,,,1.0
12270,23.524294,1.0,0.0057471264,1.0,,,1.0
12271,59.106697,1.0,0.0026954177,1.0,,,1.0
12272,11.223997,1.0,0.0,1.0,,,1.0
12273,41.939907,1.0,0.018867925,1.0,,,1.0
12274,59.784924,1.0,0.0,1.0,,,1.0
12275,88.882866,1.0,0.020408163,1.0,,,1.0
12276,30.29651,1.0,0.021978023,1.0,,,1.0
12277,15.753719,1.0,0.009049774,1.0,,,1.0
12278,24.27063,1.0,0.0026525198,1.0,,,1.0
12279,23.114315,1.0,0.013888889,1.0,,,1.0
12280,36.165085,1.0,0.0057471264,1.0,,,1.0
12281,24.29647,1.0,0.0,1.0,,,1.0
12282,12.933343,1.0,0.016949153,1.0,,,1.0
12283,44.951385,1.0,0.007168459,1.0,,,1.0
12284,16.240688,1.0,0.008298756,1.0,,,1.0
12285,27.19665,1.0,0.013888889,1.0,,,1.0
12286,10.758566,1.0,0.045454547,1.0,,,1.0
12287,22.211855,1.0,0.013888889,1.0,,,1.0
12288,31.849411,1.0,0.024390243,1.0,,,1.0
12289,43.2561,1.0,0.011235955,1.0,,,1.0
12290,13.814981,1.0,0.0,1.0,,,1.0
12291,50.556976,1.0,0.0,1.0,,,1.0
12292,22.12623,1.0,0.015873017,1.0,,,1.0
12293,34.737335,1.0,0.007194245,1.0,,,1.0
12294,3.4286137,1.0,0.0,1.0,,,1.0
12295,38.57827,1.0,0.0050251256,1.0,,,1.0
12296,23.853565,1.0,0.0077220076,1.0,,,1.0
12297,108.342125,1.0,0.004115226,1.0,,,1.0
12298,10.051788,1.0,0.009708738,1.0,,,1.0
12299,36.7388,1.0,0.006369427,1.0,,,1.0
12300,23.282707,1.0,0.0,1.0,,,1.0
12301,96.526924,1.0,0.0,1.0,,,1.0
12302,3.979411,1.0,0.0,1.0,,,1.0
12303,75.79938,1.0,0.0057142857,1.0,,,1.0
12304,18.303728,1.0,0.012903226,1.0,,,1.0
12305,67.00446,1.0,0.0,1.0,,,1.0
12306,125.9227,1.0,0.004166667,1.0,,,1.0
12307,38.589554,1.0,0.005524862,1.0,,,1.0
12308,28.087992,1.0,0.013333334,1.0,,,1.0
12309,6.9083085,1.0,0.11764706,1.0,,,1.0
12310,24.581491,1.0,0.0032786885,1.0,,,1.0
12311,20.519148,1.0,0.00729927,1.0,,,1.0
12312,48.93671,1.0,0.0047393367,1.0,,,1.0
12313,25.471416,1.0,0.0,1.0,,,1.0
12314,8.026465,1.0,0.006289308,1.0,,,1.0
12315,8.76011,1.0,0.08695652,1.0,,,1.0
12316,23.449848,1.0,0.0,1.0,,,1.0
12317,24.21777,1.0,0.0,1.0,,,1.0
12318,89.88506,1.0,0.003984064,1.0,,,1.0
12319,20.501278,1.0,0.010989011,1.0,,,1.0
12320,81.60287,1.0,0.0049875313,1.0,,,1.0
12321,22.89255,1.0,0.0061728396,1.0,,,1.0
12322,10.095781,1.0,0.021052632,1.0,,,1.0
12323,49.87287,1.0,0.0,1.0,,,1.0
12324,17.825897,1.0,0.0031847134,1.0,,,1.0
12325,17.32666,1.0,0.009803922,1.0,,,1.0
12326,7.2095466,1.0,0.0,1.0,,,1.0
12327,12.429912,1.0,0.0,1.0,,,1.0
12328,69.13106,1.0,0.0063091484,1.0,,,1.0
12329,8.9786625,1.0,0.003215434,1.0,,,1.0
12330,46.661373,1.0,0.017699115,1.0,,,1.0
12331,50.20674,1.0,0.014285714,1.0,,,1.0
12332,13.975579,1.0,0.0,1.0,,,1.0
12333,44.55214,1.0,0.009090909,1.0,,,1.0
12334,52.038982,1.0,0.007194245,1.0,,,1.0
12335,12.284378,1.0,0.0,1.0,,,1.0
12336,3.0930204,1.0,0.00729927,1.0,,,1.0
12337,25.499916,1.0,0.012658228,1.0,,,1.0
12338,50.95393,1.0,0.1,1.0,,,1.0
12339,16.183361,1.0,0.01010101,1.0,,,1.0
12340,78.47665,1.0,0.0049751243,1.0,,,1.0
12341,2.9765465,1.0,0.0,1.0,,,1.0
12342,24.001143,1.0,0.0,1.0,,,1.0
12343,11.713887,1.0,0.006134969,1.0,,,1.0
12344,49.10451,1.0,0.0,1.0,,,1.0
12345,59.14153,1.0,0.0030627872,1.0,,,1.0
12346,31.174076,1.0,0.0,1.0,,,1.0
12347,53.83871,1.0,0.0057803467,1.0,,,1.0
12348,90.34002,1.0,0.005291005,1.0,,,1.0
12349,38.046215,1.0,0.0,1.0,,,1.0
12350,48.48685,1.0,0.0,1.0,,,1.0
12351,9.888853,1.0,0.0,1.0,,,1.0
12352,31.428375,1.0,0.0074626864,1.0,,,1.0
12353,102.05991,1.0,0.004219409,1.0,,,1.0
12354,23.80188,1.0,0.010810811,1.0,,,1.0
12355,78.47665,1.0,0.0,1.0,,,1.0
12356,62.83131,1.0,0.005540166,1.0,,,1.0
12357,15.445959,1.0,0.0,1.0,,,1.0
12358,18.820232,1.0,0.004385965,1.0,,,1.0
12359,39.088284,1.0,0.0,1.0,,,1.0
12360,38.814777,1.0,0.0025974025,1.0,,,1.0
12361,17.45658,1.0,0.008264462,1.0,,,1.0
12362,137.15147,1.0,0.0063091484,1.0,,,1.0
12363,47.253952,1.0,0.0050251256,1.0,,,1.0
12364,8.773157,1.0,0.0,1.0,,,1.0
12365,24.28299,1.0,0.01754386,1.0,,,1.0
12366,20.897692,1.0,0.010989011,1.0,,,1.0
12367,18.596783,1.0,0.010050251,1.0,,,1.0
12368,47.376976,1.0,0.009661836,1.0,,,1.0
12369,51.027836,1.0,0.0064102565,1.0,,,1.0
12370,73.267296,1.0,0.014084507,1.0,,,1.0
12371,24.448858,1.0,0.005988024,1.0,,,1.0
12372,94.55113,1.0,0.0051282053,1.0,,,1.0
12373,7.7300014,1.0,0.02631579,1.0,,,1.0
12374,57.85457,1.0,0.0,1.0,,,1.0
12375,27.223204,1.0,0.01724138,1.0,,,1.0
12376,8.168271,1.0,0.003960396,1.0,,,1.0
12377,114.3943,1.0,0.009049774,1.0,,,1.0
12378,28.625896,1.0,0.0070422534,1.0,,,1.0
12379,39.496872,1.0,0.01438849,1.0,,,1.0
12380,8.531925,1.0,0.0063492064,1.0,,,1.0
12381,24.169575,1.0,0.0,1.0,,,1.0
12382,29.572716,1.0,0.0054644807,1.0,,,1.0
12383,18.811483,1.0,0.0018621974,1.0,,,1.0
12384,4.190973,1.0,0.0,1.0,,,1.0
12385,30.30466,1.0,0.0038387715,1.0,,,1.0
12386,35.402996,1.0,0.0121951215,1.0,,,1.0
12387,73.33277,1.0,0.0031948881,1.0,,,1.0
12388,54.01032,1.0,0.0038314175,1.0,,,1.0
12389,66.482666,1.0,0.006369427,1.0,,,1.0
12390,53.86719,1.0,0.004950495,1.0,,,1.0
12391,35.29845,1.0,0.009009009,1.0,,,1.0
12392,108.342125,1.0,0.00625,1.0,,,1.0
12393,19.445839,1.0,0.0,1.0,,,1.0
12394,32.081238,1.0,0.0,1.0,,,1.0
12395,18.596783,1.0,0.0065789474,1.0,,,1.0
12396,35.984142,1.0,0.0,1.0,,,1.0
12397,34.18867,1.0,0.0062111802,1.0,,,1.0
12398,89.88506,1.0,0.0043010754,1.0,,,1.0
12399,42.433804,1.0,0.0045045046,1.0,,,1.0
12400,24.051332,1.0,0.0,1.0,,,1.0
12401,17.234451,1.0,0.0,1.0,,,1.0
12402,4.7361355,1.0,0.008928572,1.0,,,1.0
12403,19.919256,1.0,0.009345794,1.0,,,1.0
12404,10.818263,1.0,0.0038314175,1.0,,,1.0
12405,2.2477005,1.0,0.007518797,1.0,,,1.0
12406,26.906616,1.0,0.010989011,1.0,,,1.0
12407,98.09675,1.0,0.005,1.0,,,1.0
12408,57.788727,1.0,0.008547009,1.0,,,1.0
12409,48.55921,1.0,0.0067114094,1.0,,,1.0
12410,37.1636,1.0,0.017699115,1.0,,,1.0
12411,14.605552,1.0,0.01724138,1.0,,,1.0
12412,17.893267,1.0,0.015873017,1.0,,,1.0
12413,10.2914295,1.0,0.006329114,1.0,,,1.0
12414,41.7781,1.0,0.011235955,1.0,,,1.0
12415,6.4075704,1.0,0.0,1.0,,,1.0
12416,44.910854,1.0,0.0056179776,1.0,,,1.0
12417,4.521789,1.0,0.004255319,1.0,,,1.0
12418,6.817031,1.0,0.003690037,1.0,,,1.0
12419,100.17136,1.0,0.009009009,1.0,,,1.0
12420,37.45774,1.0,0.010989011,1.0,,,1.0
12421,137.15147,1.0,0.0058651026,1.0,,,1.0
12422,31.006144,1.0,0.01923077,1.0,,,1.0
12423,58.016228,1.0,0.007936508,1.0,,,1.0
12424,23.530893,1.0,0.0,1.0,,,1.0
12425,38.281216,1.0,0.0,1.0,,,1.0
12426,50.85755,1.0,0.0,1.0,,,1.0
12427,98.70822,1.0,0.010526316,1.0,,,1.0
12428,14.718591,1.0,0.0065146578,1.0,,,1.0
12429,59.106697,1.0,0.011049724,1.0,,,1.0
12430,10.50067,1.0,0.0,1.0,,,1.0
12431,112.21493,1.0,0.018348623,1.0,,,1.0
12432,17.966253,1.0,0.0045351475,1.0,,,1.0
12433,26.936724,1.0,0.0,1.0,,,1.0
12434,32.76053,1.0,0.035714287,1.0,,,1.0
12435,30.486965,1.0,0.012903226,1.0,,,1.0
12436,34.372967,1.0,0.016393442,1.0,,,1.0
12437,10.018391,1.0,0.010989011,1.0,,,1.0
12438,16.046627,1.0,0.0053908355,1.0,,,1.0
12439,32.000538,1.0,0.02020202,1.0,,,1.0
12440,99.924126,1.0,0.007905139,1.0,,,1.0
12441,45.145893,1.0,0.004115226,1.0,,,1.0
12442,3.4837072,1.0,0.010526316,1.0,,,1.0
12443,2.1984253,1.0,0.0,1.0,,,1.0
12444,16.273462,1.0,0.014084507,1.0,,,1.0
12445,7.7147512,1.0,0.0,1.0,,,1.0
12446,39.373234,1.0,0.018867925,1.0,,,1.0
12447,35.733562,1.0,0.008333334,1.0,,,1.0
12448,46.561718,1.0,0.024096385,1.0,,,1.0
12449,28.216385,1.0,0.0,1.0,,,1.0
12450,16.090673,1.0,0.0,1.0,,,1.0
12451,50.798195,1.0,0.0,1.0,,,1.0
12452,56.3599,1.0,0.010869565,1.0,,,1.0
12453,58.165905,1.0,0.0069444445,1.0,,,1.0
12454,36.232063,1.0,0.008,1.0,,,1.0
12455,50.058445,1.0,0.009433962,1.0,,,1.0
12456,2.728738,1.0,0.0,1.0,,,1.0
12457,25.804468,1.0,0.0,1.0,,,1.0
12458,53.47464,1.0,0.0,1.0,,,1.0
12459,30.63922,1.0,0.0,1.0,,,1.0
12460,29.71264,1.0,0.031746034,1.0,,,1.0
12461,36.924503,1.0,0.028571429,1.0,,,1.0
12462,27.253378,1.0,0.003508772,1.0,,,1.0
12463,23.935577,1.0,0.0,1.0,,,1.0
12464,66.76958,1.0,0.008,1.0,,,1.0
12465,63.200687,1.0,0.014285714,1.0,,,1.0
12466,78.61112,1.0,0.016260162,1.0,,,1.0
12467,117.691864,1.0,0.004901961,1.0,,,1.0
12468,50.916996,1.0,0.009569378,1.0,,,1.0
12469,65.98681,1.0,0.039215688,1.0,,,1.0
12470,37.298878,1.0,0.01754386,1.0,,,1.0
12471,27.19665,1.0,0.024390243,1.0,,,1.0
12472,3.5634487,1.0,0.048780486,1.0,,,1.0
12473,73.42956,1.0,0.0063897762,1.0,,,1.0
12474,48.79064,1.0,0.0057636886,1.0,,,1.0
12475,19.968933,1.0,0.020833334,1.0,,,1.0
12476,62.188293,1.0,0.014084507,1.0,,,1.0
12477,15.416409,1.0,0.0063492064,1.0,,,1.0
12478,15.742581,1.0,0.0,1.0,,,1.0
12479,19.986782,1.0,0.006993007,1.0,,,1.0
12480,7.5131583,1.0,0.0,1.0,,,1.0
12481,42.94439,1.0,0.0053475937,1.0,,,1.0
12482,85.39203,1.0,0.001984127,1.0,,,1.0
12483,14.956273,1.0,0.010638298,1.0,,,1.0
12484,19.949017,1.0,0.02020202,1.0,,,1.0
12485,15.529417,1.0,0.012345679,1.0,,,1.0
12486,42.433804,1.0,0.007490637,1.0,,,1.0
12487,20.057001,1.0,0.011235955,1.0,,,1.0
12488,73.267296,1.0,0.0038022813,1.0,,,1.0
12489,28.069378,1.0,0.0,1.0,,,1.0
12490,35.480804,1.0,0.005524862,1.0,,,1.0
12491,10.491001,1.0,0.03448276,1.0,,,1.0
12492,17.221462,1.0,0.0072202166,1.0,,,1.0
12493,36.354992,1.0,0.0,1.0,,,1.0
12494,94.27873,1.0,0.0038314175,1.0,,,1.0
12495,21.247622,1.0,0.012048192,1.0,,,1.0
12496,64.76018,1.0,0.0067114094,1.0,,,1.0
12497,20.1346,1.0,0.01724138,1.0,,,1.0
12498,38.20176,1.0,0.008695652,1.0,,,1.0
12499,93.26041,1.0,0.0066006603,1.0,,,1.0
12500,29.1416,1.0,0.0,1.0,,,1.0
12501,5.8079348,1.0,0.0,1.0,,,1.0
12502,15.604483,1.0,0.0,1.0,,,1.0
12503,42.121235,1.0,0.004950495,1.0,,,1.0
12504,27.013739,1.0,0.00729927,1.0,,,1.0
12505,19.251577,1.0,0.0,1.0,,,1.0
12506,7.090699,1.0,0.0,1.0,,,1.0
12507,44.19484,1.0,0.0,1.0,,,1.0
12508,24.273438,1.0,0.0056338026,1.0,,,1.0
12509,32.120632,1.0,0.0,1.0,,,1.0
12510,5.798246,1.0,0.025,1.0,,,1.0
12511,7.214145,1.0,0.010526316,1.0,,,1.0
12512,30.464691,1.0,0.0067340066,1.0,,,1.0
12513,44.994015,1.0,0.007380074,1.0,,,1.0
12514,33.50255,1.0,0.011494253,1.0,,,1.0
12515,23.524294,1.0,0.0121951215,1.0,,,1.0
12516,48.762024,1.0,0.007168459,1.0,,,1.0
12517,18.40489,1.0,0.0,1.0,,,1.0
12518,60.86778,1.0,0.005076142,1.0,,,1.0
12519,20.754004,1.0,0.0,1.0,,,1.0
12520,38.85421,1.0,0.008583691,1.0,,,1.0
12521,20.440836,1.0,0.0,1.0,,,1.0
12522,27.44689,1.0,0.001984127,1.0,,,1.0
12523,3.843586,1.0,0.0,1.0,,,1.0
12524,49.029556,1.0,0.008547009,1.0,,,1.0
12525,16.228683,1.0,0.0,1.0,,,1.0
12526,34.979244,1.0,0.0,1.0,,,1.0
12527,30.055859,1.0,0.0,1.0,,,1.0
12528,45.008057,1.0,0.0056818184,1.0,,,1.0
12529,8.293679,1.0,0.0053908355,1.0,,,1.0
12530,31.98157,1.0,0.0,1.0,,,1.0
12531,23.36335,1.0,0.005050505,1.0,,,1.0
12532,1.9555577,1.0,0.0,1.0,,,1.0
12533,25.729042,1.0,0.0121951215,1.0,,,1.0
12534,36.605022,1.0,0.013888889,1.0,,,1.0
12535,99.924126,1.0,0.005524862,1.0,,,1.0
12536,16.236944,1.0,0.0,1.0,,,1.0
12537,8.7669525,1.0,0.0,1.0,,,1.0
12538,8.168271,1.0,0.003944773,1.0,,,1.0
12539,47.81233,1.0,0.004524887,1.0,,,1.0
12540,23.685537,1.0,0.0,1.0,,,1.0
12541,75.32171,1.0,0.0,1.0,,,1.0
12542,44.43631,1.0,0.015873017,1.0,,,1.0
12543,29.478361,1.0,0.005586592,1.0,,,1.0
12544,16.371914,1.0,0.0,1.0,,,1.0
12545,50.556976,1.0,0.0,1.0,,,1.0
12546,22.211855,1.0,0.009615385,1.0,,,1.0
12547,15.862417,1.0,0.008264462,1.0,,,1.0
12548,15.8151865,1.0,0.024096385,1.0,,,1.0
12549,3.4189425,1.0,0.020408163,1.0,,,1.0
12550,98.70822,1.0,0.025641026,1.0,,,1.0
12551,83.855774,1.0,0.006993007,1.0,,,1.0
12552,9.686322,1.0,0.0,1.0,,,1.0
12553,38.545357,1.0,0.004385965,1.0,,,1.0
12554,7.2485666,1.0,0.00862069,1.0,,,1.0
12555,8.310154,1.0,0.03448276,1.0,,,1.0
12556,37.523308,1.0,0.012658228,1.0,,,1.0
12557,19.32307,1.0,0.003236246,1.0,,,1.0
12558,16.146418,1.0,0.009661836,1.0,,,1.0
12559,47.21923,1.0,0.003968254,1.0,,,1.0
12560,51.345287,1.0,0.015267176,1.0,,,1.0
12561,23.168713,1.0,0.00896861,1.0,,,1.0
12562,20.670258,1.0,0.015037594,1.0,,,1.0
12563,6.0265417,1.0,0.0,1.0,,,1.0
12564,43.21256,1.0,0.005540166,1.0,,,1.0
12565,25.39498,1.0,0.020833334,1.0,,,1.0
12566,24.540627,1.0,0.0,1.0,,,1.0
12567,54.494526,1.0,0.0076923077,1.0,,,1.0
12568,33.66225,1.0,0.011904762,1.0,,,1.0
12569,51.743202,1.0,0.004878049,1.0,,,1.0
12570,3.7037048,1.0,0.0,1.0,,,1.0
12571,4.422687,1.0,0.0,1.0,,,1.0
12572,15.523811,1.0,0.007968128,1.0,,,1.0
12573,26.72067,1.0,0.022727273,1.0,,,1.0
12574,73.267296,1.0,0.003125,1.0,,,1.0
12575,46.634182,1.0,0.012345679,1.0,,,1.0
12576,56.29079,1.0,0.0056179776,1.0,,,1.0
12577,56.425014,1.0,0.014492754,1.0,,,1.0
12578,19.46565,1.0,0.0,1.0,,,1.0
12579,11.95074,1.0,0.0066006603,1.0,,,1.0
12580,42.57018,1.0,0.008438818,1.0,,,1.0
12581,47.160202,1.0,0.0,1.0,,,1.0
12582,55.27203,1.0,0.0124223605,1.0,,,1.0
12583,50.623646,1.0,0.020618556,1.0,,,1.0
12584,8.539284,1.0,0.0,1.0,,,1.0
12585,50.20582,1.0,0.004405286,1.0,,,1.0
12586,30.30466,1.0,0.0,1.0,,,1.0
12587,87.21734,1.0,0.007968128,1.0,,,1.0
12588,27.156532,1.0,0.016,1.0,,,1.0
12589,46.23836,1.0,0.0027247956,1.0,,,1.0
12590,23.85702,1.0,0.0065789474,1.0,,,1.0
12591,37.724464,1.0,0.014925373,1.0,,,1.0
12592,63.178307,1.0,0.007751938,1.0,,,1.0
12593,9.445115,1.0,0.014285714,1.0,,,1.0
12594,6.2828627,1.0,0.0028011205,1.0,,,1.0
12595,12.5799,1.0,0.0,1.0,,,1.0
12596,26.2235,1.0,0.0,1.0,,,1.0
12597,58.15496,1.0,0.0,1.0,,,1.0
12598,50.154434,1.0,0.00456621,1.0,,,1.0
12599,15.366693,1.0,0.037037037,1.0,,,1.0
12600,13.066461,1.0,0.014705882,1.0,,,1.0
12601,33.008106,1.0,0.020833334,1.0,,,1.0
12602,0.95698225,1.0,0.0,1.0,,,1.0
12603,35.694427,1.0,0.0,1.0,,,1.0
12604,46.33236,1.0,0.036363635,1.0,,,1.0
12605,11.224703,1.0,0.0,1.0,,,1.0
12606,55.052856,1.0,0.012987013,1.0,,,1.0
12607,85.54174,1.0,0.0,1.0,,,1.0
12608,29.325878,1.0,0.0,1.0,,,1.0
12609,29.71264,1.0,0.01724138,1.0,,,1.0
12610,15.445959,1.0,0.01,1.0,,,1.0
12611,2.7653644,1.0,0.0,1.0,,,1.0
12612,76.26888,1.0,0.012820513,1.0,,,1.0
12613,10.1139145,1.0,0.0,1.0,,,1.0
12614,13.4758215,1.0,0.0,1.0,,,1.0
12615,49.071426,1.0,0.0056338026,1.0,,,1.0
12616,11.133394,1.0,0.0,1.0,,,1.0
12617,94.0619,1.0,0.005882353,1.0,,,1.0
12618,6.856513,1.0,0.0,1.0,,,1.0
12619,15.670576,1.0,0.003164557,1.0,,,1.0
12620,41.410217,1.0,0.004950495,1.0,,,1.0
12621,13.444399,1.0,0.0,1.0,,,1.0
12622,23.282707,1.0,0.0053619305,1.0,,,1.0
12623,15.604483,1.0,0.0,1.0,,,1.0
12624,32.854454,1.0,0.0,1.0,,,1.0
12625,19.930353,1.0,0.010526316,1.0,,,1.0
12626,23.16228,1.0,0.0076923077,1.0,,,1.0
12627,39.15433,1.0,0.011111111,1.0,,,1.0
12628,59.89517,1.0,0.006993007,1.0,,,1.0
12629,80.45577,1.0,0.0033003301,1.0,,,1.0
12630,48.833973,1.0,0.009756098,1.0,,,1.0
12631,19.418272,1.0,0.012345679,1.0,,,1.0
12632,50.20582,1.0,0.0064935065,1.0,,,1.0
12633,19.205982,1.0,0.028571429,1.0,,,1.0
12634,89.88506,1.0,0.0045351475,1.0,,,1.0
12635,1.399943,1.0,0.008264462,1.0,,,1.0
12636,37.81253,1.0,0.0038610038,1.0,,,1.0
12637,16.058558,1.0,0.02631579,1.0,,,1.0
12638,46.461452,1.0,0.011494253,1.0,,,1.0
12639,85.98801,1.0,0.0042643924,1.0,,,1.0
12640,14.191603,1.0,0.0,1.0,,,1.0
12641,6.214307,1.0,0.0,1.0,,,1.0
12642,26.590586,1.0,0.0060975607,1.0,,,1.0
12643,28.30937,1.0,0.0070422534,1.0,,,1.0
12644,20.063238,1.0,0.002793296,1.0,,,1.0
12645,56.591736,1.0,0.007843138,1.0,,,1.0
12646,23.114315,1.0,0.015037594,1.0,,,1.0
12647,35.293827,1.0,0.0,1.0,,,1.0
12648,51.433937,1.0,0.009433962,1.0,,,1.0
12649,49.069714,1.0,0.0,1.0,,,1.0
12650,31.058092,1.0,0.009009009,1.0,,,1.0
12651,70.6527,1.0,0.0046296297,1.0,,,1.0
12652,46.634182,1.0,0.016393442,1.0,,,1.0
12653,21.102612,1.0,0.0,1.0,,,1.0
12654,15.964975,1.0,0.011049724,1.0,,,1.0
12655,4.9639306,1.0,0.0,1.0,,,1.0
12656,28.39903,1.0,0.003717472,1.0,,,1.0
12657,71.00416,1.0,0.007874016,1.0,,,1.0
12658,43.303555,1.0,0.0034602077,1.0,,,1.0
12659,36.13332,1.0,0.002739726,1.0,,,1.0
12660,9.782938,1.0,0.02020202,1.0,,,1.0
12661,8.353263,1.0,0.0,1.0,,,1.0
12662,24.573362,1.0,0.0,1.0,,,1.0
12663,20.717289,1.0,0.013157895,1.0,,,1.0
12664,21.373446,1.0,0.018348623,1.0,,,1.0
12665,28.07463,1.0,0.0,1.0,,,1.0
12666,4.2004795,1.0,0.0,1.0,,,1.0
12667,30.421831,1.0,0.011173184,1.0,,,1.0
12668,36.752785,1.0,0.013513514,1.0,,,1.0
12669,56.75114,1.0,0.007352941,1.0,,,1.0
12670,68.1871,1.0,0.0,1.0,,,1.0
12671,114.3943,1.0,0.001776199,1.0,,,1.0
12672,27.555851,1.0,0.008196721,1.0,,,1.0
12673,35.239037,1.0,0.0,1.0,,,1.0
12674,16.580873,1.0,0.00990099,1.0,,,1.0
12675,9.127805,1.0,0.0,1.0,,,1.0
12676,86.45003,1.0,0.0017985612,1.0,,,1.0
12677,55.130615,1.0,0.009433962,1.0,,,1.0
12678,42.433804,1.0,0.008547009,1.0,,,1.0
12679,10.130733,1.0,0.0,1.0,,,1.0
12680,3.4189425,1.0,0.024096385,1.0,,,1.0
12681,24.440044,1.0,0.0067114094,1.0,,,1.0
12682,7.709415,1.0,0.020408163,1.0,,,1.0
12683,89.298325,1.0,0.025,1.0,,,1.0
12684,33.70337,1.0,0.008928572,1.0,,,1.0
12685,16.748642,1.0,0.039215688,1.0,,,1.0
12686,11.317872,1.0,0.0,1.0,,,1.0
12687,39.252228,1.0,0.0,1.0,,,1.0
12688,41.87475,1.0,0.0,1.0,,,1.0
12689,6.350501,1.0,0.0,1.0,,,1.0
12690,25.512716,1.0,0.011904762,1.0,,,1.0
12691,16.058558,1.0,0.016129032,1.0,,,1.0
12692,0.34137633,1.0,0.0,1.0,,,1.0
12693,15.129519,1.0,0.08695652,1.0,,,1.0
12694,16.389116,1.0,0.0,1.0,,,1.0
12695,66.482666,1.0,0.005376344,1.0,,,1.0
12696,15.433346,1.0,0.012820513,1.0,,,1.0
12697,9.93328,1.0,0.0,1.0,,,1.0
12698,11.7205925,1.0,0.009852217,1.0,,,1.0
12699,39.911526,1.0,0.00990099,1.0,,,1.0
12700,25.20799,1.0,0.005194805,1.0,,,1.0
12701,23.432644,1.0,0.010695187,1.0,,,1.0
12702,65.10116,1.0,0.008403362,1.0,,,1.0
12703,50.562813,1.0,0.0,1.0,,,1.0
12704,16.090673,1.0,0.0,1.0,,,1.0
12705,85.52886,1.0,0.0061728396,1.0,,,1.0
12706,49.952244,1.0,0.005952381,1.0,,,1.0
12707,26.401848,1.0,0.006134969,1.0,,,1.0
12708,34.309574,1.0,0.0,1.0,,,1.0
12709,115.54238,1.0,0.007168459,1.0,,,1.0
12710,73.267296,1.0,0.016528925,1.0,,,1.0
12711,136.64789,1.0,0.009852217,1.0,,,1.0
12712,14.703046,1.0,0.003960396,1.0,,,1.0
12713,24.282587,1.0,0.0,1.0,,,1.0
12714,81.40033,1.0,0.0,1.0,,,1.0
12715,50.466843,1.0,0.01980198,1.0,,,1.0
12716,18.452585,1.0,0.031746034,1.0,,,1.0
12717,47.042557,1.0,0.008196721,1.0,,,1.0
12718,22.426691,1.0,0.0,1.0,,,1.0
12719,69.420654,1.0,0.0,1.0,,,1.0
12720,23.435476,1.0,0.0,1.0,,,1.0
12721,29.421946,1.0,0.005952381,1.0,,,1.0
12722,55.581814,1.0,0.0,1.0,,,1.0
12723,46.634182,1.0,0.006472492,1.0,,,1.0
12724,35.588047,1.0,0.045454547,1.0,,,1.0
12725,12.430344,1.0,0.0,1.0,,,1.0
12726,57.788727,1.0,0.005899705,1.0,,,1.0
12727,72.94292,1.0,0.0068965517,1.0,,,1.0
12728,50.546425,1.0,0.0,1.0,,,1.0
12729,39.077213,1.0,0.006451613,1.0,,,1.0
12730,19.799633,1.0,0.0,1.0,,,1.0
12731,56.591736,1.0,0.009049774,1.0,,,1.0
12732,26.24623,1.0,0.0,1.0,,,1.0
12733,28.149693,1.0,0.008130081,1.0,,,1.0
12734,4.1525507,1.0,0.0066225166,1.0,,,1.0
12735,17.906033,1.0,0.0,1.0,,,1.0
12736,64.32761,1.0,0.0,1.0,,,1.0
12737,22.24649,1.0,0.0,1.0,,,1.0
12738,20.662848,1.0,0.0,1.0,,,1.0
12739,17.621107,1.0,0.007874016,1.0,,,1.0
12740,19.709652,1.0,0.00952381,1.0,,,1.0
12741,32.38077,1.0,0.011111111,1.0,,,1.0
12742,88.16907,1.0,0.0047393367,1.0,,,1.0
12743,16.475462,1.0,0.004784689,1.0,,,1.0
12744,95.04128,1.0,0.011235955,1.0,,,1.0
12745,14.027617,1.0,0.018348623,1.0,,,1.0
12746,57.07793,1.0,0.0059701493,1.0,,,1.0
12747,28.118639,1.0,0.0036764706,1.0,,,1.0
12748,3.4029453,1.0,0.0,1.0,,,1.0
12749,20.71445,1.0,0.00625,1.0,,,1.0
12750,31.287855,1.0,0.004950495,1.0,,,1.0
12751,78.47665,1.0,0.006688963,1.0,,,1.0
12752,3.7175994,1.0,0.0,1.0,,,1.0
12753,11.188463,1.0,0.0036764706,1.0,,,1.0
12754,49.538654,1.0,0.010752688,1.0,,,1.0
12755,39.247826,1.0,0.0,1.0,,,1.0
12756,45.465294,1.0,0.006134969,1.0,,,1.0
12757,7.8057046,1.0,0.01724138,1.0,,,1.0
12758,8.368735,1.0,0.0032573289,1.0,,,1.0
12759,31.98157,1.0,0.012345679,1.0,,,1.0
12760,29.500444,1.0,0.0037593986,1.0,,,1.0
12761,63.177364,1.0,0.013513514,1.0,,,1.0
12762,11.4385605,1.0,0.0,1.0,,,1.0
12763,35.579136,1.0,0.0030959751,1.0,,,1.0
12764,33.345943,1.0,0.0042918455,1.0,,,1.0
12765,8.191839,1.0,0.027777778,1.0,,,1.0
12766,48.93671,1.0,0.006153846,1.0,,,1.0
12767,88.42269,1.0,0.004166667,1.0,,,1.0
12768,67.567406,1.0,0.0,1.0,,,1.0
12769,7.8273115,1.0,0.0,1.0,,,1.0
12770,21.05285,1.0,0.0036630037,1.0,,,1.0
12771,12.180662,1.0,0.0,1.0,,,1.0
12772,56.427536,1.0,0.01754386,1.0,,,1.0
12773,60.079163,1.0,0.0060975607,1.0,,,1.0
12774,89.298325,1.0,0.01459854,1.0,,,1.0
12775,56.3599,1.0,0.016949153,1.0,,,1.0
12776,66.482666,1.0,0.005181347,1.0,,,1.0
12777,10.646074,1.0,0.0,1.0,,,1.0
12778,14.215961,1.0,0.0,1.0,,,1.0
12779,27.19665,1.0,0.0,1.0,,,1.0
12780,23.381134,1.0,0.016260162,1.0,,,1.0
12781,32.814407,1.0,0.024390243,1.0,,,1.0
12782,71.00416,1.0,0.0045871558,1.0,,,1.0
12783,9.187961,1.0,0.013157895,1.0,,,1.0
12784,55.19942,1.0,0.029850746,1.0,,,1.0
12785,87.21734,1.0,0.00754717,1.0,,,1.0
12786,8.654224,1.0,0.0077220076,1.0,,,1.0
12787,29.222048,1.0,0.0078125,1.0,,,1.0
12788,19.61101,1.0,0.0,1.0,,,1.0
12789,39.424793,1.0,0.005181347,1.0,,,1.0
12790,46.875473,1.0,0.0067114094,1.0,,,1.0
12791,3.13483,1.0,0.003944773,1.0,,,1.0
12792,38.53968,1.0,0.04,1.0,,,1.0
12793,20.504984,1.0,0.0062111802,1.0,,,1.0
12794,51.93564,1.0,0.0,1.0,,,1.0
12795,27.942463,1.0,0.009345794,1.0,,,1.0
12796,12.459053,1.0,0.0,1.0,,,1.0
12797,37.328815,1.0,0.009756098,1.0,,,1.0
12798,15.336073,1.0,0.028571429,1.0,,,1.0
12799,73.97231,1.0,0.015151516,1.0,,,1.0
12800,30.306885,1.0,0.012345679,1.0,,,1.0
12801,22.251028,1.0,0.009756098,1.0,,,1.0
12802,64.83706,1.0,0.0057142857,1.0,,,1.0
12803,51.034954,1.0,0.0,1.0,,,1.0
12804,43.777565,1.0,0.00456621,1.0,,,1.0
12805,46.882847,1.0,0.0,1.0,,,1.0
12806,9.256024,1.0,0.0,1.0,,,1.0
12807,60.76915,1.0,0.009852217,1.0,,,1.0
12808,43.303555,1.0,0.01010101,1.0,,,1.0
12809,37.199036,1.0,0.0036101083,1.0,,,1.0
12810,47.042557,1.0,0.010416667,1.0,,,1.0
12811,94.0619,1.0,0.008064516,1.0,,,1.0
12812,22.824905,1.0,0.010309278,1.0,,,1.0
12813,4.7628145,1.0,0.0,1.0,,,1.0
12814,1.1534349,1.0,0.0,1.0,,,1.0
12815,14.319442,1.0,0.007751938,1.0,,,1.0
12816,22.453896,1.0,0.0069444445,1.0,,,1.0
12817,56.72165,1.0,0.008810572,1.0,,,1.0
12818,14.364363,1.0,0.005540166,1.0,,,1.0
12819,33.804516,1.0,0.005449591,1.0,,,1.0
12820,68.1871,1.0,0.004048583,1.0,,,1.0
12821,80.03177,1.0,0.0064935065,1.0,,,1.0
12822,13.538914,1.0,0.006369427,1.0,,,1.0
12823,35.480804,1.0,0.004878049,1.0,,,1.0
12824,80.49888,1.0,0.0051282053,1.0,,,1.0
12825,64.03762,1.0,0.005952381,1.0,,,1.0
12826,57.766075,1.0,0.010638298,1.0,,,1.0
12827,24.628456,1.0,0.015873017,1.0,,,1.0
12828,14.067776,1.0,0.0,1.0,,,1.0
12829,48.01146,1.0,0.0,1.0,,,1.0
12830,44.593353,1.0,0.010362694,1.0,,,1.0
12831,27.435444,1.0,0.0,1.0,,,1.0
12832,48.698395,1.0,0.002538071,1.0,,,1.0
12833,10.691642,1.0,0.0,1.0,,,1.0
12834,23.95313,1.0,0.006329114,1.0,,,1.0
12835,7.5157003,1.0,0.004524887,1.0,,,1.0
12836,33.087784,1.0,0.0,1.0,,,1.0
12837,51.96599,1.0,0.0,1.0,,,1.0
12838,3.5971017,1.0,0.0,1.0,,,1.0
12839,48.22647,1.0,0.0022935779,1.0,,,1.0
12840,15.334187,1.0,0.0,1.0,,,1.0
12841,10.752986,1.0,0.006134969,1.0,,,1.0
12842,15.563205,1.0,0.0,1.0,,,1.0
12843,86.73833,1.0,0.010416667,1.0,,,1.0
12844,35.731823,1.0,0.006060606,1.0,,,1.0
12845,124.35362,1.0,0.00390625,1.0,,,1.0
12846,50.85755,1.0,0.0070422534,1.0,,,1.0
12847,16.23779,1.0,0.0,1.0,,,1.0
12848,15.453955,1.0,0.008928572,1.0,,,1.0
12849,80.49888,1.0,0.0043290043,1.0,,,1.0
12850,16.10021,1.0,0.0025641026,1.0,,,1.0
12851,51.027836,1.0,0.0047281324,1.0,,,1.0
12852,34.019485,1.0,0.0,1.0,,,1.0
12853,20.723194,1.0,0.008733625,1.0,,,1.0
12854,20.293552,1.0,0.003021148,1.0,,,1.0
12855,33.222755,1.0,0.008032128,1.0,,,1.0
12856,44.910854,1.0,0.004115226,1.0,,,1.0
12857,19.20124,1.0,0.0,1.0,,,1.0
12858,38.07056,1.0,0.010989011,1.0,,,1.0
12859,9.397729,1.0,0.0052083335,1.0,,,1.0
12860,0.95435715,1.0,0.0067114094,1.0,,,1.0
12861,41.801483,1.0,0.0,1.0,,,1.0
12862,0.92847085,1.0,0.0,1.0,,,1.0
12863,12.33445,1.0,0.0,1.0,,,1.0
12864,4.7148743,1.0,0.0,1.0,,,1.0
12865,106.12697,1.0,0.035714287,1.0,,,1.0
12866,34.979244,1.0,0.013513514,1.0,,,1.0
12867,2.7493434,1.0,0.004854369,1.0,,,1.0
12868,51.628166,1.0,0.0,1.0,,,1.0
12869,50.24949,1.0,0.007194245,1.0,,,1.0
12870,21.05285,1.0,0.011173184,1.0,,,1.0
12871,31.759136,1.0,0.0,1.0,,,1.0
12872,51.34904,1.0,0.012578616,1.0,,,1.0
12873,43.18943,1.0,0.007194245,1.0,,,1.0
12874,27.7419,1.0,0.020618556,1.0,,,1.0
12875,43.871914,1.0,0.010752688,1.0,,,1.0
12876,35.013527,1.0,0.008230452,1.0,,,1.0
12877,27.165037,1.0,0.007633588,1.0,,,1.0
12878,85.39203,1.0,0.0036764706,1.0,,,1.0
12879,36.74984,1.0,0.014084507,1.0,,,1.0
12880,34.806614,1.0,0.0,1.0,,,1.0
12881,60.33253,1.0,0.0,1.0,,,1.0
12882,32.081238,1.0,0.0,1.0,,,1.0
12883,68.608795,1.0,0.007194245,1.0,,,1.0
12884,4.7296543,1.0,0.0,1.0,,,1.0
12885,47.030117,1.0,0.0091743115,1.0,,,1.0
12886,25.144648,1.0,0.0,1.0,,,1.0
12887,70.53568,1.0,0.015748031,1.0,,,1.0
12888,12.8017025,1.0,0.0,1.0,,,1.0
12889,31.512604,1.0,0.01010101,1.0,,,1.0
12890,27.564592,1.0,0.004132231,1.0,,,1.0
12891,44.635834,1.0,0.0,1.0,,,1.0
12892,15.947119,1.0,0.0056179776,1.0,,,1.0
12893,45.96148,1.0,0.0023094688,1.0,,,1.0
12894,17.1029,1.0,0.006802721,1.0,,,1.0
12895,19.968933,1.0,0.018018018,1.0,,,1.0
12896,9.962406,1.0,0.008298756,1.0,,,1.0
12897,12.263607,1.0,0.031746034,1.0,,,1.0
12898,34.86955,1.0,0.0031948881,1.0,,,1.0
12899,10.462723,1.0,0.0065146578,1.0,,,1.0
12900,102.64424,1.0,0.006993007,1.0,,,1.0
12901,46.634182,1.0,0.006006006,1.0,,,1.0
12902,86.18455,1.0,0.006024096,1.0,,,1.0
12903,39.009,1.0,0.0,1.0,,,1.0
12904,15.743348,1.0,0.0,1.0,,,1.0
12905,41.58523,1.0,0.023809524,1.0,,,1.0
12906,15.670576,1.0,0.0019880715,1.0,,,1.0
12907,16.563099,1.0,0.009345794,1.0,,,1.0
12908,14.380034,1.0,0.019607844,1.0,,,1.0
12909,17.573599,1.0,0.009345794,1.0,,,1.0
12910,23.526123,1.0,0.0,1.0,,,1.0
12911,18.414532,1.0,0.01010101,1.0,,,1.0
12912,12.9007635,1.0,0.0060975607,1.0,,,1.0
12913,9.75098,1.0,0.0,1.0,,,1.0
12914,15.952163,1.0,0.012738854,1.0,,,1.0
12915,66.80831,1.0,0.0,1.0,,,1.0
12916,3.1870255,1.0,0.0,1.0,,,1.0
12917,30.074759,1.0,0.0044444446,1.0,,,1.0
12918,18.23244,1.0,0.010869565,1.0,,,1.0
12919,23.532372,1.0,0.0059701493,1.0,,,1.0
12920,21.672752,1.0,0.0,1.0,,,1.0
12921,46.794086,1.0,0.0,1.0,,,1.0
12922,14.033606,1.0,0.0,1.0,,,1.0
12923,66.76958,1.0,0.0062111802,1.0,,,1.0
12924,86.611275,1.0,0.0051020407,1.0,,,1.0
12925,27.356604,1.0,0.022727273,1.0,,,1.0
12926,17.99455,1.0,0.0,1.0,,,1.0
12927,26.321548,1.0,0.0,1.0,,,1.0
12928,0.38747147,1.0,0.0,1.0,,,1.0
12929,23.433702,1.0,0.007751938,1.0,,,1.0
12930,13.940593,1.0,0.027027028,1.0,,,1.0
12931,5.9244447,1.0,0.012658228,1.0,,,1.0
12932,7.470842,1.0,0.06666667,1.0,,,1.0
12933,8.01851,1.0,0.0,1.0,,,1.0
12934,26.055458,1.0,0.004149378,1.0,,,1.0
12935,41.499313,1.0,0.010362694,1.0,,,1.0
12936,37.243046,1.0,0.008403362,1.0,,,1.0
12937,64.0932,1.0,0.018181818,1.0,,,1.0
12938,11.098491,1.0,0.0,1.0,,,1.0
12939,29.806673,1.0,0.008583691,1.0,,,1.0
12940,18.509695,1.0,0.0064102565,1.0,,,1.0
12941,51.74738,1.0,0.0038910506,1.0,,,1.0
12942,20.756598,1.0,0.0,1.0,,,1.0
12943,8.326761,1.0,0.027027028,1.0,,,1.0
12944,112.43434,1.0,0.0044345898,1.0,,,1.0
12945,42.121235,1.0,0.008333334,1.0,,,1.0
12946,18.055567,1.0,0.010638298,1.0,,,1.0
12947,31.634563,1.0,0.0068728523,1.0,,,1.0
12948,10.343806,1.0,0.0,1.0,,,1.0
12949,24.835667,1.0,0.024691358,1.0,,,1.0
12950,19.846601,1.0,0.007246377,1.0,,,1.0
12951,63.79785,1.0,0.0066225166,1.0,,,1.0
12952,28.392302,1.0,0.01904762,1.0,,,1.0
12953,17.64395,1.0,0.00862069,1.0,,,1.0
12954,5.8856874,1.0,0.0,1.0,,,1.0
12955,125.9227,1.0,0.0042735045,1.0,,,1.0
12956,38.605515,1.0,0.01459854,1.0,,,1.0
12957,56.591736,1.0,0.012820513,1.0,,,1.0
12958,81.40033,1.0,0.0027100272,1.0,,,1.0
12959,36.211853,1.0,0.0033898305,1.0,,,1.0
12960,4.503213,1.0,0.012048192,1.0,,,1.0
12961,104.55939,1.0,0.0046838406,1.0,,,1.0
12962,69.42076,1.0,0.01923077,1.0,,,1.0
12963,61.61508,1.0,0.00896861,1.0,,,1.0
12964,20.842083,1.0,0.00990099,1.0,,,1.0
12965,57.206547,1.0,0.0,1.0,,,1.0
12966,3.2629604,1.0,0.006802721,1.0,,,1.0
12967,16.002432,1.0,0.0,1.0,,,1.0
12968,6.2506356,1.0,0.0,1.0,,,1.0
12969,19.949017,1.0,0.005524862,1.0,,,1.0
12970,13.652018,1.0,0.0,1.0,,,1.0
12971,44.28051,1.0,0.0091743115,1.0,,,1.0
12972,15.458066,1.0,0.009009009,1.0,,,1.0
12973,30.521116,1.0,0.0,1.0,,,1.0
12974,59.60921,1.0,0.006042296,1.0,,,1.0
12975,57.282772,1.0,0.007662835,1.0,,,1.0
12976,38.57096,1.0,0.012048192,1.0,,,1.0
12977,2.6364448,1.0,0.0,1.0,,,1.0
12978,48.4213,1.0,0.057142857,1.0,,,1.0
12979,112.634705,1.0,0.0038314175,1.0,,,1.0
12980,2.6588063,1.0,0.0,1.0,,,1.0
12981,10.095781,1.0,0.009569378,1.0,,,1.0
12982,57.282772,1.0,0.0034904014,1.0,,,1.0
12983,54.69655,1.0,0.007352941,1.0,,,1.0
12984,11.2925625,1.0,0.010526316,1.0,,,1.0
12985,33.60434,1.0,0.019417476,1.0,,,1.0
12986,48.50151,1.0,0.02020202,1.0,,,1.0
12987,11.430999,1.0,0.019417476,1.0,,,1.0
12988,104.04593,1.0,0.0,1.0,,,1.0
12989,19.140982,1.0,0.0,1.0,,,1.0
12990,8.130865,1.0,0.0,1.0,,,1.0
12991,12.539148,1.0,0.005952381,1.0,,,1.0
12992,25.499916,1.0,0.015873017,1.0,,,1.0
12993,51.433937,1.0,0.005235602,1.0,,,1.0
12994,46.564686,1.0,0.0,1.0,,,1.0
12995,27.080961,1.0,0.02631579,1.0,,,1.0
12996,9.978797,1.0,0.0,1.0,,,1.0
12997,42.68453,1.0,0.004878049,1.0,,,1.0
12998,27.017624,1.0,0.00952381,1.0,,,1.0
12999,52.507557,1.0,0.006134969,1.0,,,1.0
13000,67.38744,1.0,0.0,1.0,,,1.0
13001,13.226166,1.0,0.0038314175,1.0,,,1.0
13002,37.615612,1.0,0.007142857,1.0,,,1.0
13003,10.792299,1.0,0.0,1.0,,,1.0
13004,36.7077,1.0,0.0124223605,1.0,,,1.0
13005,17.012312,1.0,0.0,1.0,,,1.0
13006,3.5882747,1.0,0.0,1.0,,,1.0
13007,13.366613,1.0,0.01724138,1.0,,,1.0
13008,23.065699,1.0,0.0,1.0,,,1.0
13009,83.855774,1.0,0.013793103,1.0,,,1.0
13010,51.433937,1.0,0.0056179776,1.0,,,1.0
13011,7.225672,1.0,0.004115226,1.0,,,1.0
13012,48.87688,1.0,0.006535948,1.0,,,1.0
13013,21.78978,1.0,0.007168459,1.0,,,1.0
13014,90.34002,1.0,0.010152284,1.0,,,1.0
13015,10.203394,1.0,0.009615385,1.0,,,1.0
13016,61.014236,1.0,0.007782101,1.0,,,1.0
13017,36.662014,1.0,0.0032467532,1.0,,,1.0
13018,29.034864,1.0,0.0,1.0,,,1.0
13019,47.121517,1.0,0.0,1.0,,,1.0
13020,35.36286,1.0,0.004484305,1.0,,,1.0
13021,87.21102,1.0,0.008695652,1.0,,,1.0
13022,13.970637,1.0,0.0,1.0,,,1.0
13023,31.183592,1.0,0.012820513,1.0,,,1.0
13024,5.985591,1.0,0.0,1.0,,,1.0
13025,2.9401639,1.0,0.0,1.0,,,1.0
13026,20.402931,1.0,0.0,1.0,,,1.0
13027,58.66309,1.0,0.0,1.0,,,1.0
13028,20.999744,1.0,0.0,1.0,,,1.0
13029,103.533264,1.0,0.008064516,1.0,,,1.0
13030,48.390846,1.0,0.0,1.0,,,1.0
13031,115.54238,1.0,0.010362694,1.0,,,1.0
13032,20.519148,1.0,0.0038314175,1.0,,,1.0
13033,108.342125,1.0,0.0033003301,1.0,,,1.0
13034,81.40033,1.0,0.0046296297,1.0,,,1.0
13035,45.725292,1.0,0.011904762,1.0,,,1.0
13036,28.789345,1.0,0.0,1.0,,,1.0
13037,10.139115,1.0,0.016393442,1.0,,,1.0
13038,66.482666,1.0,0.0053475937,1.0,,,1.0
13039,57.57289,1.0,0.008368201,1.0,,,1.0
13040,31.6813,1.0,0.0,1.0,,,1.0
13041,24.806047,1.0,0.0046948357,1.0,,,1.0
13042,73.01899,1.0,0.015873017,1.0,,,1.0
13043,48.330437,1.0,0.0,1.0,,,1.0
13044,76.26888,1.0,0.006472492,1.0,,,1.0
13045,73.42956,1.0,0.006644518,1.0,,,1.0
13046,95.893105,1.0,0.013333334,1.0,,,1.0
13047,4.7496333,1.0,0.0,1.0,,,1.0
13048,25.57826,1.0,0.00952381,1.0,,,1.0
13049,9.009664,1.0,0.0,1.0,,,1.0
13050,29.236734,1.0,0.0,1.0,,,1.0
13051,33.08499,1.0,0.0,1.0,,,1.0
13052,8.957149,1.0,0.008733625,1.0,,,1.0
13053,26.936724,1.0,0.0069444445,1.0,,,1.0
13054,86.02153,1.0,0.0058139535,1.0,,,1.0
13055,9.358047,1.0,0.0,1.0,,,1.0
13056,37.80578,1.0,0.003144654,1.0,,,1.0
13057,65.94888,1.0,0.033333335,1.0,,,1.0
13058,42.840714,1.0,0.0,1.0,,,1.0
13059,19.321432,1.0,0.0,1.0,,,1.0
13060,26.339779,1.0,0.0056497175,1.0,,,1.0
13061,41.83559,1.0,0.0057803467,1.0,,,1.0
13062,12.803954,1.0,0.033898305,1.0,,,1.0
13063,66.737206,1.0,0.008298756,1.0,,,1.0
13064,55.254353,1.0,0.004716981,1.0,,,1.0
13065,9.5511055,1.0,0.017391304,1.0,,,1.0
13066,88.84265,1.0,0.009708738,1.0,,,1.0
13067,13.861632,1.0,0.005037783,1.0,,,1.0
13068,14.089099,1.0,0.01923077,1.0,,,1.0
13069,37.90518,1.0,0.0042735045,1.0,,,1.0
13070,6.956875,1.0,0.0,1.0,,,1.0
13071,72.68554,1.0,0.01980198,1.0,,,1.0
13072,44.77669,1.0,0.014705882,1.0,,,1.0
13073,26.936724,1.0,0.0054945056,1.0,,,1.0
13074,17.995594,1.0,0.009615385,1.0,,,1.0
13075,5.6094313,1.0,0.025641026,1.0,,,1.0
13076,109.534454,1.0,0.003690037,1.0,,,1.0
13077,20.80696,1.0,0.006756757,1.0,,,1.0
13078,36.872723,1.0,0.02247191,1.0,,,1.0
13079,11.027159,1.0,0.0047393367,1.0,,,1.0
13080,47.056965,1.0,0.006849315,1.0,,,1.0
13081,23.221,1.0,0.005076142,1.0,,,1.0
13082,100.17136,1.0,0.00390625,1.0,,,1.0
13083,45.72415,1.0,0.0,1.0,,,1.0
13084,12.786204,1.0,0.0,1.0,,,1.0
13085,34.24067,1.0,0.02631579,1.0,,,1.0
13086,68.1871,1.0,0.006968641,1.0,,,1.0
13087,40.680386,1.0,0.002375297,1.0,,,1.0
13088,2.5731308,1.0,0.0,1.0,,,1.0
13089,35.419224,1.0,0.009090909,1.0,,,1.0
13090,57.45109,1.0,0.008583691,1.0,,,1.0
13091,48.91477,1.0,0.009433962,1.0,,,1.0
13092,11.733217,1.0,0.007633588,1.0,,,1.0
13093,29.49867,1.0,0.0,1.0,,,1.0
13094,29.856718,1.0,0.0,1.0,,,1.0
13095,42.433804,1.0,0.0057471264,1.0,,,1.0
13096,44.914692,1.0,0.0047281324,1.0,,,1.0
13097,9.287437,1.0,0.005263158,1.0,,,1.0
13098,5.688493,1.0,0.025316456,1.0,,,1.0
13099,6.159783,1.0,0.006134969,1.0,,,1.0
13100,29.943281,1.0,0.0,1.0,,,1.0
13101,104.55939,1.0,0.005235602,1.0,,,1.0
13102,37.615612,1.0,0.00390625,1.0,,,1.0
13103,14.970981,1.0,0.0074074073,1.0,,,1.0
13104,38.151104,1.0,0.007905139,1.0,,,1.0
13105,11.334061,1.0,0.008888889,1.0,,,1.0
13106,62.63384,1.0,0.006329114,1.0,,,1.0
13107,4.006612,1.0,0.0,1.0,,,1.0
13108,34.247787,1.0,0.003236246,1.0,,,1.0
13109,15.909304,1.0,0.0,1.0,,,1.0
13110,10.273098,1.0,0.007518797,1.0,,,1.0
13111,20.094164,1.0,0.0,1.0,,,1.0
13112,53.686928,1.0,0.0034129692,1.0,,,1.0
13113,38.341583,1.0,0.01010101,1.0,,,1.0
13114,18.53049,1.0,0.005037783,1.0,,,1.0
13115,80.49888,1.0,0.012903226,1.0,,,1.0
13116,75.58676,1.0,0.020618556,1.0,,,1.0
13117,10.2914295,1.0,0.0063897762,1.0,,,1.0
13118,2.05903,1.0,0.0,1.0,,,1.0
13119,20.402931,1.0,0.04347826,1.0,,,1.0
13120,26.076529,1.0,0.0034129692,1.0,,,1.0
13121,4.5207076,1.0,0.0,1.0,,,1.0
13122,9.680765,1.0,0.006993007,1.0,,,1.0
13123,8.530307,1.0,0.0,1.0,,,1.0
13124,53.86719,1.0,0.003875969,1.0,,,1.0
13125,42.433804,1.0,0.0025575447,1.0,,,1.0
13126,7.5187078,1.0,0.0,1.0,,,1.0
13127,50.49319,1.0,0.0063091484,1.0,,,1.0
13128,13.37858,1.0,0.003944773,1.0,,,1.0
13129,24.394499,1.0,0.012121212,1.0,,,1.0
13130,35.402996,1.0,0.013333334,1.0,,,1.0
13131,5.522218,1.0,0.0029325513,1.0,,,1.0
13132,35.904785,1.0,0.041666668,1.0,,,1.0
13133,41.329853,1.0,0.0,1.0,,,1.0
13134,11.31371,1.0,0.02020202,1.0,,,1.0
13135,9.035047,1.0,0.0,1.0,,,1.0
13136,91.68036,1.0,0.012345679,1.0,,,1.0
13137,34.953686,1.0,0.0,1.0,,,1.0
13138,14.225011,1.0,0.008928572,1.0,,,1.0
13139,16.622807,1.0,0.005602241,1.0,,,1.0
13140,25.371714,1.0,0.006849315,1.0,,,1.0
13141,38.57827,1.0,0.004854369,1.0,,,1.0
13142,29.606997,1.0,0.0074074073,1.0,,,1.0
13143,22.616156,1.0,0.0,1.0,,,1.0
13144,32.155525,1.0,0.0,1.0,,,1.0
13145,92.05475,1.0,0.00625,1.0,,,1.0
13146,72.904945,1.0,0.0037664783,1.0,,,1.0
13147,29.478361,1.0,0.0054054055,1.0,,,1.0
13148,51.628166,1.0,0.0,1.0,,,1.0
13149,19.494625,1.0,0.0,1.0,,,1.0
13150,55.614754,1.0,0.009569378,1.0,,,1.0
13151,21.396473,1.0,0.004705882,1.0,,,1.0
13152,37.243046,1.0,0.008130081,1.0,,,1.0
13153,88.88265,1.0,0.00990099,1.0,,,1.0
13154,100.01263,1.0,0.0037593986,1.0,,,1.0
13155,8.176759,1.0,0.0,1.0,,,1.0
13156,49.504684,1.0,0.008230452,1.0,,,1.0
13157,27.206306,1.0,0.0091743115,1.0,,,1.0
13158,81.40033,1.0,0.010309278,1.0,,,1.0
13159,45.692894,1.0,0.008130081,1.0,,,1.0
13160,31.657137,1.0,0.0,1.0,,,1.0
13161,36.37158,1.0,0.0,1.0,,,1.0
13162,9.158983,1.0,0.051282052,1.0,,,1.0
13163,14.876968,1.0,0.0,1.0,,,1.0
13164,20.148455,1.0,0.0073260074,1.0,,,1.0
13165,6.7622085,1.0,0.009049774,1.0,,,1.0
13166,49.504684,1.0,0.005830904,1.0,,,1.0
13167,15.7381935,1.0,0.007843138,1.0,,,1.0
13168,55.950764,1.0,0.0,1.0,,,1.0
13169,36.31154,1.0,0.0,1.0,,,1.0
13170,18.945568,1.0,0.0,1.0,,,1.0
13171,37.56037,1.0,0.007142857,1.0,,,1.0
13172,79.59619,1.0,0.002386635,1.0,,,1.0
13173,51.70851,1.0,0.010152284,1.0,,,1.0
13174,6.019398,1.0,0.009433962,1.0,,,1.0
13175,40.21296,1.0,0.037037037,1.0,,,1.0
13176,17.653147,1.0,0.004484305,1.0,,,1.0
13177,48.210796,1.0,0.0,1.0,,,1.0
13178,22.44232,1.0,0.0,1.0,,,1.0
13179,23.450548,1.0,0.012820513,1.0,,,1.0
13180,51.877476,1.0,0.0056497175,1.0,,,1.0
13181,56.427536,1.0,0.017699115,1.0,,,1.0
13182,84.51457,1.0,0.007194245,1.0,,,1.0
13183,77.24493,1.0,0.0044444446,1.0,,,1.0
13184,19.273928,1.0,0.011904762,1.0,,,1.0
13185,16.851448,1.0,0.0060975607,1.0,,,1.0
13186,21.480621,1.0,0.0,1.0,,,1.0
13187,73.267296,1.0,0.0063492064,1.0,,,1.0
13188,34.66107,1.0,0.018181818,1.0,,,1.0
13189,10.624326,1.0,0.0,1.0,,,1.0
13190,68.055595,1.0,0.0054644807,1.0,,,1.0
13191,16.81185,1.0,0.0,1.0,,,1.0
13192,29.293152,1.0,0.030303031,1.0,,,1.0
13193,2.873482,1.0,0.0,1.0,,,1.0
13194,22.2374,1.0,0.010526316,1.0,,,1.0
13195,76.26888,1.0,0.0,1.0,,,1.0
13196,25.49416,1.0,0.0,1.0,,,1.0
13197,136.64789,1.0,0.018518519,1.0,,,1.0
13198,50.20582,1.0,0.00243309,1.0,,,1.0
13199,5.952638,1.0,0.0,1.0,,,1.0
13200,44.951385,1.0,0.0036697248,1.0,,,1.0
13201,55.052856,1.0,0.016806724,1.0,,,1.0
13202,20.2673,1.0,0.0,1.0,,,1.0
13203,28.136103,1.0,0.0,1.0,,,1.0
13204,61.351215,1.0,0.0,1.0,,,1.0
13205,5.7045307,1.0,0.024390243,1.0,,,1.0
13206,52.55083,1.0,0.0,1.0,,,1.0
13207,20.2673,1.0,0.0,1.0,,,1.0
13208,49.67842,1.0,0.014925373,1.0,,,1.0
13209,16.564348,1.0,0.0,1.0,,,1.0
13210,33.874462,1.0,0.018518519,1.0,,,1.0
13211,20.423462,1.0,0.0078125,1.0,,,1.0
13212,98.70822,1.0,0.015037594,1.0,,,1.0
13213,19.664352,1.0,0.0,1.0,,,1.0
13214,20.869246,1.0,0.0,1.0,,,1.0
13215,55.052856,1.0,0.013513514,1.0,,,1.0
13216,25.32306,1.0,0.0064935065,1.0,,,1.0
13217,49.87287,1.0,0.008547009,1.0,,,1.0
13218,63.727287,1.0,0.015503876,1.0,,,1.0
13219,11.224822,1.0,0.0045454544,1.0,,,1.0
13220,20.203737,1.0,0.008333334,1.0,,,1.0
13221,73.85746,1.0,0.0040650405,1.0,,,1.0
13222,40.351784,1.0,0.0068965517,1.0,,,1.0
13223,19.744022,1.0,0.0091743115,1.0,,,1.0
13224,21.396473,1.0,0.005154639,1.0,,,1.0
13225,32.148567,1.0,0.0064102565,1.0,,,1.0
13226,5.98028,1.0,0.0,1.0,,,1.0
13227,51.310734,1.0,0.0,1.0,,,1.0
13228,8.293679,1.0,0.0,1.0,,,1.0
13229,56.591736,1.0,0.016528925,1.0,,,1.0
13230,23.38788,1.0,0.020408163,1.0,,,1.0
13231,64.03762,1.0,0.0066225166,1.0,,,1.0
13232,6.031794,1.0,0.0,1.0,,,1.0
13233,26.139334,1.0,0.025,1.0,,,1.0
13234,38.66012,1.0,0.028571429,1.0,,,1.0
13235,23.065699,1.0,0.006024096,1.0,,,1.0
13236,7.978736,1.0,0.01010101,1.0,,,1.0
13237,92.05475,1.0,0.0,1.0,,,1.0
13238,37.1636,1.0,0.0,1.0,,,1.0
13239,33.17813,1.0,0.018518519,1.0,,,1.0
13240,57.07793,1.0,0.0053475937,1.0,,,1.0
13241,15.182622,1.0,0.0070921984,1.0,,,1.0
13242,30.486965,1.0,0.013245033,1.0,,,1.0
13243,33.587234,1.0,0.0071174377,1.0,,,1.0
13244,24.988256,1.0,0.009569378,1.0,,,1.0
13245,2.6588063,1.0,0.008928572,1.0,,,1.0
13246,25.755482,1.0,0.04255319,1.0,,,1.0
13247,57.966553,1.0,0.010928961,1.0,,,1.0
13248,25.471416,1.0,0.018867925,1.0,,,1.0
13249,31.634563,1.0,0.011111111,1.0,,,1.0
13250,22.413727,1.0,0.008368201,1.0,,,1.0
13251,10.47698,1.0,0.0,1.0,,,1.0
13252,40.839893,1.0,0.0,1.0,,,1.0
13253,32.36056,1.0,0.0067114094,1.0,,,1.0
13254,23.818201,1.0,0.015384615,1.0,,,1.0
13255,24.378965,1.0,0.016666668,1.0,,,1.0
13256,28.84534,1.0,0.013422819,1.0,,,1.0
13257,10.514048,1.0,0.0,1.0,,,1.0
13258,11.784755,1.0,0.0,1.0,,,1.0
13259,44.186485,1.0,0.010152284,1.0,,,1.0
13260,9.149369,1.0,0.024390243,1.0,,,1.0
13261,54.036522,1.0,0.004338395,1.0,,,1.0
13262,44.56176,1.0,0.0,1.0,,,1.0
13263,8.192663,1.0,0.0,1.0,,,1.0
13264,26.048332,1.0,0.0,1.0,,,1.0
13265,22.846846,1.0,0.014492754,1.0,,,1.0
13266,45.592857,1.0,0.007905139,1.0,,,1.0
13267,26.583462,1.0,0.008064516,1.0,,,1.0
13268,92.71285,1.0,0.006060606,1.0,,,1.0
13269,43.869236,1.0,0.0054200543,1.0,,,1.0
13270,7.5329638,1.0,0.0,1.0,,,1.0
13271,26.094519,1.0,0.0,1.0,,,1.0
13272,63.829147,1.0,0.0076923077,1.0,,,1.0
13273,14.700169,1.0,0.0952381,1.0,,,1.0
13274,15.670576,1.0,0.0,1.0,,,1.0
13275,12.71005,1.0,0.0,1.0,,,1.0
13276,64.704315,1.0,0.007434944,1.0,,,1.0
13277,46.401623,1.0,0.008888889,1.0,,,1.0
13278,8.65479,1.0,0.020618556,1.0,,,1.0
13279,9.248672,1.0,0.012048192,1.0,,,1.0
13280,26.163624,1.0,0.0,1.0,,,1.0
13281,30.510574,1.0,0.005221932,1.0,,,1.0
13282,52.275127,1.0,0.005181347,1.0,,,1.0
13283,10.227618,1.0,0.005235602,1.0,,,1.0
13284,17.343945,1.0,0.0,1.0,,,1.0
13285,30.902964,1.0,0.0,1.0,,,1.0
13286,23.425312,1.0,0.014084507,1.0,,,1.0
13287,9.9433565,1.0,0.0,1.0,,,1.0
13288,3.0285475,1.0,0.0,1.0,,,1.0
13289,55.288162,1.0,0.004149378,1.0,,,1.0
13290,38.00114,1.0,0.0072727273,1.0,,,1.0
13291,9.009822,1.0,0.0,1.0,,,1.0
13292,16.9121,1.0,0.016949153,1.0,,,1.0
13293,34.953686,1.0,0.006329114,1.0,,,1.0
13294,32.38077,1.0,0.020833334,1.0,,,1.0
13295,70.459526,1.0,0.011173184,1.0,,,1.0
13296,34.51091,1.0,0.025,1.0,,,1.0
13297,14.505625,1.0,0.0024096386,1.0,,,1.0
13298,16.293024,1.0,0.013157895,1.0,,,1.0
13299,89.298325,1.0,0.006153846,1.0,,,1.0
13300,33.535656,1.0,0.0,1.0,,,1.0
13301,68.1871,1.0,0.0121951215,1.0,,,1.0
13302,46.634182,1.0,0.012658228,1.0,,,1.0
13303,27.818151,1.0,0.0034965035,1.0,,,1.0
13304,41.83559,1.0,0.005181347,1.0,,,1.0
13305,36.20567,1.0,0.0,1.0,,,1.0
13306,46.237328,1.0,0.0056497175,1.0,,,1.0
13307,13.345075,1.0,0.006369427,1.0,,,1.0
13308,44.593353,1.0,0.009803922,1.0,,,1.0
13309,39.3993,1.0,0.018181818,1.0,,,1.0
13310,12.940839,1.0,0.0,1.0,,,1.0
13311,14.120529,1.0,0.014925373,1.0,,,1.0
13312,6.844437,1.0,0.006666667,1.0,,,1.0
13313,33.436897,1.0,0.0,1.0,,,1.0
13314,61.175056,1.0,0.0028653296,1.0,,,1.0
13315,24.86785,1.0,0.004842615,1.0,,,1.0
13316,10.573465,1.0,0.0,1.0,,,1.0
13317,11.133518,1.0,0.0,1.0,,,1.0
13318,32.973198,1.0,0.005263158,1.0,,,1.0
13319,11.977129,1.0,0.0,1.0,,,1.0
13320,18.217192,1.0,0.004494382,1.0,,,1.0
13321,13.012477,1.0,0.003968254,1.0,,,1.0
13322,125.9227,1.0,0.0056980057,1.0,,,1.0
13323,12.667271,1.0,0.0,1.0,,,1.0
13324,10.827254,1.0,0.0,1.0,,,1.0
13325,86.629326,1.0,0.0031347962,1.0,,,1.0
13326,31.229944,1.0,0.006688963,1.0,,,1.0
13327,45.260323,1.0,0.0,1.0,,,1.0
13328,23.324146,1.0,0.016,1.0,,,1.0
13329,58.66309,1.0,0.00309119,1.0,,,1.0
13330,37.615612,1.0,0.003921569,1.0,,,1.0
13331,40.84468,1.0,0.008333334,1.0,,,1.0
13332,35.326077,1.0,0.0,1.0,,,1.0
13333,29.377665,1.0,0.0028248588,1.0,,,1.0
13334,33.095016,1.0,0.005988024,1.0,,,1.0
13335,78.47665,1.0,0.0047393367,1.0,,,1.0
13336,78.44947,1.0,0.007575758,1.0,,,1.0
13337,29.713137,1.0,0.0018761726,1.0,,,1.0
13338,21.71432,1.0,0.0,1.0,,,1.0
13339,8.885991,1.0,0.007633588,1.0,,,1.0
13340,27.674965,1.0,0.03125,1.0,,,1.0
13341,17.155966,1.0,0.017857144,1.0,,,1.0
13342,8.851355,1.0,0.022222223,1.0,,,1.0
13343,8.52271,1.0,0.0,1.0,,,1.0
13344,78.46972,1.0,0.0,1.0,,,1.0
13345,33.364864,1.0,0.009345794,1.0,,,1.0
13346,11.334061,1.0,0.00456621,1.0,,,1.0
13347,8.192507,1.0,0.008064516,1.0,,,1.0
13348,34.06485,1.0,0.007017544,1.0,,,1.0
13349,46.582508,1.0,0.0054945056,1.0,,,1.0
13350,20.348982,1.0,0.009433962,1.0,,,1.0
13351,17.954685,1.0,0.007194245,1.0,,,1.0
13352,42.433804,1.0,0.008733625,1.0,,,1.0
13353,17.470339,1.0,0.01369863,1.0,,,1.0
13354,59.166702,1.0,0.0078125,1.0,,,1.0
13355,13.4709,1.0,0.0,1.0,,,1.0
13356,22.331348,1.0,0.0,1.0,,,1.0
13357,69.13106,1.0,0.009433962,1.0,,,1.0
13358,32.973198,1.0,0.003012048,1.0,,,1.0
13359,31.634468,1.0,0.009708738,1.0,,,1.0
13360,8.726748,1.0,0.018518519,1.0,,,1.0
13361,19.767784,1.0,0.0,1.0,,,1.0
13362,18.996166,1.0,0.0,1.0,,,1.0
13363,4.404242,1.0,0.0032467532,1.0,,,1.0
13364,33.50255,1.0,0.0,1.0,,,1.0
13365,17.363848,1.0,0.016393442,1.0,,,1.0
13366,39.25903,1.0,0.013513514,1.0,,,1.0
13367,51.877476,1.0,0.002967359,1.0,,,1.0
13368,20.610086,1.0,0.0,1.0,,,1.0
13369,45.692894,1.0,0.0030487804,1.0,,,1.0
13370,32.815655,1.0,0.0,1.0,,,1.0
13371,69.29902,1.0,0.014925373,1.0,,,1.0
13372,94.0619,1.0,0.003508772,1.0,,,1.0
13373,55.052856,1.0,0.0088495575,1.0,,,1.0
13374,107.44726,1.0,0.0018796993,1.0,,,1.0
13375,63.108883,1.0,0.007518797,1.0,,,1.0
13376,18.696638,1.0,0.016129032,1.0,,,1.0
13377,48.79064,1.0,0.0061728396,1.0,,,1.0
13378,64.704315,1.0,0.0070422534,1.0,,,1.0
13379,28.142946,1.0,0.027027028,1.0,,,1.0
13380,51.927704,1.0,0.0062111802,1.0,,,1.0
13381,1.3087301,1.0,0.0020283975,1.0,,,1.0
13382,24.504705,1.0,0.024390243,1.0,,,1.0
13383,34.063393,1.0,0.0,1.0,,,1.0
13384,4.4340096,1.0,0.0,1.0,,,1.0
13385,66.76958,1.0,0.006289308,1.0,,,1.0
13386,52.030594,1.0,0.015625,1.0,,,1.0
13387,27.569906,1.0,0.005291005,1.0,,,1.0
13388,29.441996,1.0,0.0,1.0,,,1.0
13389,102.64424,1.0,0.007352941,1.0,,,1.0
13390,15.68407,1.0,0.008695652,1.0,,,1.0
13391,59.60921,1.0,0.0036429872,1.0,,,1.0
13392,11.63045,1.0,0.0,1.0,,,1.0
13393,33.804516,1.0,0.0049751243,1.0,,,1.0
13394,27.891542,1.0,0.0061728396,1.0,,,1.0
13395,15.207005,1.0,0.0,1.0,,,1.0
13396,41.52102,1.0,0.0,1.0,,,1.0
13397,18.566366,1.0,0.011111111,1.0,,,1.0
13398,28.986164,1.0,0.009708738,1.0,,,1.0
13399,13.358438,1.0,0.0,1.0,,,1.0
13400,37.69992,1.0,0.009433962,1.0,,,1.0
13401,24.016008,1.0,0.0,1.0,,,1.0
13402,42.09108,1.0,0.0,1.0,,,1.0
13403,31.98157,1.0,0.004464286,1.0,,,1.0
13404,85.86579,1.0,0.012048192,1.0,,,1.0
13405,51.027836,1.0,0.012658228,1.0,,,1.0
13406,20.502897,1.0,0.009009009,1.0,,,1.0
13407,31.881863,1.0,0.02020202,1.0,,,1.0
13408,30.32856,1.0,0.0015082957,1.0,,,1.0
13409,75.32171,1.0,0.0019493178,1.0,,,1.0
13410,7.3176875,1.0,0.0,1.0,,,1.0
13411,19.134565,1.0,0.015873017,1.0,,,1.0
13412,12.883763,1.0,0.010416667,1.0,,,1.0
13413,11.690944,1.0,0.0,1.0,,,1.0
13414,61.61508,1.0,0.017699115,1.0,,,1.0
13415,12.0041275,1.0,0.007380074,1.0,,,1.0
13416,15.545234,1.0,0.01754386,1.0,,,1.0
13417,12.322747,1.0,0.0,1.0,,,1.0
13418,96.84659,1.0,0.007936508,1.0,,,1.0
13419,49.89754,1.0,0.006756757,1.0,,,1.0
13420,9.457529,1.0,0.01183432,1.0,,,1.0
13421,88.882866,1.0,0.009852217,1.0,,,1.0
13422,9.701361,1.0,0.0,1.0,,,1.0
13423,20.359808,1.0,0.0033670033,1.0,,,1.0
13424,32.38077,1.0,0.005952381,1.0,,,1.0
13425,66.525536,1.0,0.013071896,1.0,,,1.0
13426,33.197285,1.0,0.004761905,1.0,,,1.0
13427,15.951155,1.0,0.0,1.0,,,1.0
13428,29.222048,1.0,0.0,1.0,,,1.0
13429,23.18951,1.0,0.0,1.0,,,1.0
13430,5.2473593,1.0,0.0625,1.0,,,1.0
13431,50.154434,1.0,0.0043196543,1.0,,,1.0
13432,53.371506,1.0,0.0088495575,1.0,,,1.0
13433,73.267296,1.0,0.0074074073,1.0,,,1.0
13434,33.619694,1.0,0.023529412,1.0,,,1.0
13435,27.328682,1.0,0.0,1.0,,,1.0
13436,13.226166,1.0,0.017857144,1.0,,,1.0
13437,28.372871,1.0,0.010256411,1.0,,,1.0
13438,23.065699,1.0,0.012820513,1.0,,,1.0
13439,46.150055,1.0,0.005291005,1.0,,,1.0
13440,43.941647,1.0,0.017094018,1.0,,,1.0
13441,25.156893,1.0,0.0,1.0,,,1.0
13442,71.00416,1.0,0.004282655,1.0,,,1.0
13443,22.211855,1.0,0.0017953322,1.0,,,1.0
13444,24.378965,1.0,0.0067114094,1.0,,,1.0
13445,31.533442,1.0,0.0,1.0,,,1.0
13446,66.737206,1.0,0.011494253,1.0,,,1.0
13447,37.246105,1.0,0.0,1.0,,,1.0
13448,27.333967,1.0,0.02020202,1.0,,,1.0
13449,27.434822,1.0,0.012987013,1.0,,,1.0
13450,25.716187,1.0,0.011976048,1.0,,,1.0
13451,44.976383,1.0,0.011904762,1.0,,,1.0
13452,8.814303,1.0,0.018691588,1.0,,,1.0
13453,57.075314,1.0,0.0,1.0,,,1.0
13454,25.499916,1.0,0.012048192,1.0,,,1.0
13455,38.303623,1.0,0.01438849,1.0,,,1.0
13456,43.323833,1.0,0.0,1.0,,,1.0
13457,57.07793,1.0,0.0031847134,1.0,,,1.0
13458,4.197164,1.0,0.0,1.0,,,1.0
13459,103.32655,1.0,0.004962779,1.0,,,1.0
13460,2.4667597,1.0,0.0,1.0,,,1.0
13461,109.534454,1.0,0.005524862,1.0,,,1.0
13462,46.722294,1.0,0.0051282053,1.0,,,1.0
13463,25.539497,1.0,0.004524887,1.0,,,1.0
13464,51.792812,1.0,0.0062305294,1.0,,,1.0
13465,3.5493715,1.0,0.0,1.0,,,1.0
13466,73.22008,1.0,0.016129032,1.0,,,1.0
13467,49.071426,1.0,0.008368201,1.0,,,1.0
13468,52.809917,1.0,0.0076923077,1.0,,,1.0
13469,11.817917,1.0,0.0,1.0,,,1.0
13470,3.4605942,1.0,0.0019880715,1.0,,,1.0
13471,98.09675,1.0,0.0093896715,1.0,,,1.0
13472,40.626976,1.0,0.0091743115,1.0,,,1.0
13473,18.811483,1.0,0.00295858,1.0,,,1.0
13474,71.00416,1.0,0.014705882,1.0,,,1.0
13475,51.34904,1.0,0.0,1.0,,,1.0
13476,49.186054,1.0,0.002617801,1.0,,,1.0
13477,22.123486,1.0,0.0,1.0,,,1.0
13478,37.615612,1.0,0.0019762847,1.0,,,1.0
13479,73.57952,1.0,0.005263158,1.0,,,1.0
13480,33.202873,1.0,0.01754386,1.0,,,1.0
13481,102.72474,1.0,0.0063492064,1.0,,,1.0
13482,13.667544,1.0,0.0,1.0,,,1.0
13483,33.76362,1.0,0.008,1.0,,,1.0
13484,30.318716,1.0,0.0,1.0,,,1.0
13485,6.14408,1.0,0.0062111802,1.0,,,1.0
13486,79.59619,1.0,0.016666668,1.0,,,1.0
13487,49.10451,1.0,0.0,1.0,,,1.0
13488,15.541981,1.0,0.019607844,1.0,,,1.0
13489,2.9843333,1.0,0.083333336,1.0,,,1.0
13490,75.48593,1.0,0.01754386,1.0,,,1.0
13491,29.574545,1.0,0.029411765,1.0,,,1.0
13492,27.137186,1.0,0.016260162,1.0,,,1.0
13493,50.91552,1.0,0.0,1.0,,,1.0
13494,80.376945,1.0,0.0054054055,1.0,,,1.0
13495,23.00073,1.0,0.0,1.0,,,1.0
13496,92.05475,1.0,0.00913242,1.0,,,1.0
13497,19.18863,1.0,0.032258064,1.0,,,1.0
13498,45.948986,1.0,0.008264462,1.0,,,1.0
13499,73.267296,1.0,0.0,1.0,,,1.0
13500,25.759958,1.0,0.0,1.0,,,1.0
13501,91.68036,1.0,0.007874016,1.0,,,1.0
13502,66.482666,1.0,0.0056179776,1.0,,,1.0
13503,109.534454,1.0,0.016129032,1.0,,,1.0
13504,6.2897806,1.0,0.0,1.0,,,1.0
13505,35.85818,1.0,0.00990099,1.0,,,1.0
13506,17.59773,1.0,0.0,1.0,,,1.0
13507,38.073475,1.0,0.0033898305,1.0,,,1.0
13508,26.72067,1.0,0.0038314175,1.0,,,1.0
13509,23.987406,1.0,0.024691358,1.0,,,1.0
13510,27.441507,1.0,0.005524862,1.0,,,1.0
13511,33.70337,1.0,0.0,1.0,,,1.0
13512,114.3943,1.0,0.0035714286,1.0,,,1.0
13513,116.13675,1.0,0.0046948357,1.0,,,1.0
13514,30.407343,1.0,0.005076142,1.0,,,1.0
13515,12.093011,1.0,0.004608295,1.0,,,1.0
13516,19.890612,1.0,0.0031347962,1.0,,,1.0
13517,91.68036,1.0,0.004651163,1.0,,,1.0
13518,55.412785,1.0,0.0,1.0,,,1.0
13519,4.7438345,1.0,0.0,1.0,,,1.0
13520,1.7388502,1.0,0.0,1.0,,,1.0
13521,29.471525,1.0,0.0,1.0,,,1.0
13522,101.899734,1.0,0.015267176,1.0,,,1.0
13523,17.852526,1.0,0.0,1.0,,,1.0
13524,56.72165,1.0,0.0056497175,1.0,,,1.0
13525,59.26218,1.0,0.013333334,1.0,,,1.0
13526,48.068512,1.0,0.0038314175,1.0,,,1.0
13527,33.265285,1.0,0.010810811,1.0,,,1.0
13528,33.16621,1.0,0.008264462,1.0,,,1.0
13529,36.030533,1.0,0.012738854,1.0,,,1.0
13530,106.12697,1.0,0.0091743115,1.0,,,1.0
13531,65.7965,1.0,0.0,1.0,,,1.0
13532,22.038883,1.0,0.003968254,1.0,,,1.0
13533,86.611275,1.0,0.007194245,1.0,,,1.0
13534,58.016228,1.0,0.011627907,1.0,,,1.0
13535,40.46492,1.0,0.003875969,1.0,,,1.0
13536,2.9059796,1.0,0.0,1.0,,,1.0
13537,8.344349,1.0,0.014925373,1.0,,,1.0
13538,44.905537,1.0,0.0,1.0,,,1.0
13539,10.480321,1.0,0.0,1.0,,,1.0
13540,38.741913,1.0,0.012658228,1.0,,,1.0
13541,110.308365,1.0,0.007843138,1.0,,,1.0
13542,55.507927,1.0,0.007352941,1.0,,,1.0
13543,35.725864,1.0,0.0060975607,1.0,,,1.0
13544,11.748857,1.0,0.0,1.0,,,1.0
13545,17.428677,1.0,0.0,1.0,,,1.0
13546,8.371858,1.0,0.008333334,1.0,,,1.0
13547,14.9282875,1.0,0.01459854,1.0,,,1.0
13548,55.66456,1.0,0.0035650623,1.0,,,1.0
13549,49.409527,1.0,0.016129032,1.0,,,1.0
13550,30.25025,1.0,0.02,1.0,,,1.0
13551,7.899609,1.0,0.005586592,1.0,,,1.0
13552,8.373679,1.0,0.0053475937,1.0,,,1.0
13553,9.814813,1.0,0.016393442,1.0,,,1.0
13554,37.55111,1.0,0.0042918455,1.0,,,1.0
13555,45.115307,1.0,0.018867925,1.0,,,1.0
13556,34.672173,1.0,0.013513514,1.0,,,1.0
13557,42.420937,1.0,0.014285714,1.0,,,1.0
13558,15.854267,1.0,0.011363637,1.0,,,1.0
13559,57.555965,1.0,0.00591716,1.0,,,1.0
13560,5.1482477,1.0,0.0047393367,1.0,,,1.0
13561,30.486965,1.0,0.021276595,1.0,,,1.0
13562,66.657745,1.0,0.02739726,1.0,,,1.0
13563,86.73833,1.0,0.0,1.0,,,1.0
13564,59.80664,1.0,0.0,1.0,,,1.0
13565,12.279322,1.0,0.006060606,1.0,,,1.0
13566,29.806673,1.0,0.0062305294,1.0,,,1.0
13567,19.011799,1.0,0.0,1.0,,,1.0
13568,18.226812,1.0,0.023529412,1.0,,,1.0
13569,23.26793,1.0,0.006666667,1.0,,,1.0
13570,19.924425,1.0,0.071428575,1.0,,,1.0
13571,10.526272,1.0,0.028985508,1.0,,,1.0
13572,14.686115,1.0,0.01459854,1.0,,,1.0
13573,28.392302,1.0,0.00990099,1.0,,,1.0
13574,56.3599,1.0,0.0049261083,1.0,,,1.0
13575,57.919827,1.0,0.008,1.0,,,1.0
13576,79.90929,1.0,0.009302326,1.0,,,1.0
13577,5.1044025,1.0,0.0,1.0,,,1.0
13578,37.136898,1.0,0.0,1.0,,,1.0
13579,14.500732,1.0,0.008547009,1.0,,,1.0
13580,26.105045,1.0,0.007067138,1.0,,,1.0
13581,32.716557,1.0,0.028985508,1.0,,,1.0
13582,37.789955,1.0,0.0056818184,1.0,,,1.0
13583,21.133986,1.0,0.0050125313,1.0,,,1.0
13584,30.193117,1.0,0.0,1.0,,,1.0
13585,22.978668,1.0,0.018867925,1.0,,,1.0
13586,3.3018608,1.0,0.0,1.0,,,1.0
13587,17.240332,1.0,0.012048192,1.0,,,1.0
13588,9.3109455,1.0,0.032258064,1.0,,,1.0
13589,15.40055,1.0,0.003003003,1.0,,,1.0
13590,6.869055,1.0,0.0,1.0,,,1.0
13591,24.931742,1.0,0.0,1.0,,,1.0
13592,73.85746,1.0,0.0025773195,1.0,,,1.0
13593,35.30824,1.0,0.0,1.0,,,1.0
13594,17.238586,1.0,0.010309278,1.0,,,1.0
13595,38.271603,1.0,0.0,1.0,,,1.0
13596,31.793446,1.0,0.014925373,1.0,,,1.0
13597,22.89362,1.0,0.013513514,1.0,,,1.0
13598,95.84354,1.0,0.00913242,1.0,,,1.0
13599,27.34006,1.0,0.0,1.0,,,1.0
13600,10.029184,1.0,0.0,1.0,,,1.0
13601,40.84468,1.0,0.008,1.0,,,1.0
13602,25.65504,1.0,0.0033444816,1.0,,,1.0
13603,7.6042366,1.0,0.0,1.0,,,1.0
13604,7.999964,1.0,0.0,1.0,,,1.0
13605,21.734314,1.0,0.0017636684,1.0,,,1.0
13606,7.5425973,1.0,0.0,1.0,,,1.0
13607,17.42918,1.0,0.0,1.0,,,1.0
13608,8.495687,1.0,0.0028011205,1.0,,,1.0
13609,47.07799,1.0,0.021276595,1.0,,,1.0
13610,41.22298,1.0,0.005181347,1.0,,,1.0
13611,3.0171173,1.0,0.08,1.0,,,1.0
13612,66.482666,1.0,0.0033003301,1.0,,,1.0
13613,15.904155,1.0,0.0,1.0,,,1.0
13614,20.530119,1.0,0.004761905,1.0,,,1.0
13615,68.1871,1.0,0.008130081,1.0,,,1.0
13616,18.384838,1.0,0.0046296297,1.0,,,1.0
13617,3.4336317,1.0,0.0,1.0,,,1.0
13618,33.197285,1.0,0.02020202,1.0,,,1.0
13619,18.683084,1.0,0.016393442,1.0,,,1.0
13620,39.068962,1.0,0.008928572,1.0,,,1.0
13621,16.490858,1.0,0.015748031,1.0,,,1.0
13622,19.344559,1.0,0.0,1.0,,,1.0
13623,49.642174,1.0,0.0041841003,1.0,,,1.0
13624,59.662865,1.0,0.016260162,1.0,,,1.0
13625,8.047807,1.0,0.011363637,1.0,,,1.0
13626,30.005552,1.0,0.0,1.0,,,1.0
13627,37.024452,1.0,0.018867925,1.0,,,1.0
13628,12.599841,1.0,0.0054347827,1.0,,,1.0
13629,8.531925,1.0,0.0,1.0,,,1.0
13630,10.2914295,1.0,0.0062695923,1.0,,,1.0
13631,45.11941,1.0,0.012820513,1.0,,,1.0
13632,46.676987,1.0,0.008547009,1.0,,,1.0
13633,45.22481,1.0,0.0034246575,1.0,,,1.0
13634,33.423164,1.0,0.006451613,1.0,,,1.0
13635,103.64353,1.0,0.008810572,1.0,,,1.0
13636,117.691864,1.0,0.0121951215,1.0,,,1.0
13637,11.039861,1.0,0.013333334,1.0,,,1.0
13638,46.33236,1.0,0.0,1.0,,,1.0
13639,68.1871,1.0,0.003960396,1.0,,,1.0
13640,24.016008,1.0,0.0,1.0,,,1.0
13641,28.149693,1.0,0.014285714,1.0,,,1.0
13642,17.16368,1.0,0.004784689,1.0,,,1.0
13643,16.602106,1.0,0.009090909,1.0,,,1.0
13644,32.43548,1.0,0.008928572,1.0,,,1.0
13645,6.8313193,1.0,0.0,1.0,,,1.0
13646,12.976871,1.0,0.014184397,1.0,,,1.0
13647,29.326971,1.0,0.009345794,1.0,,,1.0
13648,98.564316,1.0,0.0036363637,1.0,,,1.0
13649,25.28824,1.0,0.0,1.0,,,1.0
13650,98.70822,1.0,0.012345679,1.0,,,1.0
13651,15.929574,1.0,0.125,1.0,,,1.0
13652,55.875946,1.0,0.012345679,1.0,,,1.0
13653,32.082397,1.0,0.01724138,1.0,,,1.0
13654,15.951155,1.0,0.015873017,1.0,,,1.0
13655,25.250355,1.0,0.011494253,1.0,,,1.0
13656,30.306885,1.0,0.0,1.0,,,1.0
13657,63.230316,1.0,0.0,1.0,,,1.0
13658,83.36918,1.0,0.010989011,1.0,,,1.0
13659,34.06485,1.0,0.004672897,1.0,,,1.0
13660,80.11625,1.0,0.010989011,1.0,,,1.0
13661,15.8537445,1.0,0.0,1.0,,,1.0
13662,34.14653,1.0,0.0,1.0,,,1.0
13663,50.636543,1.0,0.0057803467,1.0,,,1.0
13664,10.547261,1.0,0.006535948,1.0,,,1.0
13665,20.2673,1.0,0.0057142857,1.0,,,1.0
13666,17.802227,1.0,0.008474576,1.0,,,1.0
13667,38.739883,1.0,0.009478673,1.0,,,1.0
13668,14.883355,1.0,0.028985508,1.0,,,1.0
13669,18.12367,1.0,0.007874016,1.0,,,1.0
13670,5.6923075,1.0,0.09090909,1.0,,,1.0
13671,10.584727,1.0,0.004524887,1.0,,,1.0
13672,26.835497,1.0,0.004524887,1.0,,,1.0
13673,43.679386,1.0,0.005181347,1.0,,,1.0
13674,16.058558,1.0,0.0,1.0,,,1.0
13675,38.691185,1.0,0.0,1.0,,,1.0
13676,8.559911,1.0,0.014492754,1.0,,,1.0
13677,21.66846,1.0,0.020408163,1.0,,,1.0
13678,27.818151,1.0,0.0031545742,1.0,,,1.0
13679,37.550583,1.0,0.0,1.0,,,1.0
13680,25.325924,1.0,0.008403362,1.0,,,1.0
13681,116.13675,1.0,0.0066225166,1.0,,,1.0
13682,25.829971,1.0,0.0,1.0,,,1.0
13683,10.625091,1.0,0.0,1.0,,,1.0
13684,15.334364,1.0,0.0032467532,1.0,,,1.0
13685,14.178438,1.0,0.0074626864,1.0,,,1.0
13686,21.733793,1.0,0.0,1.0,,,1.0
13687,69.43896,1.0,0.006666667,1.0,,,1.0
13688,28.372871,1.0,0.0,1.0,,,1.0
13689,14.23892,1.0,0.0033670033,1.0,,,1.0
13690,20.559364,1.0,0.0052083335,1.0,,,1.0
13691,51.743202,1.0,0.011904762,1.0,,,1.0
13692,20.486021,1.0,0.012987013,1.0,,,1.0
13693,89.530876,1.0,0.016666668,1.0,,,1.0
13694,24.635878,1.0,0.08,1.0,,,1.0
13695,24.38724,1.0,0.018348623,1.0,,,1.0
13696,51.424828,1.0,0.0,1.0,,,1.0
13697,10.8996315,1.0,0.0,1.0,,,1.0
13698,23.677376,1.0,0.013157895,1.0,,,1.0
13699,13.870851,1.0,0.0031152647,1.0,,,1.0
13700,25.20799,1.0,0.0034013605,1.0,,,1.0
13701,6.4138403,1.0,0.0,1.0,,,1.0
13702,55.412785,1.0,0.006369427,1.0,,,1.0
13703,8.953476,1.0,0.0051282053,1.0,,,1.0
13704,2.5416,1.0,0.0,1.0,,,1.0
13705,20.680834,1.0,0.016129032,1.0,,,1.0
13706,17.75496,1.0,0.008130081,1.0,,,1.0
13707,7.8730083,1.0,0.0,1.0,,,1.0
13708,23.524294,1.0,0.012269938,1.0,,,1.0
13709,33.66225,1.0,0.0029411765,1.0,,,1.0
13710,115.54238,1.0,0.004640371,1.0,,,1.0
13711,21.475208,1.0,0.03125,1.0,,,1.0
13712,20.06328,1.0,0.0,1.0,,,1.0
13713,23.826836,1.0,0.0,1.0,,,1.0
13714,21.09312,1.0,0.0,1.0,,,1.0
13715,32.07225,1.0,0.011560693,1.0,,,1.0
13716,19.636875,1.0,0.0,1.0,,,1.0
13717,4.1798134,1.0,0.009433962,1.0,,,1.0
13718,33.31938,1.0,0.013793103,1.0,,,1.0
13719,20.176226,1.0,0.016393442,1.0,,,1.0
13720,3.87711,1.0,0.007575758,1.0,,,1.0
13721,32.38077,1.0,0.0,1.0,,,1.0
13722,29.289558,1.0,0.011904762,1.0,,,1.0
13723,26.43719,1.0,0.0,1.0,,,1.0
13724,64.03762,1.0,0.0060790274,1.0,,,1.0
13725,11.611037,1.0,0.032258064,1.0,,,1.0
13726,25.99352,1.0,0.025316456,1.0,,,1.0
13727,63.247498,1.0,0.0,1.0,,,1.0
13728,65.70207,1.0,0.007518797,1.0,,,1.0
13729,16.146418,1.0,0.025,1.0,,,1.0
13730,6.171604,1.0,0.006060606,1.0,,,1.0
13731,6.533072,1.0,0.0,1.0,,,1.0
13732,15.960558,1.0,0.0088495575,1.0,,,1.0
13733,115.54238,1.0,0.009803922,1.0,,,1.0
13734,26.285448,1.0,0.010309278,1.0,,,1.0
13735,80.49888,1.0,0.004901961,1.0,,,1.0
13736,32.561844,1.0,0.0050125313,1.0,,,1.0
13737,59.166702,1.0,0.01183432,1.0,,,1.0
13738,5.6473055,1.0,0.03508772,1.0,,,1.0
13739,37.867683,1.0,0.018348623,1.0,,,1.0
13740,17.117393,1.0,0.0,1.0,,,1.0
13741,61.496067,1.0,0.004672897,1.0,,,1.0
13742,31.240677,1.0,0.0,1.0,,,1.0
13743,19.733622,1.0,0.007490637,1.0,,,1.0
13744,48.87688,1.0,0.0076923077,1.0,,,1.0
13745,28.918488,1.0,0.0,1.0,,,1.0
13746,20.51376,1.0,0.008032128,1.0,,,1.0
13747,18.53049,1.0,0.006369427,1.0,,,1.0
13748,18.302738,1.0,0.0,1.0,,,1.0
13749,20.034502,1.0,0.0,1.0,,,1.0
13750,40.258865,1.0,0.0,1.0,,,1.0
13751,28.69466,1.0,0.006535948,1.0,,,1.0
13752,23.861872,1.0,0.030303031,1.0,,,1.0
13753,40.31641,1.0,0.006535948,1.0,,,1.0
13754,45.692894,1.0,0.0,1.0,,,1.0
13755,3.6089733,1.0,0.019607844,1.0,,,1.0
13756,76.26888,1.0,0.007936508,1.0,,,1.0
13757,27.416014,1.0,0.033898305,1.0,,,1.0
13758,16.443638,1.0,0.00295858,1.0,,,1.0
13759,33.70337,1.0,0.005076142,1.0,,,1.0
13760,78.47665,1.0,0.005449591,1.0,,,1.0
13761,12.962901,1.0,0.0,1.0,,,1.0
13762,55.82813,1.0,0.007575758,1.0,,,1.0
13763,49.538654,1.0,0.0058479533,1.0,,,1.0
13764,36.150814,1.0,0.013513514,1.0,,,1.0
13765,31.809446,1.0,0.0,1.0,,,1.0
13766,31.527805,1.0,0.00390625,1.0,,,1.0
13767,15.519409,1.0,0.0,1.0,,,1.0
13768,9.838189,1.0,0.015151516,1.0,,,1.0
13769,61.797504,1.0,0.0054054055,1.0,,,1.0
13770,75.51869,1.0,0.005037783,1.0,,,1.0
13771,38.046215,1.0,0.01459854,1.0,,,1.0
13772,3.7602391,1.0,0.0,1.0,,,1.0
13773,17.241955,1.0,0.0,1.0,,,1.0
13774,27.597525,1.0,0.003787879,1.0,,,1.0
13775,32.000538,1.0,0.0038910506,1.0,,,1.0
13776,12.734979,1.0,0.0,1.0,,,1.0
13777,68.69439,1.0,0.0,1.0,,,1.0
13778,33.20235,1.0,0.0,1.0,,,1.0
13779,13.226166,1.0,0.0,1.0,,,1.0
13780,72.904945,1.0,0.0051282053,1.0,,,1.0
13781,64.32761,1.0,0.015503876,1.0,,,1.0
13782,15.864221,1.0,0.0057803467,1.0,,,1.0
13783,25.792208,1.0,0.0,1.0,,,1.0
13784,33.76362,1.0,0.016528925,1.0,,,1.0
13785,3.644667,1.0,0.0,1.0,,,1.0
13786,6.332669,1.0,0.0,1.0,,,1.0
13787,24.990395,1.0,0.006369427,1.0,,,1.0
13788,81.56986,1.0,0.01923077,1.0,,,1.0
13789,41.83559,1.0,0.007905139,1.0,,,1.0
13790,69.68582,1.0,0.0074074073,1.0,,,1.0
13791,55.8839,1.0,0.007434944,1.0,,,1.0
13792,101.899734,1.0,0.0,1.0,,,1.0
13793,17.016615,1.0,0.0,1.0,,,1.0
13794,79.2343,1.0,0.007194245,1.0,,,1.0
13795,48.210796,1.0,0.0049751243,1.0,,,1.0
13796,40.945526,1.0,0.0068965517,1.0,,,1.0
13797,36.229965,1.0,0.0070921984,1.0,,,1.0
13798,7.8280063,1.0,0.003690037,1.0,,,1.0
13799,15.102434,1.0,0.018518519,1.0,,,1.0
13800,15.864221,1.0,0.0037313432,1.0,,,1.0
13801,57.61974,1.0,0.008,1.0,,,1.0
13802,32.648952,1.0,0.0,1.0,,,1.0
13803,38.853474,1.0,0.00729927,1.0,,,1.0
13804,5.942357,1.0,0.020408163,1.0,,,1.0
13805,12.513949,1.0,0.005076142,1.0,,,1.0
13806,10.696579,1.0,0.0,1.0,,,1.0
13807,79.519646,1.0,0.0047393367,1.0,,,1.0
13808,2.8132048,1.0,0.0,1.0,,,1.0
13809,3.0444338,1.0,0.0,1.0,,,1.0
13810,37.615612,1.0,0.0,1.0,,,1.0
13811,39.077213,1.0,0.012903226,1.0,,,1.0
13812,51.027836,1.0,0.0,1.0,,,1.0
13813,78.47665,1.0,0.007751938,1.0,,,1.0
13814,65.509445,1.0,0.0037593986,1.0,,,1.0
13815,35.239643,1.0,0.0,1.0,,,1.0
13816,48.73418,1.0,0.013513514,1.0,,,1.0
13817,30.029192,1.0,0.006472492,1.0,,,1.0
13818,8.945789,1.0,0.006369427,1.0,,,1.0
13819,14.1096735,1.0,0.0065789474,1.0,,,1.0
13820,73.97231,1.0,0.008130081,1.0,,,1.0
13821,112.21493,1.0,0.010869565,1.0,,,1.0
13822,46.251812,1.0,0.011494253,1.0,,,1.0
13823,10.569151,1.0,0.011235955,1.0,,,1.0
13824,27.555851,1.0,0.0,1.0,,,1.0
13825,17.45658,1.0,0.014492754,1.0,,,1.0
13826,47.03406,1.0,0.0024813896,1.0,,,1.0
13827,75.51869,1.0,0.021505376,1.0,,,1.0
13828,97.18298,1.0,0.005376344,1.0,,,1.0
13829,72.92864,1.0,0.015625,1.0,,,1.0
13830,36.150955,1.0,0.0061728396,1.0,,,1.0
13831,33.50255,1.0,0.010050251,1.0,,,1.0
13832,2.033403,1.0,0.0,1.0,,,1.0
13833,31.113003,1.0,0.0,1.0,,,1.0
13834,36.52819,1.0,0.017699115,1.0,,,1.0
13835,85.54174,1.0,0.0033898305,1.0,,,1.0
13836,40.91182,1.0,0.016393442,1.0,,,1.0
13837,6.678564,1.0,0.032258064,1.0,,,1.0
13838,48.95827,1.0,0.0,1.0,,,1.0
13839,21.56107,1.0,0.014705882,1.0,,,1.0
13840,53.51324,1.0,0.013422819,1.0,,,1.0
13841,59.83391,1.0,0.00625,1.0,,,1.0
13842,6.2788134,1.0,0.002375297,1.0,,,1.0
13843,59.94374,1.0,0.011235955,1.0,,,1.0
13844,12.72942,1.0,0.0,1.0,,,1.0
13845,30.927547,1.0,0.0025974025,1.0,,,1.0
13846,7.107679,1.0,0.025316456,1.0,,,1.0
13847,10.622745,1.0,0.0049751243,1.0,,,1.0
13848,62.911263,1.0,0.0070422534,1.0,,,1.0
13849,44.9093,1.0,0.008163265,1.0,,,1.0
13850,114.3943,1.0,0.003773585,1.0,,,1.0
13851,8.350668,1.0,0.0055555557,1.0,,,1.0
13852,40.323025,1.0,0.0076923077,1.0,,,1.0
13853,37.204697,1.0,0.0051150895,1.0,,,1.0
13854,90.34002,1.0,0.006451613,1.0,,,1.0
13855,9.5154705,1.0,0.0,1.0,,,1.0
13856,17.593369,1.0,0.0,1.0,,,1.0
13857,17.301216,1.0,0.004878049,1.0,,,1.0
13858,41.45175,1.0,0.0,1.0,,,1.0
13859,46.794086,1.0,0.007380074,1.0,,,1.0
13860,32.38077,1.0,0.004132231,1.0,,,1.0
13861,80.49888,1.0,0.00625,1.0,,,1.0
13862,11.590686,1.0,0.0,1.0,,,1.0
13863,33.16621,1.0,0.017699115,1.0,,,1.0
13864,9.371423,1.0,0.0,1.0,,,1.0
13865,21.763315,1.0,0.0,1.0,,,1.0
13866,90.554794,1.0,0.0,1.0,,,1.0
13867,112.43434,1.0,0.006042296,1.0,,,1.0
13868,3.023619,1.0,0.0952381,1.0,,,1.0
13869,34.309574,1.0,0.0,1.0,,,1.0
13870,43.452435,1.0,0.008163265,1.0,,,1.0
13871,5.2299333,1.0,0.0,1.0,,,1.0
13872,12.803954,1.0,0.009803922,1.0,,,1.0
13873,27.870028,1.0,0.011428571,1.0,,,1.0
13874,67.19436,1.0,0.01,1.0,,,1.0
13875,83.57953,1.0,0.011173184,1.0,,,1.0
13876,24.530201,1.0,0.0,1.0,,,1.0
13877,8.656125,1.0,0.0057142857,1.0,,,1.0
13878,17.043432,1.0,0.015625,1.0,,,1.0
13879,73.267296,1.0,0.0043290043,1.0,,,1.0
13880,29.55012,1.0,0.005050505,1.0,,,1.0
13881,7.5977507,1.0,0.0,1.0,,,1.0
13882,23.84089,1.0,0.0,1.0,,,1.0
13883,42.09108,1.0,0.0054054055,1.0,,,1.0
13884,56.716984,1.0,0.0068259384,1.0,,,1.0
13885,21.264977,1.0,0.008695652,1.0,,,1.0
13886,63.79785,1.0,0.016129032,1.0,,,1.0
13887,26.060339,1.0,0.015151516,1.0,,,1.0
13888,6.200234,1.0,0.071428575,1.0,,,1.0
13889,39.670795,1.0,0.007936508,1.0,,,1.0
13890,60.873123,1.0,0.009090909,1.0,,,1.0
13891,38.04505,1.0,0.0,1.0,,,1.0
13892,17.010706,1.0,0.0,1.0,,,1.0
13893,37.937656,1.0,0.015384615,1.0,,,1.0
13894,34.979244,1.0,0.0,1.0,,,1.0
13895,22.453896,1.0,0.007194245,1.0,,,1.0
13896,29.563976,1.0,0.004132231,1.0,,,1.0
13897,44.951385,1.0,0.010752688,1.0,,,1.0
13898,24.933973,1.0,0.0,1.0,,,1.0
13899,55.315052,1.0,0.011627907,1.0,,,1.0
13900,19.767784,1.0,0.03448276,1.0,,,1.0
13901,29.27414,1.0,0.0019723866,1.0,,,1.0
13902,40.46492,1.0,0.02631579,1.0,,,1.0
13903,66.737206,1.0,0.040816326,1.0,,,1.0
13904,78.47665,1.0,0.0043956046,1.0,,,1.0
13905,63.247498,1.0,0.0019723866,1.0,,,1.0
13906,62.63384,1.0,0.011235955,1.0,,,1.0
13907,112.43434,1.0,0.005509642,1.0,,,1.0
13908,59.164825,1.0,0.016393442,1.0,,,1.0
13909,21.804506,1.0,0.019607844,1.0,,,1.0
13910,37.1636,1.0,0.015384615,1.0,,,1.0
13911,59.106697,1.0,0.0032573289,1.0,,,1.0
13912,5.117437,1.0,0.0,1.0,,,1.0
13913,73.42956,1.0,0.004484305,1.0,,,1.0
13914,38.836533,1.0,0.0,1.0,,,1.0
13915,14.378158,1.0,0.0,1.0,,,1.0
13916,34.676586,1.0,0.005249344,1.0,,,1.0
13917,24.73733,1.0,0.017699115,1.0,,,1.0
13918,14.960943,1.0,0.008810572,1.0,,,1.0
13919,10.430222,1.0,0.0,1.0,,,1.0
13920,26.038668,1.0,0.005,1.0,,,1.0
13921,7.4912186,1.0,0.0078125,1.0,,,1.0
13922,27.446861,1.0,0.011235955,1.0,,,1.0
13923,26.464878,1.0,0.03773585,1.0,,,1.0
13924,7.50084,1.0,0.0049751243,1.0,,,1.0
13925,63.03454,1.0,0.011627907,1.0,,,1.0
13926,93.26041,1.0,0.0037453184,1.0,,,1.0
13927,29.836765,1.0,0.0078125,1.0,,,1.0
13928,14.08542,1.0,0.0,1.0,,,1.0
13929,20.995932,1.0,0.0,1.0,,,1.0
13930,14.057926,1.0,0.016393442,1.0,,,1.0
13931,5.1702476,1.0,0.0,1.0,,,1.0
13932,26.094519,1.0,0.006060606,1.0,,,1.0
13933,50.94985,1.0,0.0041237115,1.0,,,1.0
13934,50.24949,1.0,0.0049875313,1.0,,,1.0
13935,25.388958,1.0,0.0,1.0,,,1.0
13936,44.90611,1.0,0.01980198,1.0,,,1.0
13937,11.588625,1.0,0.028571429,1.0,,,1.0
13938,73.504425,1.0,0.009433962,1.0,,,1.0
13939,12.085133,1.0,0.024390243,1.0,,,1.0
13940,11.133518,1.0,0.0,1.0,,,1.0
13941,11.686213,1.0,0.001984127,1.0,,,1.0
13942,17.966253,1.0,0.0,1.0,,,1.0
13943,7.5131583,1.0,0.0,1.0,,,1.0
13944,72.048134,1.0,0.005934718,1.0,,,1.0
13945,57.42195,1.0,0.0060975607,1.0,,,1.0
13946,2.8880868,1.0,0.0,1.0,,,1.0
13947,60.079163,1.0,0.014925373,1.0,,,1.0
13948,2.5611994,1.0,0.0,1.0,,,1.0
13949,2.881962,1.0,0.003929273,1.0,,,1.0
13950,11.264287,1.0,0.0,1.0,,,1.0
13951,43.09123,1.0,0.009661836,1.0,,,1.0
13952,68.1871,1.0,0.0052083335,1.0,,,1.0
13953,37.598587,1.0,0.0,1.0,,,1.0
13954,75.32171,1.0,0.009803922,1.0,,,1.0
13955,58.016228,1.0,0.020833334,1.0,,,1.0
13956,40.240288,1.0,0.011904762,1.0,,,1.0
13957,17.857367,1.0,0.008547009,1.0,,,1.0
13958,33.002865,1.0,0.0060975607,1.0,,,1.0
13959,11.867704,1.0,0.023809524,1.0,,,1.0
13960,67.39132,1.0,0.0093896715,1.0,,,1.0
13961,15.549455,1.0,0.0,1.0,,,1.0
13962,13.377884,1.0,0.0,1.0,,,1.0
13963,23.475601,1.0,0.0,1.0,,,1.0
13964,19.445839,1.0,0.0,1.0,,,1.0
13965,25.374695,1.0,0.0078125,1.0,,,1.0
13966,5.888573,1.0,0.0,1.0,,,1.0
13967,31.4894,1.0,0.010869565,1.0,,,1.0
13968,74.078445,1.0,0.0066225166,1.0,,,1.0
13969,8.036876,1.0,0.0,1.0,,,1.0
13970,102.72474,1.0,0.007518797,1.0,,,1.0
13971,20.293552,1.0,0.0,1.0,,,1.0
13972,61.61508,1.0,0.011235955,1.0,,,1.0
13973,27.353945,1.0,0.011494253,1.0,,,1.0
13974,44.19484,1.0,0.0050125313,1.0,,,1.0
13975,25.250355,1.0,0.0,1.0,,,1.0
13976,48.068512,1.0,0.010416667,1.0,,,1.0
13977,17.825897,1.0,0.0,1.0,,,1.0
13978,13.872756,1.0,0.0,1.0,,,1.0
13979,9.884294,1.0,0.0,1.0,,,1.0
13980,8.6702175,1.0,0.0067114094,1.0,,,1.0
13981,53.98461,1.0,0.011049724,1.0,,,1.0
13982,27.356604,1.0,0.0,1.0,,,1.0
13983,22.978668,1.0,0.0,1.0,,,1.0
13984,24.2906,1.0,0.010526316,1.0,,,1.0
13985,94.0619,1.0,0.0048076925,1.0,,,1.0
13986,8.299956,1.0,0.011560693,1.0,,,1.0
13987,15.989485,1.0,0.0,1.0,,,1.0
13988,100.17136,1.0,0.0047281324,1.0,,,1.0
13989,20.65496,1.0,0.0014430014,1.0,,,1.0
13990,22.009079,1.0,0.0057803467,1.0,,,1.0
13991,25.388958,1.0,0.0,1.0,,,1.0
13992,41.499702,1.0,0.016806724,1.0,,,1.0
13993,5.8161807,1.0,0.0,1.0,,,1.0
13994,31.98157,1.0,0.011428571,1.0,,,1.0
13995,105.86188,1.0,0.013513514,1.0,,,1.0
13996,37.235497,1.0,0.008547009,1.0,,,1.0
13997,30.739561,1.0,0.017699115,1.0,,,1.0
13998,42.89122,1.0,0.0076923077,1.0,,,1.0
13999,17.76012,1.0,0.024390243,1.0,,,1.0
14000,10.65601,1.0,0.0,1.0,,,1.0
14001,36.557713,1.0,0.016806724,1.0,,,1.0
14002,82.85125,1.0,0.008333334,1.0,,,1.0
14003,10.110671,1.0,0.0,1.0,,,1.0
14004,53.371506,1.0,0.012048192,1.0,,,1.0
14005,18.178839,1.0,0.0125,1.0,,,1.0
14006,43.056564,1.0,0.018691588,1.0,,,1.0
14007,16.90457,1.0,0.0032258064,1.0,,,1.0
14008,14.763554,1.0,0.01369863,1.0,,,1.0
14009,3.3022,1.0,0.01754386,1.0,,,1.0
14010,18.752657,1.0,0.015267176,1.0,,,1.0
14011,60.758087,1.0,0.006993007,1.0,,,1.0
14012,63.4572,1.0,0.0,1.0,,,1.0
14013,12.952421,1.0,0.011764706,1.0,,,1.0
14014,2.5731308,1.0,0.0064935065,1.0,,,1.0
14015,43.09123,1.0,0.0,1.0,,,1.0
14016,10.489227,1.0,0.005076142,1.0,,,1.0
14017,59.60921,1.0,0.003649635,1.0,,,1.0
14018,98.70822,1.0,0.016129032,1.0,,,1.0
14019,17.114206,1.0,0.0,1.0,,,1.0
14020,8.913023,1.0,0.0,1.0,,,1.0
14021,16.803806,1.0,0.0,1.0,,,1.0
14022,37.873116,1.0,0.010526316,1.0,,,1.0
14023,17.737242,1.0,0.017857144,1.0,,,1.0
14024,27.376534,1.0,0.009259259,1.0,,,1.0
14025,13.810226,1.0,0.0,1.0,,,1.0
14026,61.374542,1.0,0.0,1.0,,,1.0
14027,100.17136,1.0,0.008583691,1.0,,,1.0
14028,36.605022,1.0,0.006802721,1.0,,,1.0
14029,19.152512,1.0,0.005882353,1.0,,,1.0
14030,4.8625884,1.0,0.007194245,1.0,,,1.0
14031,17.857367,1.0,0.04,1.0,,,1.0
14032,50.074543,1.0,0.0,1.0,,,1.0
14033,44.951385,1.0,0.005235602,1.0,,,1.0
14034,25.499916,1.0,0.0,1.0,,,1.0
14035,28.040092,1.0,0.018518519,1.0,,,1.0
14036,86.73833,1.0,0.0056179776,1.0,,,1.0
14037,1.2810702,1.0,0.003236246,1.0,,,1.0
14038,19.816198,1.0,0.005882353,1.0,,,1.0
14039,22.179342,1.0,0.0,1.0,,,1.0
14040,51.793728,1.0,0.003773585,1.0,,,1.0
14041,69.46431,1.0,0.0035971224,1.0,,,1.0
14042,19.946795,1.0,0.0,1.0,,,1.0
14043,95.84354,1.0,0.008928572,1.0,,,1.0
14044,24.882086,1.0,0.011764706,1.0,,,1.0
14045,32.65515,1.0,0.006369427,1.0,,,1.0
14046,24.282587,1.0,0.005509642,1.0,,,1.0
14047,64.16052,1.0,0.0,1.0,,,1.0
14048,29.421946,1.0,0.009569378,1.0,,,1.0
14049,27.19665,1.0,0.0028818443,1.0,,,1.0
14050,54.970505,1.0,0.008368201,1.0,,,1.0
14051,35.23551,1.0,0.0,1.0,,,1.0
14052,7.408424,1.0,0.021505376,1.0,,,1.0
14053,94.27873,1.0,0.0049875313,1.0,,,1.0
14054,33.95981,1.0,0.018181818,1.0,,,1.0
14055,46.882812,1.0,0.002631579,1.0,,,1.0
14056,48.390846,1.0,0.00896861,1.0,,,1.0
14057,30.100483,1.0,0.009852217,1.0,,,1.0
14058,48.92327,1.0,0.026666667,1.0,,,1.0
14059,1.2041918,1.0,0.0,1.0,,,1.0
14060,31.527805,1.0,0.003968254,1.0,,,1.0
14061,14.718591,1.0,0.0088495575,1.0,,,1.0
14062,26.906616,1.0,0.016129032,1.0,,,1.0
14063,55.130615,1.0,0.00877193,1.0,,,1.0
14064,14.468913,1.0,0.005376344,1.0,,,1.0
14065,23.228024,1.0,0.01,1.0,,,1.0
14066,43.420414,1.0,0.005988024,1.0,,,1.0
14067,33.09114,1.0,0.0,1.0,,,1.0
14068,7.465353,1.0,0.0,1.0,,,1.0
14069,8.708295,1.0,0.0,1.0,,,1.0
14070,2.2816777,1.0,0.0,1.0,,,1.0
14071,43.21256,1.0,0.007843138,1.0,,,1.0
14072,6.3242445,1.0,0.02020202,1.0,,,1.0
14073,53.86719,1.0,0.0032258064,1.0,,,1.0
14074,112.21493,1.0,0.010050251,1.0,,,1.0
14075,24.482115,1.0,0.008928572,1.0,,,1.0
14076,44.199844,1.0,0.028169014,1.0,,,1.0
14077,57.51592,1.0,0.0,1.0,,,1.0
14078,38.96952,1.0,0.010309278,1.0,,,1.0
14079,50.562813,1.0,0.015873017,1.0,,,1.0
14080,24.153593,1.0,0.002994012,1.0,,,1.0
14081,9.962406,1.0,0.0,1.0,,,1.0
14082,37.211807,1.0,0.0,1.0,,,1.0
14083,4.2962,1.0,0.0,1.0,,,1.0
14084,61.61508,1.0,0.015748031,1.0,,,1.0
14085,29.943281,1.0,0.0121951215,1.0,,,1.0
14086,55.378963,1.0,0.0,1.0,,,1.0
14087,38.605515,1.0,0.008403362,1.0,,,1.0
14088,18.061148,1.0,0.020833334,1.0,,,1.0
14089,35.334816,1.0,0.0,1.0,,,1.0
14090,5.546018,1.0,0.015873017,1.0,,,1.0
14091,41.9524,1.0,0.0,1.0,,,1.0
14092,4.418746,1.0,0.035714287,1.0,,,1.0
14093,54.94692,1.0,0.015748031,1.0,,,1.0
14094,15.952163,1.0,0.016129032,1.0,,,1.0
14095,16.941963,1.0,0.027027028,1.0,,,1.0
14096,11.669267,1.0,0.009259259,1.0,,,1.0
14097,20.2618,1.0,0.0034965035,1.0,,,1.0
14098,19.924425,1.0,0.0,1.0,,,1.0
14099,101.899734,1.0,0.0047393367,1.0,,,1.0
14100,66.737206,1.0,0.0032310179,1.0,,,1.0
14101,39.3626,1.0,0.0070422534,1.0,,,1.0
14102,44.69185,1.0,0.006329114,1.0,,,1.0
14103,13.637384,1.0,0.0,1.0,,,1.0
14104,22.182692,1.0,0.0,1.0,,,1.0
14105,24.516634,1.0,0.00913242,1.0,,,1.0
14106,7.3680243,1.0,0.0068965517,1.0,,,1.0
14107,17.221462,1.0,0.0072727273,1.0,,,1.0
14108,89.84659,1.0,0.0029542097,1.0,,,1.0
14109,9.982097,1.0,0.0,1.0,,,1.0
14110,20.102848,1.0,0.0,1.0,,,1.0
14111,29.145634,1.0,0.013333334,1.0,,,1.0
14112,8.379839,1.0,0.0,1.0,,,1.0
14113,20.610468,1.0,0.008583691,1.0,,,1.0
14114,1.8679328,1.0,0.005181347,1.0,,,1.0
14115,124.35362,1.0,0.0053333333,1.0,,,1.0
14116,63.5304,1.0,0.0040899795,1.0,,,1.0
14117,12.243857,1.0,0.0,1.0,,,1.0
14118,117.691864,1.0,0.004310345,1.0,,,1.0
14119,21.61257,1.0,0.0,1.0,,,1.0
14120,29.574545,1.0,0.027777778,1.0,,,1.0
14121,9.335587,1.0,0.0,1.0,,,1.0
14122,47.072884,1.0,0.0058139535,1.0,,,1.0
14123,9.298803,1.0,0.0,1.0,,,1.0
14124,53.86719,1.0,0.006024096,1.0,,,1.0
14125,13.936645,1.0,0.0,1.0,,,1.0
14126,68.608795,1.0,0.0065146578,1.0,,,1.0
14127,79.26367,1.0,0.011494253,1.0,,,1.0
14128,28.392302,1.0,0.0091743115,1.0,,,1.0
14129,51.34904,1.0,0.011173184,1.0,,,1.0
14130,24.043055,1.0,0.025641026,1.0,,,1.0
14131,5.942357,1.0,0.004830918,1.0,,,1.0
14132,7.0594473,1.0,0.0,1.0,,,1.0
14133,17.862709,1.0,0.008547009,1.0,,,1.0
14134,21.05285,1.0,0.018691588,1.0,,,1.0
14135,21.811163,1.0,0.0,1.0,,,1.0
14136,32.843678,1.0,0.006451613,1.0,,,1.0
14137,18.080887,1.0,0.0,1.0,,,1.0
14138,70.459526,1.0,0.019607844,1.0,,,1.0
14139,29.832024,1.0,0.0,1.0,,,1.0
14140,15.453955,1.0,0.0046948357,1.0,,,1.0
14141,61.19076,1.0,0.0,1.0,,,1.0
14142,18.426695,1.0,0.0,1.0,,,1.0
14143,20.032597,1.0,0.00990099,1.0,,,1.0
14144,28.272781,1.0,0.0,1.0,,,1.0
14145,17.160767,1.0,0.013422819,1.0,,,1.0
14146,47.886868,1.0,0.012345679,1.0,,,1.0
14147,46.32421,1.0,0.009345794,1.0,,,1.0
14148,24.118095,1.0,0.016393442,1.0,,,1.0
14149,59.4938,1.0,0.0049875313,1.0,,,1.0
14150,59.53064,1.0,0.026666667,1.0,,,1.0
14151,10.345575,1.0,0.0053475937,1.0,,,1.0
14152,14.267914,1.0,0.012048192,1.0,,,1.0
14153,22.883543,1.0,0.0,1.0,,,1.0
14154,28.905222,1.0,0.0,1.0,,,1.0
14155,2.6569386,1.0,0.0049751243,1.0,,,1.0
14156,3.4746416,1.0,0.0,1.0,,,1.0
14157,0.75050557,1.0,0.0,1.0,,,1.0
14158,16.046627,1.0,0.010362694,1.0,,,1.0
14159,17.474966,1.0,0.0,1.0,,,1.0
14160,41.412525,1.0,0.005050505,1.0,,,1.0
14161,8.590328,1.0,0.0,1.0,,,1.0
14162,68.777306,1.0,0.007936508,1.0,,,1.0
14163,67.420876,1.0,0.0033003301,1.0,,,1.0
14164,38.48022,1.0,0.01010101,1.0,,,1.0
14165,49.87287,1.0,0.0032786885,1.0,,,1.0
14166,41.089687,1.0,0.004132231,1.0,,,1.0
14167,17.862709,1.0,0.0,1.0,,,1.0
14168,83.36918,1.0,0.0,1.0,,,1.0
14169,16.47135,1.0,0.02247191,1.0,,,1.0
14170,23.061047,1.0,0.011904762,1.0,,,1.0
14171,23.36335,1.0,0.0,1.0,,,1.0
14172,65.23029,1.0,0.002074689,1.0,,,1.0
14173,27.870028,1.0,0.013245033,1.0,,,1.0
14174,11.7425785,1.0,0.0,1.0,,,1.0
14175,45.104282,1.0,0.0,1.0,,,1.0
14176,46.452103,1.0,0.01923077,1.0,,,1.0
14177,7.121107,1.0,0.0,1.0,,,1.0
14178,46.917625,1.0,0.0038610038,1.0,,,1.0
14179,9.886144,1.0,0.006557377,1.0,,,1.0
14180,106.36559,1.0,0.009433962,1.0,,,1.0
14181,30.882236,1.0,0.040816326,1.0,,,1.0
14182,57.919827,1.0,0.020408163,1.0,,,1.0
14183,29.326971,1.0,0.0,1.0,,,1.0
14184,98.70822,1.0,0.007633588,1.0,,,1.0
14185,36.986446,1.0,0.0074626864,1.0,,,1.0
14186,80.108826,1.0,0.010989011,1.0,,,1.0
14187,22.809608,1.0,0.0088495575,1.0,,,1.0
14188,29.574545,1.0,0.0121951215,1.0,,,1.0
14189,10.648673,1.0,0.0,1.0,,,1.0
14190,14.938254,1.0,0.0,1.0,,,1.0
14191,14.689215,1.0,0.03448276,1.0,,,1.0
14192,30.882236,1.0,0.005952381,1.0,,,1.0
14193,14.883355,1.0,0.0034602077,1.0,,,1.0
14194,78.72688,1.0,0.003773585,1.0,,,1.0
14195,26.826265,1.0,0.045454547,1.0,,,1.0
14196,102.64424,1.0,0.006756757,1.0,,,1.0
14197,47.223,1.0,0.005988024,1.0,,,1.0
14198,7.9727774,1.0,0.0,1.0,,,1.0
14199,17.653147,1.0,0.0025575447,1.0,,,1.0
14200,25.298908,1.0,0.02,1.0,,,1.0
14201,22.379936,1.0,0.018867925,1.0,,,1.0
14202,7.3689585,1.0,0.008333334,1.0,,,1.0
14203,6.956875,1.0,0.0067114094,1.0,,,1.0
14204,4.6077094,1.0,0.0038022813,1.0,,,1.0
14205,69.440056,1.0,0.018867925,1.0,,,1.0
14206,52.360344,1.0,0.0124223605,1.0,,,1.0
14207,59.26218,1.0,0.0,1.0,,,1.0
14208,84.1685,1.0,0.016129032,1.0,,,1.0
14209,8.886887,1.0,0.0088495575,1.0,,,1.0
14210,23.90581,1.0,0.021276595,1.0,,,1.0
14211,15.253962,1.0,0.0,1.0,,,1.0
14212,38.123722,1.0,0.007874016,1.0,,,1.0
14213,19.805746,1.0,0.0,1.0,,,1.0
14214,26.420227,1.0,0.0078125,1.0,,,1.0
14215,14.0857315,1.0,0.0,1.0,,,1.0
14216,50.191074,1.0,0.0,1.0,,,1.0
14217,10.847514,1.0,0.016949153,1.0,,,1.0
14218,14.169033,1.0,0.004784689,1.0,,,1.0
14219,15.765995,1.0,0.0070921984,1.0,,,1.0
14220,74.239456,1.0,0.018518519,1.0,,,1.0
14221,23.735016,1.0,0.0091743115,1.0,,,1.0
14222,15.765995,1.0,0.011976048,1.0,,,1.0
14223,37.6092,1.0,0.0064102565,1.0,,,1.0
14224,18.195381,1.0,0.004784689,1.0,,,1.0
14225,49.86201,1.0,0.014705882,1.0,,,1.0
14226,29.1023,1.0,0.0,1.0,,,1.0
14227,65.50862,1.0,0.003868472,1.0,,,1.0
14228,53.98461,1.0,0.0036563072,1.0,,,1.0
14229,39.032974,1.0,0.051282052,1.0,,,1.0
14230,56.591736,1.0,0.011111111,1.0,,,1.0
14231,8.715323,1.0,0.011299435,1.0,,,1.0
14232,6.510485,1.0,0.007751938,1.0,,,1.0
14233,6.545789,1.0,0.054054055,1.0,,,1.0
14234,90.34002,1.0,0.00952381,1.0,,,1.0
14235,30.292704,1.0,0.005586592,1.0,,,1.0
14236,21.579836,1.0,0.0,1.0,,,1.0
14237,27.674965,1.0,0.011976048,1.0,,,1.0
14238,38.741913,1.0,0.013513514,1.0,,,1.0
14239,56.69659,1.0,0.007662835,1.0,,,1.0
14240,1.3345906,1.0,0.0,1.0,,,1.0
14241,50.20582,1.0,0.004889976,1.0,,,1.0
14242,23.806738,1.0,0.013333334,1.0,,,1.0
14243,7.531973,1.0,0.0,1.0,,,1.0
14244,16.172783,1.0,0.0,1.0,,,1.0
14245,5.4505424,1.0,0.0,1.0,,,1.0
14246,14.3829975,1.0,0.021505376,1.0,,,1.0
14247,6.0951214,1.0,0.011627907,1.0,,,1.0
14248,46.902042,1.0,0.005221932,1.0,,,1.0
14249,33.109562,1.0,0.01369863,1.0,,,1.0
14250,27.118034,1.0,0.003690037,1.0,,,1.0
14251,42.48564,1.0,0.008064516,1.0,,,1.0
14252,31.352495,1.0,0.015873017,1.0,,,1.0
14253,20.069532,1.0,0.0,1.0,,,1.0
14254,20.738213,1.0,0.026666667,1.0,,,1.0
14255,8.90898,1.0,0.0,1.0,,,1.0
14256,8.2061615,1.0,0.018181818,1.0,,,1.0
14257,54.561714,1.0,0.023809524,1.0,,,1.0
14258,64.704315,1.0,0.007874016,1.0,,,1.0
14259,11.540719,1.0,0.004651163,1.0,,,1.0
14260,9.656795,1.0,0.00952381,1.0,,,1.0
14261,42.193462,1.0,0.004640371,1.0,,,1.0
14262,36.899708,1.0,0.0,1.0,,,1.0
14263,14.988053,1.0,0.0,1.0,,,1.0
14264,26.835497,1.0,0.0,1.0,,,1.0
14265,0.0,1.0,0.0,1.0,,,1.0
14266,48.97928,1.0,0.0038986355,1.0,,,1.0
14267,41.412525,1.0,0.009345794,1.0,,,1.0
14268,10.965063,1.0,0.018181818,1.0,,,1.0
14269,27.715532,1.0,0.002105263,1.0,,,1.0
14270,107.54991,1.0,0.006329114,1.0,,,1.0
14271,14.465026,1.0,0.0,1.0,,,1.0
14272,34.909477,1.0,0.0063492064,1.0,,,1.0
14273,40.254215,1.0,0.012903226,1.0,,,1.0
14274,32.96504,1.0,0.0,1.0,,,1.0
14275,44.69185,1.0,0.0051282053,1.0,,,1.0
14276,17.026337,1.0,0.0,1.0,,,1.0
14277,0.69511515,1.0,0.0,1.0,,,1.0
14278,12.895355,1.0,0.0,1.0,,,1.0
14279,79.519646,1.0,0.0047393367,1.0,,,1.0
14280,37.024452,1.0,0.013888889,1.0,,,1.0
14281,53.51324,1.0,0.014705882,1.0,,,1.0
14282,10.8996315,1.0,0.0,1.0,,,1.0
14283,73.85746,1.0,0.0,1.0,,,1.0
14284,29.41917,1.0,0.01980198,1.0,,,1.0
14285,11.762051,1.0,0.011494253,1.0,,,1.0
14286,21.962276,1.0,0.006134969,1.0,,,1.0
14287,24.835667,1.0,0.008695652,1.0,,,1.0
14288,12.843436,1.0,0.006024096,1.0,,,1.0
14289,22.379463,1.0,0.004405286,1.0,,,1.0
14290,18.169445,1.0,0.004901961,1.0,,,1.0
14291,51.792812,1.0,0.010989011,1.0,,,1.0
14292,14.0857315,1.0,0.0057142857,1.0,,,1.0
14293,16.453362,1.0,0.05882353,1.0,,,1.0
14294,29.604052,1.0,0.021978023,1.0,,,1.0
14295,8.7564745,1.0,0.0,1.0,,,1.0
14296,7.4977436,1.0,0.0063897762,1.0,,,1.0
14297,17.264677,1.0,0.011627907,1.0,,,1.0
14298,40.885918,1.0,0.006060606,1.0,,,1.0
14299,57.013245,1.0,0.0039525693,1.0,,,1.0
14300,102.05991,1.0,0.0037950664,1.0,,,1.0
14301,10.064566,1.0,0.0,1.0,,,1.0
14302,19.846601,1.0,0.010309278,1.0,,,1.0
14303,7.100709,1.0,0.0,1.0,,,1.0
14304,3.6961758,1.0,0.0,1.0,,,1.0
14305,18.47501,1.0,0.0,1.0,,,1.0
14306,18.12367,1.0,0.004405286,1.0,,,1.0
14307,77.30586,1.0,0.00877193,1.0,,,1.0
14308,16.766779,1.0,0.0,1.0,,,1.0
14309,38.61822,1.0,0.032258064,1.0,,,1.0
14310,44.54079,1.0,0.012658228,1.0,,,1.0
14311,55.412785,1.0,0.0,1.0,,,1.0
14312,42.726074,1.0,0.0,1.0,,,1.0
14313,18.691874,1.0,0.0025188916,1.0,,,1.0
14314,73.091606,1.0,0.0061728396,1.0,,,1.0
14315,16.785627,1.0,0.004149378,1.0,,,1.0
14316,5.63547,1.0,0.0,1.0,,,1.0
14317,37.45774,1.0,0.0,1.0,,,1.0
14318,43.21256,1.0,0.012820513,1.0,,,1.0
14319,37.639343,1.0,0.016393442,1.0,,,1.0
14320,12.991876,1.0,0.0,1.0,,,1.0
14321,8.586698,1.0,0.0,1.0,,,1.0
14322,28.43654,1.0,0.008438818,1.0,,,1.0
14323,23.061047,1.0,0.025,1.0,,,1.0
14324,25.20799,1.0,0.0066006603,1.0,,,1.0
14325,26.339779,1.0,0.010152284,1.0,,,1.0
14326,24.065426,1.0,0.010989011,1.0,,,1.0
14327,10.446783,1.0,0.014705882,1.0,,,1.0
14328,29.870943,1.0,0.0116959065,1.0,,,1.0
14329,55.51316,1.0,0.00625,1.0,,,1.0
14330,56.591736,1.0,0.017857144,1.0,,,1.0
14331,41.81353,1.0,0.00591716,1.0,,,1.0
14332,44.910854,1.0,0.010752688,1.0,,,1.0
14333,6.7235136,1.0,0.0,1.0,,,1.0
14334,15.328147,1.0,0.009009009,1.0,,,1.0
14335,51.743202,1.0,0.003984064,1.0,,,1.0
14336,17.509405,1.0,0.013513514,1.0,,,1.0
14337,54.494526,1.0,0.00877193,1.0,,,1.0
14338,51.966015,1.0,0.0053333333,1.0,,,1.0
14339,15.583682,1.0,0.008658009,1.0,,,1.0
14340,4.7293625,1.0,0.0,1.0,,,1.0
14341,15.583682,1.0,0.021505376,1.0,,,1.0
14342,12.883763,1.0,0.0051150895,1.0,,,1.0
14343,4.550091,1.0,0.0,1.0,,,1.0
14344,68.17176,1.0,0.016806724,1.0,,,1.0
14345,14.711373,1.0,0.01010101,1.0,,,1.0
14346,114.88157,1.0,0.0028328612,1.0,,,1.0
14347,44.88213,1.0,0.0078125,1.0,,,1.0
14348,58.16378,1.0,0.004255319,1.0,,,1.0
14349,12.282849,1.0,0.022727273,1.0,,,1.0
14350,87.37963,1.0,0.0056657223,1.0,,,1.0
14351,32.24244,1.0,0.03846154,1.0,,,1.0
14352,108.11063,1.0,0.001858736,1.0,,,1.0
14353,43.064583,1.0,0.016,1.0,,,1.0
14354,27.641802,1.0,0.002688172,1.0,,,1.0
14355,1.1461195,1.0,0.0,1.0,,,1.0
14356,34.865295,1.0,0.0,1.0,,,1.0
14357,21.05285,1.0,0.011299435,1.0,,,1.0
14358,57.766075,1.0,0.022222223,1.0,,,1.0
14359,35.039417,1.0,0.0,1.0,,,1.0
14360,19.36942,1.0,0.00456621,1.0,,,1.0
14361,32.38077,1.0,0.0054054055,1.0,,,1.0
14362,44.19484,1.0,0.0036101083,1.0,,,1.0
14363,11.341791,1.0,0.010309278,1.0,,,1.0
14364,42.433804,1.0,0.0025575447,1.0,,,1.0
14365,9.392084,1.0,0.0044444446,1.0,,,1.0
14366,31.530716,1.0,0.0,1.0,,,1.0
14367,26.114958,1.0,0.0,1.0,,,1.0
14368,13.123409,1.0,0.007936508,1.0,,,1.0
14369,43.639072,1.0,0.03125,1.0,,,1.0
14370,81.40033,1.0,0.022727273,1.0,,,1.0
14371,17.603046,1.0,0.0,1.0,,,1.0
14372,56.376305,1.0,0.0037523452,1.0,,,1.0
14373,33.367817,1.0,0.0,1.0,,,1.0
14374,23.352863,1.0,0.0,1.0,,,1.0
14375,23.58562,1.0,0.0,1.0,,,1.0
14376,8.444095,1.0,0.0125,1.0,,,1.0
14377,53.51324,1.0,0.010869565,1.0,,,1.0
14378,66.482666,1.0,0.0,1.0,,,1.0
14379,22.964855,1.0,0.00990099,1.0,,,1.0
14380,66.380035,1.0,0.004484305,1.0,,,1.0
14381,35.59902,1.0,0.0,1.0,,,1.0
14382,23.848707,1.0,0.0,1.0,,,1.0
14383,11.95074,1.0,0.010989011,1.0,,,1.0
14384,85.70176,1.0,0.007246377,1.0,,,1.0
14385,25.282877,1.0,0.014285714,1.0,,,1.0
14386,23.434078,1.0,0.011764706,1.0,,,1.0
14387,79.90929,1.0,0.007518797,1.0,,,1.0
14388,28.139528,1.0,0.0,1.0,,,1.0
14389,17.558504,1.0,0.008403362,1.0,,,1.0
14390,77.65414,1.0,0.016666668,1.0,,,1.0
14391,69.31382,1.0,0.03448276,1.0,,,1.0
14392,24.433,1.0,0.0,1.0,,,1.0
14393,11.718223,1.0,0.011111111,1.0,,,1.0
14394,125.9227,1.0,0.0036231885,1.0,,,1.0
14395,42.16935,1.0,0.004878049,1.0,,,1.0
14396,12.294084,1.0,0.009259259,1.0,,,1.0
14397,33.16621,1.0,0.0,1.0,,,1.0
14398,24.48463,1.0,0.00729927,1.0,,,1.0
14399,14.193386,1.0,0.0,1.0,,,1.0
14400,112.43434,1.0,0.005221932,1.0,,,1.0
14401,66.737206,1.0,0.0035778175,1.0,,,1.0
14402,72.048134,1.0,0.016,1.0,,,1.0
14403,9.740434,1.0,0.008928572,1.0,,,1.0
14404,33.70337,1.0,0.008695652,1.0,,,1.0
14405,38.553482,1.0,0.0,1.0,,,1.0
14406,16.93822,1.0,0.012121212,1.0,,,1.0
14407,52.401676,1.0,0.0,1.0,,,1.0
14408,36.410408,1.0,0.0036764706,1.0,,,1.0
14409,53.83744,1.0,0.004716981,1.0,,,1.0
14410,45.2774,1.0,0.00990099,1.0,,,1.0
14411,21.050339,1.0,0.012820513,1.0,,,1.0
14412,59.929024,1.0,0.01754386,1.0,,,1.0
14413,5.7442684,1.0,0.010810811,1.0,,,1.0
14414,24.407019,1.0,0.0,1.0,,,1.0
14415,48.93671,1.0,0.008438818,1.0,,,1.0
14416,124.35362,1.0,0.013513514,1.0,,,1.0
14417,17.614965,1.0,0.007936508,1.0,,,1.0
14418,102.88374,1.0,0.00390625,1.0,,,1.0
14419,78.60442,1.0,0.0028011205,1.0,,,1.0
14420,19.744022,1.0,0.018518519,1.0,,,1.0
14421,34.24777,1.0,0.004524887,1.0,,,1.0
14422,14.926314,1.0,0.023529412,1.0,,,1.0
14423,2.1521533,1.0,0.0,1.0,,,1.0
14424,40.88979,1.0,0.0,1.0,,,1.0
14425,20.40353,1.0,0.013245033,1.0,,,1.0
14426,45.776028,1.0,0.006557377,1.0,,,1.0
14427,19.03119,1.0,0.009661836,1.0,,,1.0
14428,7.5269413,1.0,0.0,1.0,,,1.0
14429,7.090699,1.0,0.012345679,1.0,,,1.0
14430,6.3355656,1.0,0.0,1.0,,,1.0
14431,76.26888,1.0,0.048780486,1.0,,,1.0
14432,44.69185,1.0,0.0043010754,1.0,,,1.0
14433,15.078196,1.0,0.002096436,1.0,,,1.0
14434,65.07261,1.0,0.0,1.0,,,1.0
14435,35.419224,1.0,0.0069444445,1.0,,,1.0
14436,15.715205,1.0,0.032786883,1.0,,,1.0
14437,16.010595,1.0,0.007843138,1.0,,,1.0
14438,56.425014,1.0,0.012738854,1.0,,,1.0
14439,70.53568,1.0,0.011235955,1.0,,,1.0
14440,24.976583,1.0,0.0,1.0,,,1.0
14441,46.33236,1.0,0.0057142857,1.0,,,1.0
14442,27.870028,1.0,0.0,1.0,,,1.0
14443,16.159159,1.0,0.0,1.0,,,1.0
14444,28.919506,1.0,0.015384615,1.0,,,1.0
14445,6.266487,1.0,0.011627907,1.0,,,1.0
14446,33.180206,1.0,0.004608295,1.0,,,1.0
14447,22.022913,1.0,0.0,1.0,,,1.0
14448,50.94985,1.0,0.0088495575,1.0,,,1.0
14449,10.67255,1.0,0.009259259,1.0,,,1.0
14450,104.55939,1.0,0.0048076925,1.0,,,1.0
14451,17.096704,1.0,0.008403362,1.0,,,1.0
14452,51.743202,1.0,0.011976048,1.0,,,1.0
14453,8.404041,1.0,0.025641026,1.0,,,1.0
14454,59.60921,1.0,0.004132231,1.0,,,1.0
14455,33.687805,1.0,0.015384615,1.0,,,1.0
14456,19.56064,1.0,0.005076142,1.0,,,1.0
14457,14.605552,1.0,0.010204081,1.0,,,1.0
14458,25.298908,1.0,0.023255814,1.0,,,1.0
14459,11.0226965,1.0,0.019607844,1.0,,,1.0
14460,16.72523,1.0,0.0,1.0,,,1.0
14461,15.174429,1.0,0.005524862,1.0,,,1.0
14462,94.0619,1.0,0.006644518,1.0,,,1.0
14463,18.126677,1.0,0.0054945056,1.0,,,1.0
14464,16.785555,1.0,0.0,1.0,,,1.0
14465,54.036522,1.0,0.0,1.0,,,1.0
14466,33.60434,1.0,0.013333334,1.0,,,1.0
14467,5.08429,1.0,0.006329114,1.0,,,1.0
14468,50.058445,1.0,0.007662835,1.0,,,1.0
14469,66.380035,1.0,0.0053475937,1.0,,,1.0
14470,8.026465,1.0,0.0056497175,1.0,,,1.0
14471,43.38592,1.0,0.010526316,1.0,,,1.0
14472,30.122272,1.0,0.0,1.0,,,1.0
14473,11.714984,1.0,0.008928572,1.0,,,1.0
14474,26.361643,1.0,0.0056657223,1.0,,,1.0
14475,55.581814,1.0,0.0054347827,1.0,,,1.0
14476,33.09787,1.0,0.006451613,1.0,,,1.0
14477,20.999252,1.0,0.013888889,1.0,,,1.0
14478,8.200697,1.0,0.0047393367,1.0,,,1.0
14479,6.1429386,1.0,0.029411765,1.0,,,1.0
14480,27.641802,1.0,0.0,1.0,,,1.0
14481,117.37837,1.0,0.008547009,1.0,,,1.0
14482,15.433346,1.0,0.0,1.0,,,1.0
14483,76.26888,1.0,0.0,1.0,,,1.0
14484,25.714813,1.0,0.045454547,1.0,,,1.0
14485,33.066593,1.0,0.020408163,1.0,,,1.0
14486,61.39275,1.0,0.0,1.0,,,1.0
14487,18.19593,1.0,0.0,1.0,,,1.0
14488,11.413735,1.0,0.0,1.0,,,1.0
14489,14.057926,1.0,0.0068965517,1.0,,,1.0
14490,41.897247,1.0,0.008130081,1.0,,,1.0
14491,102.88374,1.0,0.00862069,1.0,,,1.0
14492,15.829303,1.0,0.0051020407,1.0,,,1.0
14493,94.27873,1.0,0.008810572,1.0,,,1.0
14494,27.19665,1.0,0.0093896715,1.0,,,1.0
14495,2.2123165,1.0,0.0,1.0,,,1.0
14496,65.62722,1.0,0.0046948357,1.0,,,1.0
14497,32.648952,1.0,0.009803922,1.0,,,1.0
14498,17.636772,1.0,0.0,1.0,,,1.0
14499,34.66107,1.0,0.0,1.0,,,1.0
14500,31.816439,1.0,0.0,1.0,,,1.0
14501,26.010574,1.0,0.004484305,1.0,,,1.0
14502,9.445115,1.0,0.013605442,1.0,,,1.0
14503,38.9215,1.0,0.0,1.0,,,1.0
14504,8.693852,1.0,0.0,1.0,,,1.0
14505,85.98801,1.0,0.007662835,1.0,,,1.0
14506,11.850822,1.0,0.0,1.0,,,1.0
14507,9.447042,1.0,0.0,1.0,,,1.0
14508,17.3507,1.0,0.025641026,1.0,,,1.0
14509,7.8080378,1.0,0.0,1.0,,,1.0
14510,19.767784,1.0,0.01369863,1.0,,,1.0
14511,11.791333,1.0,0.012903226,1.0,,,1.0
14512,30.728693,1.0,0.0032894737,1.0,,,1.0
14513,42.80855,1.0,0.0033898305,1.0,,,1.0
14514,38.53932,1.0,0.0,1.0,,,1.0
14515,42.72978,1.0,0.003502627,1.0,,,1.0
14516,88.882866,1.0,0.006756757,1.0,,,1.0
14517,5.512534,1.0,0.0,1.0,,,1.0
14518,17.733772,1.0,0.0037453184,1.0,,,1.0
14519,16.655685,1.0,0.018691588,1.0,,,1.0
14520,24.219833,1.0,0.015384615,1.0,,,1.0
14521,66.481125,1.0,0.004040404,1.0,,,1.0
14522,48.97928,1.0,0.0038834952,1.0,,,1.0
14523,33.791195,1.0,0.0,1.0,,,1.0
14524,37.789955,1.0,0.0071174377,1.0,,,1.0
14525,74.01808,1.0,0.0074626864,1.0,,,1.0
14526,6.835244,1.0,0.0,1.0,,,1.0
14527,44.40515,1.0,0.0,1.0,,,1.0
14528,22.45595,1.0,0.0059701493,1.0,,,1.0
14529,25.250355,1.0,0.008547009,1.0,,,1.0
14530,19.301315,1.0,0.0035842294,1.0,,,1.0
14531,51.027836,1.0,0.0,1.0,,,1.0
14532,124.35362,1.0,0.009259259,1.0,,,1.0
14533,0.56033,1.0,0.0,1.0,,,1.0
14534,28.051071,1.0,0.0,1.0,,,1.0
14535,125.9227,1.0,0.0076045627,1.0,,,1.0
14536,34.999363,1.0,0.029411765,1.0,,,1.0
14537,15.366693,1.0,0.01754386,1.0,,,1.0
14538,65.90885,1.0,0.0039138943,1.0,,,1.0
14539,39.844975,1.0,0.007936508,1.0,,,1.0
14540,30.48075,1.0,0.0,1.0,,,1.0
14541,48.390846,1.0,0.0,1.0,,,1.0
14542,98.70822,1.0,0.013888889,1.0,,,1.0
14543,21.469715,1.0,0.002386635,1.0,,,1.0
14544,2.05903,1.0,0.010526316,1.0,,,1.0
14545,72.848785,1.0,0.0055555557,1.0,,,1.0
14546,7.5353274,1.0,0.010152284,1.0,,,1.0
14547,11.287126,1.0,0.011235955,1.0,,,1.0
14548,14.011762,1.0,0.006329114,1.0,,,1.0
14549,5.7442684,1.0,0.0063492064,1.0,,,1.0
14550,8.4486475,1.0,0.0068965517,1.0,,,1.0
14551,4.803867,1.0,0.0,1.0,,,1.0
14552,33.15942,1.0,0.010989011,1.0,,,1.0
14553,57.324837,1.0,0.0,1.0,,,1.0
14554,2.697255,1.0,0.0,1.0,,,1.0
14555,38.509293,1.0,0.0026385225,1.0,,,1.0
14556,84.1685,1.0,0.01724138,1.0,,,1.0
14557,18.169445,1.0,0.0125,1.0,,,1.0
14558,26.583462,1.0,0.0116959065,1.0,,,1.0
14559,10.360227,1.0,0.0,1.0,,,1.0
14560,20.515524,1.0,0.0,1.0,,,1.0
14561,73.92077,1.0,0.009345794,1.0,,,1.0
14562,30.882236,1.0,0.051282052,1.0,,,1.0
14563,51.705837,1.0,0.013422819,1.0,,,1.0
14564,8.957149,1.0,0.004524887,1.0,,,1.0
14565,96.27794,1.0,0.0035714286,1.0,,,1.0
14566,49.116444,1.0,0.005,1.0,,,1.0
14567,72.63826,1.0,0.008130081,1.0,,,1.0
14568,115.54238,1.0,0.005952381,1.0,,,1.0
14569,40.459732,1.0,0.010471204,1.0,,,1.0
14570,59.740917,1.0,0.006024096,1.0,,,1.0
14571,40.323025,1.0,0.006535948,1.0,,,1.0
14572,49.97481,1.0,0.0,1.0,,,1.0
14573,15.951121,1.0,0.0,1.0,,,1.0
14574,44.28051,1.0,0.0,1.0,,,1.0
14575,33.40486,1.0,0.0,1.0,,,1.0
14576,34.957493,1.0,0.0,1.0,,,1.0
14577,27.8919,1.0,0.0,1.0,,,1.0
14578,35.39015,1.0,0.006666667,1.0,,,1.0
14579,35.419224,1.0,0.0070422534,1.0,,,1.0
14580,85.39203,1.0,0.0039138943,1.0,,,1.0
14581,95.84354,1.0,0.0,1.0,,,1.0
14582,17.76012,1.0,0.024390243,1.0,,,1.0
14583,31.15603,1.0,0.021978023,1.0,,,1.0
14584,33.718445,1.0,0.004219409,1.0,,,1.0
14585,4.647187,1.0,0.051282052,1.0,,,1.0
14586,18.303728,1.0,0.008403362,1.0,,,1.0
14587,13.662764,1.0,0.0,1.0,,,1.0
14588,20.25146,1.0,0.016806724,1.0,,,1.0
14589,5.3180733,1.0,0.0,1.0,,,1.0
14590,4.679618,1.0,0.0,1.0,,,1.0
14591,5.7068577,1.0,0.05882353,1.0,,,1.0
14592,29.459055,1.0,0.012345679,1.0,,,1.0
14593,25.639994,1.0,0.01923077,1.0,,,1.0
14594,59.106697,1.0,0.0057142857,1.0,,,1.0
14595,43.29726,1.0,0.0,1.0,,,1.0
14596,43.430492,1.0,0.025316456,1.0,,,1.0
14597,98.70822,1.0,0.013513514,1.0,,,1.0
14598,19.30016,1.0,0.0,1.0,,,1.0
14599,26.464878,1.0,0.015625,1.0,,,1.0
14600,26.72067,1.0,0.0,1.0,,,1.0
14601,8.825485,1.0,0.013157895,1.0,,,1.0
14602,0.0,1.0,0.0,1.0,,,1.0
14603,31.11036,1.0,0.003921569,1.0,,,1.0
14604,42.90579,1.0,0.0,1.0,,,1.0
14605,53.686928,1.0,0.008888889,1.0,,,1.0
14606,41.499702,1.0,0.012121212,1.0,,,1.0
14607,54.917294,1.0,0.004149378,1.0,,,1.0
14608,61.19076,1.0,0.0062111802,1.0,,,1.0
14609,9.21044,1.0,0.0031948881,1.0,,,1.0
14610,76.96835,1.0,0.0077220076,1.0,,,1.0
14611,22.074535,1.0,0.005988024,1.0,,,1.0
14612,13.783965,1.0,0.027027028,1.0,,,1.0
14613,12.562007,1.0,0.0,1.0,,,1.0
14614,64.03762,1.0,0.008163265,1.0,,,1.0
14615,67.00446,1.0,0.0022172949,1.0,,,1.0
14616,1.2510791,1.0,0.0,1.0,,,1.0
14617,45.732464,1.0,0.008438818,1.0,,,1.0
14618,33.721535,1.0,0.007380074,1.0,,,1.0
14619,17.159458,1.0,0.019607844,1.0,,,1.0
14620,17.99455,1.0,0.008230452,1.0,,,1.0
14621,21.405848,1.0,0.01058201,1.0,,,1.0
14622,41.445866,1.0,0.015384615,1.0,,,1.0
14623,88.42126,1.0,0.007968128,1.0,,,1.0
14624,37.94459,1.0,0.0022573364,1.0,,,1.0
14625,2.2816777,1.0,0.033898305,1.0,,,1.0
14626,11.767868,1.0,0.01724138,1.0,,,1.0
14627,20.519148,1.0,0.003960396,1.0,,,1.0
14628,47.072884,1.0,0.017699115,1.0,,,1.0
14629,30.149088,1.0,0.005235602,1.0,,,1.0
14630,96.84659,1.0,0.0017667845,1.0,,,1.0
14631,16.785555,1.0,0.0,1.0,,,1.0
14632,46.45698,1.0,0.007751938,1.0,,,1.0
14633,24.426115,1.0,0.0038314175,1.0,,,1.0
14634,21.765255,1.0,0.0,1.0,,,1.0
14635,5.517007,1.0,0.0,1.0,,,1.0
14636,23.433702,1.0,0.007782101,1.0,,,1.0
14637,23.26793,1.0,0.00456621,1.0,,,1.0
14638,8.0850725,1.0,0.0,1.0,,,1.0
14639,78.09253,1.0,0.00990099,1.0,,,1.0
14640,88.16907,1.0,0.0020120724,1.0,,,1.0
14641,88.475075,1.0,0.004608295,1.0,,,1.0
14642,36.129944,1.0,0.014925373,1.0,,,1.0
14643,47.018696,1.0,0.0056818184,1.0,,,1.0
14644,42.245228,1.0,0.0099502485,1.0,,,1.0
14645,22.250332,1.0,0.0074074073,1.0,,,1.0
14646,11.95074,1.0,0.005235602,1.0,,,1.0
14647,30.859509,1.0,0.0,1.0,,,1.0
14648,19.634432,1.0,0.016393442,1.0,,,1.0
14649,16.865042,1.0,0.013071896,1.0,,,1.0
14650,19.544119,1.0,0.006134969,1.0,,,1.0
14651,59.60921,1.0,0.0022573364,1.0,,,1.0
14652,67.00446,1.0,0.0037664783,1.0,,,1.0
14653,32.35161,1.0,0.0,1.0,,,1.0
14654,19.418272,1.0,0.018181818,1.0,,,1.0
14655,49.76838,1.0,0.0069444445,1.0,,,1.0
14656,34.37169,1.0,0.0,1.0,,,1.0
14657,16.293158,1.0,0.0,1.0,,,1.0
14658,12.578396,1.0,0.0,1.0,,,1.0
14659,25.20799,1.0,0.009615385,1.0,,,1.0
14660,30.927547,1.0,0.0,1.0,,,1.0
14661,15.072359,1.0,0.030303031,1.0,,,1.0
14662,8.524437,1.0,0.0,1.0,,,1.0
14663,1.431874,1.0,0.04255319,1.0,,,1.0
14664,14.035256,1.0,0.0062111802,1.0,,,1.0
14665,51.147472,1.0,0.037037037,1.0,,,1.0
14666,17.798243,1.0,0.0,1.0,,,1.0
14667,8.959865,1.0,0.02631579,1.0,,,1.0
14668,25.788816,1.0,0.0,1.0,,,1.0
14669,41.959114,1.0,0.007490637,1.0,,,1.0
14670,57.42195,1.0,0.010362694,1.0,,,1.0
14671,16.046627,1.0,0.009090909,1.0,,,1.0
14672,64.59455,1.0,0.0,1.0,,,1.0
14673,37.81681,1.0,0.014705882,1.0,,,1.0
14674,32.96143,1.0,0.0,1.0,,,1.0
14675,96.54093,1.0,0.008032128,1.0,,,1.0
14676,3.0171173,1.0,0.05882353,1.0,,,1.0
14677,11.883891,1.0,0.0,1.0,,,1.0
14678,47.03406,1.0,0.0054347827,1.0,,,1.0
14679,22.060228,1.0,0.03508772,1.0,,,1.0
14680,22.59423,1.0,0.03508772,1.0,,,1.0
14681,74.786865,1.0,0.0072202166,1.0,,,1.0
14682,31.928665,1.0,0.019607844,1.0,,,1.0
14683,89.88506,1.0,0.00591716,1.0,,,1.0
14684,49.520912,1.0,0.0,1.0,,,1.0
14685,12.693286,1.0,0.0,1.0,,,1.0
14686,28.118639,1.0,0.0,1.0,,,1.0
14687,57.244225,1.0,0.004464286,1.0,,,1.0
14688,60.758087,1.0,0.009803922,1.0,,,1.0
14689,115.54238,1.0,0.0054200543,1.0,,,1.0
14690,29.02322,1.0,0.028571429,1.0,,,1.0
14691,36.180534,1.0,0.006779661,1.0,,,1.0
14692,46.634182,1.0,0.008064516,1.0,,,1.0
14693,19.316765,1.0,0.0,1.0,,,1.0
14694,76.92968,1.0,0.0,1.0,,,1.0
14695,73.92077,1.0,0.010309278,1.0,,,1.0
14696,39.80052,1.0,0.0,1.0,,,1.0
14697,49.186054,1.0,0.0025575447,1.0,,,1.0
14698,36.51394,1.0,0.009756098,1.0,,,1.0
14699,14.17463,1.0,0.011111111,1.0,,,1.0
14700,39.009,1.0,0.011764706,1.0,,,1.0
14701,20.768625,1.0,0.0,1.0,,,1.0
14702,27.599611,1.0,0.015873017,1.0,,,1.0
14703,12.021539,1.0,0.0070422534,1.0,,,1.0
14704,26.420227,1.0,0.0,1.0,,,1.0
14705,12.0041275,1.0,0.00729927,1.0,,,1.0
14706,17.435587,1.0,0.0017391305,1.0,,,1.0
14707,39.815937,1.0,0.012820513,1.0,,,1.0
14708,13.937003,1.0,0.01010101,1.0,,,1.0
14709,26.863457,1.0,0.0067114094,1.0,,,1.0
14710,106.12697,1.0,0.0052083335,1.0,,,1.0
14711,26.612677,1.0,0.005524862,1.0,,,1.0
14712,136.64789,1.0,0.012658228,1.0,,,1.0
14713,25.845207,1.0,0.004255319,1.0,,,1.0
14714,23.06741,1.0,0.0059701493,1.0,,,1.0
14715,115.46164,1.0,0.00862069,1.0,,,1.0
14716,29.709818,1.0,0.003058104,1.0,,,1.0
14717,66.76958,1.0,0.0,1.0,,,1.0
14718,26.617674,1.0,0.025641026,1.0,,,1.0
14719,29.930775,1.0,0.006451613,1.0,,,1.0
14720,35.419224,1.0,0.004651163,1.0,,,1.0
14721,35.239037,1.0,0.0,1.0,,,1.0
14722,115.54238,1.0,0.004338395,1.0,,,1.0
14723,2.310576,1.0,0.0,1.0,,,1.0
14724,32.669132,1.0,0.0043668123,1.0,,,1.0
14725,117.51984,1.0,0.0044444446,1.0,,,1.0
14726,46.32421,1.0,0.0044444446,1.0,,,1.0
14727,56.591736,1.0,0.00952381,1.0,,,1.0
14728,14.352307,1.0,0.01724138,1.0,,,1.0
14729,37.525177,1.0,0.003921569,1.0,,,1.0
14730,55.29369,1.0,0.005988024,1.0,,,1.0
14731,46.932564,1.0,0.014705882,1.0,,,1.0
14732,6.00776,1.0,0.006535948,1.0,,,1.0
14733,25.939163,1.0,0.0,1.0,,,1.0
14734,60.873123,1.0,0.0,1.0,,,1.0
14735,17.079262,1.0,0.01369863,1.0,,,1.0
14736,14.454839,1.0,0.008695652,1.0,,,1.0
14737,17.474966,1.0,0.009009009,1.0,,,1.0
14738,91.68036,1.0,0.005154639,1.0,,,1.0
14739,35.480804,1.0,0.0051150895,1.0,,,1.0
14740,64.1175,1.0,0.0,1.0,,,1.0
14741,14.746225,1.0,0.0,1.0,,,1.0
14742,64.29058,1.0,0.0,1.0,,,1.0
14743,7.225672,1.0,0.006369427,1.0,,,1.0
14744,23.432644,1.0,0.0,1.0,,,1.0
14745,8.6673565,1.0,0.0,1.0,,,1.0
14746,14.956273,1.0,0.028985508,1.0,,,1.0
14747,90.17007,1.0,0.0068965517,1.0,,,1.0
14748,68.1871,1.0,0.005037783,1.0,,,1.0
14749,23.751572,1.0,0.0,1.0,,,1.0
14750,2.4535222,1.0,0.012658228,1.0,,,1.0
14751,115.54238,1.0,0.00754717,1.0,,,1.0
14752,34.37597,1.0,0.006060606,1.0,,,1.0
14753,41.959114,1.0,0.0044247787,1.0,,,1.0
14754,11.453763,1.0,0.0,1.0,,,1.0
14755,125.9227,1.0,0.006644518,1.0,,,1.0
14756,19.684546,1.0,0.0,1.0,,,1.0
14757,20.51376,1.0,0.008298756,1.0,,,1.0
14758,34.672173,1.0,0.0,1.0,,,1.0
14759,9.789369,1.0,0.0,1.0,,,1.0
14760,34.06485,1.0,0.011235955,1.0,,,1.0
14761,48.90187,1.0,0.0,1.0,,,1.0
14762,26.870066,1.0,0.009345794,1.0,,,1.0
14763,42.46549,1.0,0.007380074,1.0,,,1.0
14764,56.591736,1.0,0.004878049,1.0,,,1.0
14765,30.952871,1.0,0.0,1.0,,,1.0
14766,19.733622,1.0,0.0070422534,1.0,,,1.0
14767,27.196362,1.0,0.010989011,1.0,,,1.0
14768,38.150974,1.0,0.0031847134,1.0,,,1.0
14769,1.9930164,1.0,0.0,1.0,,,1.0
14770,63.03454,1.0,0.0014388489,1.0,,,1.0
14771,9.072819,1.0,0.0,1.0,,,1.0
14772,27.124805,1.0,0.0,1.0,,,1.0
14773,81.31214,1.0,0.014492754,1.0,,,1.0
14774,27.93887,1.0,0.0,1.0,,,1.0
14775,15.53365,1.0,0.0022271716,1.0,,,1.0
14776,38.219822,1.0,0.0,1.0,,,1.0
14777,41.775955,1.0,0.003960396,1.0,,,1.0
14778,4.202153,1.0,0.03448276,1.0,,,1.0
14779,11.8579855,1.0,0.0,1.0,,,1.0
14780,17.45658,1.0,0.008547009,1.0,,,1.0
14781,61.496067,1.0,0.009259259,1.0,,,1.0
14782,33.97899,1.0,0.0063091484,1.0,,,1.0
14783,3.5491424,1.0,0.03448276,1.0,,,1.0
14784,14.120529,1.0,0.0091743115,1.0,,,1.0
14785,27.889355,1.0,0.005952381,1.0,,,1.0
14786,76.26888,1.0,0.01,1.0,,,1.0
14787,27.41856,1.0,0.014925373,1.0,,,1.0
14788,32.26128,1.0,0.015625,1.0,,,1.0
14789,102.72474,1.0,0.0044444446,1.0,,,1.0
14790,46.09724,1.0,0.0,1.0,,,1.0
14791,31.563461,1.0,0.01923077,1.0,,,1.0
14792,29.979485,1.0,0.007874016,1.0,,,1.0
14793,2.0402148,1.0,0.002624672,1.0,,,1.0
14794,73.267296,1.0,0.016949153,1.0,,,1.0
14795,6.931857,1.0,0.011235955,1.0,,,1.0
14796,98.70822,1.0,0.0,1.0,,,1.0
14797,36.127247,1.0,0.0,1.0,,,1.0
14798,73.57952,1.0,0.013513514,1.0,,,1.0
14799,5.088759,1.0,0.0,1.0,,,1.0
14800,57.42195,1.0,0.004878049,1.0,,,1.0
14801,44.03998,1.0,0.0070921984,1.0,,,1.0
14802,14.732211,1.0,0.0,1.0,,,1.0
14803,34.95231,1.0,0.0035460992,1.0,,,1.0
14804,12.9007635,1.0,0.0099502485,1.0,,,1.0
14805,8.958007,1.0,0.0,1.0,,,1.0
14806,125.9227,1.0,0.0035714286,1.0,,,1.0
14807,6.432528,1.0,0.0,1.0,,,1.0
14808,19.049698,1.0,0.00729927,1.0,,,1.0
14809,23.464256,1.0,0.0056818184,1.0,,,1.0
14810,23.284428,1.0,0.0,1.0,,,1.0
14811,51.122707,1.0,0.00456621,1.0,,,1.0
14812,15.678867,1.0,0.01923077,1.0,,,1.0
14813,66.482666,1.0,0.003929273,1.0,,,1.0
14814,44.35726,1.0,0.005586592,1.0,,,1.0
14815,13.37858,1.0,0.0,1.0,,,1.0
14816,10.655101,1.0,0.018518519,1.0,,,1.0
14817,30.517681,1.0,0.01980198,1.0,,,1.0
14818,51.757824,1.0,0.0091743115,1.0,,,1.0
14819,6.23831,1.0,0.004255319,1.0,,,1.0
14820,18.126677,1.0,0.0,1.0,,,1.0
14821,34.372967,1.0,0.008097166,1.0,,,1.0
14822,38.739883,1.0,0.003960396,1.0,,,1.0
14823,117.691864,1.0,0.012578616,1.0,,,1.0
14824,26.326637,1.0,0.005376344,1.0,,,1.0
14825,29.71264,1.0,0.0,1.0,,,1.0
14826,32.15523,1.0,0.0046296297,1.0,,,1.0
14827,56.551052,1.0,0.0035971224,1.0,,,1.0
14828,20.610086,1.0,0.0,1.0,,,1.0
14829,19.702127,1.0,0.05263158,1.0,,,1.0
14830,19.031137,1.0,0.008,1.0,,,1.0
14831,34.676586,1.0,0.003236246,1.0,,,1.0
14832,56.638126,1.0,0.0,1.0,,,1.0
14833,7.6889243,1.0,0.0,1.0,,,1.0
14834,48.97928,1.0,0.014925373,1.0,,,1.0
14835,48.79062,1.0,0.008474576,1.0,,,1.0
14836,26.339779,1.0,0.007518797,1.0,,,1.0
14837,86.02153,1.0,0.0,1.0,,,1.0
14838,17.710821,1.0,0.0044444446,1.0,,,1.0
14839,60.873123,1.0,0.01459854,1.0,,,1.0
14840,25.18401,1.0,0.006024096,1.0,,,1.0
14841,8.428541,1.0,0.011494253,1.0,,,1.0
14842,74.25327,1.0,0.017094018,1.0,,,1.0
14843,30.95582,1.0,0.01,1.0,,,1.0
14844,48.453823,1.0,0.025,1.0,,,1.0
14845,15.595029,1.0,0.0,1.0,,,1.0
14846,59.80664,1.0,0.0,1.0,,,1.0
14847,33.345943,1.0,0.009569378,1.0,,,1.0
14848,78.47665,1.0,0.006060606,1.0,,,1.0
14849,52.18484,1.0,0.008130081,1.0,,,1.0
14850,66.769264,1.0,0.0026954177,1.0,,,1.0
14851,9.3743515,1.0,0.0,1.0,,,1.0
14852,25.766495,1.0,0.0,1.0,,,1.0
14853,16.046627,1.0,0.020833334,1.0,,,1.0
14854,10.164048,1.0,0.0,1.0,,,1.0
14855,38.721916,1.0,0.008474576,1.0,,,1.0
14856,23.108297,1.0,0.0014814815,1.0,,,1.0
14857,33.16621,1.0,0.0,1.0,,,1.0
14858,49.640427,1.0,0.0060975607,1.0,,,1.0
14859,10.723165,1.0,0.0,1.0,,,1.0
14860,48.97928,1.0,0.0019569471,1.0,,,1.0
14861,57.282772,1.0,0.005235602,1.0,,,1.0
14862,13.690767,1.0,0.0093896715,1.0,,,1.0
14863,49.474697,1.0,0.0125,1.0,,,1.0
14864,38.605515,1.0,0.008583691,1.0,,,1.0
14865,17.173595,1.0,0.0,1.0,,,1.0
14866,42.433804,1.0,0.016528925,1.0,,,1.0
14867,3.1392286,1.0,0.002386635,1.0,,,1.0
14868,68.44961,1.0,0.012578616,1.0,,,1.0
14869,44.209,1.0,0.0,1.0,,,1.0
14870,19.259283,1.0,0.012345679,1.0,,,1.0
14871,53.683945,1.0,0.009345794,1.0,,,1.0
14872,53.39583,1.0,0.0,1.0,,,1.0
14873,39.496872,1.0,0.0,1.0,,,1.0
14874,49.10451,1.0,0.006849315,1.0,,,1.0
14875,37.328815,1.0,0.0069444445,1.0,,,1.0
14876,9.4071455,1.0,0.0,1.0,,,1.0
14877,39.306293,1.0,0.0045454544,1.0,,,1.0
14878,63.5304,1.0,0.0077220076,1.0,,,1.0
14879,19.673626,1.0,0.0,1.0,,,1.0
14880,14.17463,1.0,0.006060606,1.0,,,1.0
14881,39.309826,1.0,0.029850746,1.0,,,1.0
14882,31.227282,1.0,0.0,1.0,,,1.0
14883,5.5968356,1.0,0.0,1.0,,,1.0
14884,30.157398,1.0,0.019417476,1.0,,,1.0
14885,27.178705,1.0,0.0,1.0,,,1.0
14886,41.53904,1.0,0.005076142,1.0,,,1.0
14887,8.915836,1.0,0.05263158,1.0,,,1.0
14888,14.280531,1.0,0.0028653296,1.0,,,1.0
14889,29.870943,1.0,0.0067114094,1.0,,,1.0
14890,18.087727,1.0,0.0,1.0,,,1.0
14891,19.367182,1.0,0.007067138,1.0,,,1.0
14892,85.39203,1.0,0.0031347962,1.0,,,1.0
14893,32.783146,1.0,0.0,1.0,,,1.0
14894,77.059265,1.0,0.009433962,1.0,,,1.0
14895,15.644454,1.0,0.012658228,1.0,,,1.0
14896,79.26367,1.0,0.0,1.0,,,1.0
14897,29.145634,1.0,0.03773585,1.0,,,1.0
14898,66.482666,1.0,0.012738854,1.0,,,1.0
14899,29.806673,1.0,0.0038461538,1.0,,,1.0
14900,37.789955,1.0,0.0062111802,1.0,,,1.0
14901,32.17467,1.0,0.0058479533,1.0,,,1.0
14902,14.15976,1.0,0.007905139,1.0,,,1.0
14903,16.146418,1.0,0.0,1.0,,,1.0
14904,7.6716256,1.0,0.0056179776,1.0,,,1.0
14905,59.89199,1.0,0.0044444446,1.0,,,1.0
14906,26.026371,1.0,0.0,1.0,,,1.0
14907,25.015917,1.0,0.0,1.0,,,1.0
14908,122.87542,1.0,0.003629764,1.0,,,1.0
14909,4.1850014,1.0,0.014285714,1.0,,,1.0
14910,24.407019,1.0,0.015625,1.0,,,1.0
14911,34.240128,1.0,0.010928961,1.0,,,1.0
14912,9.631986,1.0,0.012820513,1.0,,,1.0
14913,57.966553,1.0,0.025641026,1.0,,,1.0
14914,17.05777,1.0,0.006993007,1.0,,,1.0
14915,27.599611,1.0,0.0,1.0,,,1.0
14916,86.76395,1.0,0.0038314175,1.0,,,1.0
14917,11.992996,1.0,0.0099502485,1.0,,,1.0
14918,73.33548,1.0,0.0037037036,1.0,,,1.0
14919,32.00569,1.0,0.002754821,1.0,,,1.0
14920,12.263607,1.0,0.0,1.0,,,1.0
14921,13.931203,1.0,0.0,1.0,,,1.0
14922,23.362375,1.0,0.0065789474,1.0,,,1.0
14923,23.861872,1.0,0.016393442,1.0,,,1.0
14924,29.944387,1.0,0.010309278,1.0,,,1.0
14925,22.457691,1.0,0.009433962,1.0,,,1.0
14926,69.440056,1.0,0.0,1.0,,,1.0
14927,25.499916,1.0,0.00952381,1.0,,,1.0
14928,8.920841,1.0,0.0,1.0,,,1.0
14929,45.776028,1.0,0.006535948,1.0,,,1.0
14930,37.615612,1.0,0.0039525693,1.0,,,1.0
14931,57.51592,1.0,0.0063897762,1.0,,,1.0
14932,50.50187,1.0,0.0028169013,1.0,,,1.0
14933,40.459732,1.0,0.045454547,1.0,,,1.0
14934,37.420574,1.0,0.01724138,1.0,,,1.0
14935,22.921474,1.0,0.0036764706,1.0,,,1.0
14936,36.557713,1.0,0.023809524,1.0,,,1.0
14937,76.26888,1.0,0.012903226,1.0,,,1.0
14938,17.597094,1.0,0.008130081,1.0,,,1.0
14939,13.429992,1.0,0.0,1.0,,,1.0
14940,58.884464,1.0,0.0125,1.0,,,1.0
14941,9.857204,1.0,0.014285714,1.0,,,1.0
14942,38.509293,1.0,0.005319149,1.0,,,1.0
14943,59.60921,1.0,0.005263158,1.0,,,1.0
14944,9.397729,1.0,0.010256411,1.0,,,1.0
14945,23.015285,1.0,0.0,1.0,,,1.0
14946,26.285448,1.0,0.018518519,1.0,,,1.0
14947,29.834888,1.0,0.030303031,1.0,,,1.0
14948,76.62177,1.0,0.0,1.0,,,1.0
14949,29.79571,1.0,0.013422819,1.0,,,1.0
14950,8.563922,1.0,0.00591716,1.0,,,1.0
14951,59.929024,1.0,0.003508772,1.0,,,1.0
14952,13.674498,1.0,0.0,1.0,,,1.0
14953,66.09364,1.0,0.009569378,1.0,,,1.0
14954,9.464991,1.0,0.0,1.0,,,1.0
14955,4.1491227,1.0,0.0,1.0,,,1.0
14956,94.7449,1.0,0.0116959065,1.0,,,1.0
14957,11.849801,1.0,0.0,1.0,,,1.0
14958,116.13675,1.0,0.010989011,1.0,,,1.0
14959,7.090699,1.0,0.0,1.0,,,1.0
14960,37.94156,1.0,0.0074074073,1.0,,,1.0
14961,13.012477,1.0,0.0,1.0,,,1.0
14962,5.308236,1.0,0.0,1.0,,,1.0
14963,30.08718,1.0,0.011764706,1.0,,,1.0
14964,31.816439,1.0,0.011428571,1.0,,,1.0
14965,44.83272,1.0,0.008064516,1.0,,,1.0
14966,58.939903,1.0,0.020408163,1.0,,,1.0
14967,53.754555,1.0,0.0042283298,1.0,,,1.0
14968,20.885994,1.0,0.003533569,1.0,,,1.0
14969,10.904936,1.0,0.02173913,1.0,,,1.0
14970,16.490858,1.0,0.007751938,1.0,,,1.0
14971,21.353092,1.0,0.016393442,1.0,,,1.0
14972,9.896616,1.0,0.0028985508,1.0,,,1.0
14973,70.227974,1.0,0.013071896,1.0,,,1.0
14974,24.844992,1.0,0.0,1.0,,,1.0
14975,9.684914,1.0,0.0,1.0,,,1.0
14976,20.402931,1.0,0.021276595,1.0,,,1.0
14977,19.853048,1.0,0.0125,1.0,,,1.0
14978,56.009373,1.0,0.008,1.0,,,1.0
14979,101.899734,1.0,0.007662835,1.0,,,1.0
14980,19.80896,1.0,0.010471204,1.0,,,1.0
14981,42.433804,1.0,0.00896861,1.0,,,1.0
14982,67.00446,1.0,0.0037807184,1.0,,,1.0
14983,12.780081,1.0,0.0057803467,1.0,,,1.0
14984,50.381348,1.0,0.011764706,1.0,,,1.0
14985,24.882086,1.0,0.041666668,1.0,,,1.0
14986,49.015846,1.0,0.0036231885,1.0,,,1.0
14987,27.715532,1.0,0.014285714,1.0,,,1.0
14988,7.6234717,1.0,0.0,1.0,,,1.0
14989,7.2672963,1.0,0.0,1.0,,,1.0
14990,16.441637,1.0,0.00877193,1.0,,,1.0
14991,13.286965,1.0,0.0070921984,1.0,,,1.0
14992,22.654228,1.0,0.006849315,1.0,,,1.0
14993,9.797688,1.0,0.0,1.0,,,1.0
14994,91.68036,1.0,0.0054644807,1.0,,,1.0
14995,87.21102,1.0,0.00477327,1.0,,,1.0
14996,36.62049,1.0,0.016129032,1.0,,,1.0
14997,40.31641,1.0,0.023255814,1.0,,,1.0
14998,50.50187,1.0,0.007905139,1.0,,,1.0
14999,30.902964,1.0,0.003144654,1.0,,,1.0
15000,59.643055,1.0,0.004901961,1.0,,,1.0
15001,7.1526766,1.0,0.0,1.0,,,1.0
15002,33.16621,1.0,0.025974026,1.0,,,1.0
15003,55.27203,1.0,0.0,1.0,,,1.0
15004,82.362366,1.0,0.006060606,1.0,,,1.0
15005,64.01263,1.0,0.0037037036,1.0,,,1.0
15006,15.537655,1.0,0.0,1.0,,,1.0
15007,53.86719,1.0,0.0,1.0,,,1.0
15008,35.48768,1.0,0.15384616,1.0,,,1.0
15009,2.6687162,1.0,0.018181818,1.0,,,1.0
15010,10.811478,1.0,0.006756757,1.0,,,1.0
15011,7.373224,1.0,0.0,1.0,,,1.0
15012,102.88374,1.0,0.0053619305,1.0,,,1.0
15013,20.340834,1.0,0.0,1.0,,,1.0
15014,94.27873,1.0,0.0043572984,1.0,,,1.0
15015,4.8055816,1.0,0.055555556,1.0,,,1.0
15016,20.744242,1.0,0.0022675737,1.0,,,1.0
15017,98.70822,1.0,0.016260162,1.0,,,1.0
15018,61.175056,1.0,0.0035906644,1.0,,,1.0
15019,126.36123,1.0,0.0031545742,1.0,,,1.0
15020,51.332123,1.0,0.0,1.0,,,1.0
15021,66.482666,1.0,0.04,1.0,,,1.0
15022,57.022137,1.0,0.006535948,1.0,,,1.0
15023,25.20799,1.0,0.016666668,1.0,,,1.0
15024,8.650897,1.0,0.0,1.0,,,1.0
15025,8.70693,1.0,0.018867925,1.0,,,1.0
15026,48.73418,1.0,0.004962779,1.0,,,1.0
15027,9.19007,1.0,0.0,1.0,,,1.0
15028,38.018078,1.0,0.0,1.0,,,1.0
15029,43.67976,1.0,0.008928572,1.0,,,1.0
15030,19.949017,1.0,0.0038610038,1.0,,,1.0
15031,77.65414,1.0,0.008403362,1.0,,,1.0
15032,41.412525,1.0,0.004158004,1.0,,,1.0
15033,23.62683,1.0,0.0,1.0,,,1.0
15034,63.615448,1.0,0.0,1.0,,,1.0
15035,22.921474,1.0,0.0037037036,1.0,,,1.0
15036,17.875727,1.0,0.00729927,1.0,,,1.0
15037,33.436897,1.0,0.009615385,1.0,,,1.0
15038,32.72976,1.0,0.0038610038,1.0,,,1.0
15039,9.405348,1.0,0.0,1.0,,,1.0
15040,56.591736,1.0,0.010152284,1.0,,,1.0
15041,35.49939,1.0,0.003921569,1.0,,,1.0
15042,3.6657069,1.0,0.0,1.0,,,1.0
15043,11.273919,1.0,0.0,1.0,,,1.0
15044,3.3925757,1.0,0.0,1.0,,,1.0
15045,10.575255,1.0,0.0,1.0,,,1.0
15046,24.44268,1.0,0.02020202,1.0,,,1.0
15047,4.9615016,1.0,0.0,1.0,,,1.0
15048,11.082438,1.0,0.0,1.0,,,1.0
15049,7.484291,1.0,0.04761905,1.0,,,1.0
15050,4.956463,1.0,0.0,1.0,,,1.0
15051,4.7114096,1.0,0.004219409,1.0,,,1.0
15052,66.09364,1.0,0.0,1.0,,,1.0
15053,9.06586,1.0,0.0,1.0,,,1.0
15054,105.24458,1.0,0.004761905,1.0,,,1.0
15055,48.210796,1.0,0.003508772,1.0,,,1.0
15056,21.074625,1.0,0.009615385,1.0,,,1.0
15057,53.408028,1.0,0.010309278,1.0,,,1.0
15058,11.69841,1.0,0.0,1.0,,,1.0
15059,15.497237,1.0,0.0019880715,1.0,,,1.0
15060,38.6258,1.0,0.0,1.0,,,1.0
15061,23.432644,1.0,0.011494253,1.0,,,1.0
15062,13.677582,1.0,0.0,1.0,,,1.0
15063,81.40033,1.0,0.006134969,1.0,,,1.0
15064,30.074759,1.0,0.029411765,1.0,,,1.0
15065,29.92968,1.0,0.014084507,1.0,,,1.0
15066,59.80664,1.0,0.0,1.0,,,1.0
15067,56.591736,1.0,0.0060790274,1.0,,,1.0
15068,59.80664,1.0,0.006451613,1.0,,,1.0
15069,58.573277,1.0,0.0,1.0,,,1.0
15070,12.231929,1.0,0.008130081,1.0,,,1.0
15071,48.762024,1.0,0.0061728396,1.0,,,1.0
15072,79.59619,1.0,0.007518797,1.0,,,1.0
15073,33.364864,1.0,0.01923077,1.0,,,1.0
15074,14.18638,1.0,0.009478673,1.0,,,1.0
15075,15.334364,1.0,0.0,1.0,,,1.0
15076,57.788727,1.0,0.009302326,1.0,,,1.0
15077,23.609406,1.0,0.009259259,1.0,,,1.0
15078,41.896385,1.0,0.0022271716,1.0,,,1.0
15079,29.574545,1.0,0.01438849,1.0,,,1.0
15080,12.9007635,1.0,0.0,1.0,,,1.0
15081,44.738903,1.0,0.012345679,1.0,,,1.0
15082,77.30586,1.0,0.012903226,1.0,,,1.0
15083,36.048527,1.0,0.0032573289,1.0,,,1.0
15084,87.5407,1.0,0.0066225166,1.0,,,1.0
15085,17.19048,1.0,0.007518797,1.0,,,1.0
15086,14.759366,1.0,0.0,1.0,,,1.0
15087,24.558334,1.0,0.014084507,1.0,,,1.0
15088,30.460304,1.0,0.0065789474,1.0,,,1.0
15089,55.833904,1.0,0.010050251,1.0,,,1.0
15090,12.901404,1.0,0.0,1.0,,,1.0
15091,44.88213,1.0,0.0,1.0,,,1.0
15092,42.447838,1.0,0.0065146578,1.0,,,1.0
15093,48.97928,1.0,0.0060975607,1.0,,,1.0
15094,95.84354,1.0,0.015384615,1.0,,,1.0
15095,58.774593,1.0,0.01369863,1.0,,,1.0
15096,88.05227,1.0,0.008928572,1.0,,,1.0
15097,48.833973,1.0,0.003773585,1.0,,,1.0
15098,27.891542,1.0,0.003164557,1.0,,,1.0
15099,42.251892,1.0,0.0070921984,1.0,,,1.0
15100,66.482666,1.0,0.0,1.0,,,1.0
15101,0.7101561,1.0,0.0,1.0,,,1.0
15102,53.242424,1.0,0.0025062656,1.0,,,1.0
15103,24.511236,1.0,0.003322259,1.0,,,1.0
15104,71.04068,1.0,0.011764706,1.0,,,1.0
15105,3.2385278,1.0,0.01010101,1.0,,,1.0
15106,17.026337,1.0,0.008438818,1.0,,,1.0
15107,17.994347,1.0,0.0,1.0,,,1.0
15108,14.033606,1.0,0.024096385,1.0,,,1.0
15109,125.9227,1.0,0.0044444446,1.0,,,1.0
15110,15.947119,1.0,0.004158004,1.0,,,1.0
15111,6.172864,1.0,0.012121212,1.0,,,1.0
15112,65.94888,1.0,0.011363637,1.0,,,1.0
15113,43.86323,1.0,0.006802721,1.0,,,1.0
15114,32.24062,1.0,0.015151516,1.0,,,1.0
15115,6.0821095,1.0,0.0,1.0,,,1.0
15116,26.835497,1.0,0.0,1.0,,,1.0
15117,56.591736,1.0,0.006060606,1.0,,,1.0
15118,4.493051,1.0,0.016393442,1.0,,,1.0
15119,64.76075,1.0,0.0057142857,1.0,,,1.0
15120,9.397729,1.0,0.0,1.0,,,1.0
15121,14.797875,1.0,0.0049261083,1.0,,,1.0
15122,58.16378,1.0,0.0,1.0,,,1.0
15123,10.227618,1.0,0.011235955,1.0,,,1.0
15124,55.130615,1.0,0.028571429,1.0,,,1.0
15125,21.355864,1.0,0.0055555557,1.0,,,1.0
15126,1.9013617,1.0,0.0,1.0,,,1.0
15127,23.769255,1.0,0.0,1.0,,,1.0
15128,16.991636,1.0,0.0025974025,1.0,,,1.0
15129,77.84169,1.0,0.015873017,1.0,,,1.0
15130,59.26218,1.0,0.0,1.0,,,1.0
15131,21.050339,1.0,0.0,1.0,,,1.0
15132,8.416557,1.0,0.0,1.0,,,1.0
15133,50.154434,1.0,0.01754386,1.0,,,1.0
15134,63.443348,1.0,0.0,1.0,,,1.0
15135,59.34855,1.0,0.014925373,1.0,,,1.0
15136,17.250051,1.0,0.01369863,1.0,,,1.0
15137,29.377665,1.0,0.004672897,1.0,,,1.0
15138,55.66456,1.0,0.007017544,1.0,,,1.0
15139,5.315367,1.0,0.031746034,1.0,,,1.0
15140,17.76012,1.0,0.019607844,1.0,,,1.0
15141,63.247498,1.0,0.003968254,1.0,,,1.0
15142,10.050382,1.0,0.0,1.0,,,1.0
15143,37.243046,1.0,0.004149378,1.0,,,1.0
15144,30.668852,1.0,0.0124223605,1.0,,,1.0
15145,10.051788,1.0,0.005882353,1.0,,,1.0
15146,21.937626,1.0,0.0034364262,1.0,,,1.0
15147,32.865112,1.0,0.0,1.0,,,1.0
15148,33.002865,1.0,0.007575758,1.0,,,1.0
15149,41.30865,1.0,0.0048076925,1.0,,,1.0
15150,12.68421,1.0,0.0074074073,1.0,,,1.0
15151,46.32421,1.0,0.006756757,1.0,,,1.0
15152,94.27873,1.0,0.0039138943,1.0,,,1.0
15153,19.753534,1.0,0.0031545742,1.0,,,1.0
15154,89.298325,1.0,0.011363637,1.0,,,1.0
15155,49.069714,1.0,0.016,1.0,,,1.0
15156,45.405006,1.0,0.012903226,1.0,,,1.0
15157,68.33606,1.0,0.00591716,1.0,,,1.0
15158,16.659971,1.0,0.0,1.0,,,1.0
15159,10.747105,1.0,0.0,1.0,,,1.0
15160,55.412785,1.0,0.0,1.0,,,1.0
15161,57.10216,1.0,0.016393442,1.0,,,1.0
15162,31.533442,1.0,0.0,1.0,,,1.0
15163,7.1564736,1.0,0.0,1.0,,,1.0
15164,78.47665,1.0,0.0069444445,1.0,,,1.0
15165,38.303623,1.0,0.004608295,1.0,,,1.0
15166,10.60519,1.0,0.031746034,1.0,,,1.0
15167,29.7927,1.0,0.0057142857,1.0,,,1.0
15168,116.13675,1.0,0.0055555557,1.0,,,1.0
15169,8.445223,1.0,0.003322259,1.0,,,1.0
15170,11.823604,1.0,0.05263158,1.0,,,1.0
15171,41.53904,1.0,0.0058479533,1.0,,,1.0
15172,25.57826,1.0,0.013986014,1.0,,,1.0
15173,24.86785,1.0,0.0,1.0,,,1.0
15174,11.766708,1.0,0.0,1.0,,,1.0
15175,16.346838,1.0,0.018518519,1.0,,,1.0
15176,11.55931,1.0,0.0062695923,1.0,,,1.0
15177,14.3829975,1.0,0.0064935065,1.0,,,1.0
15178,46.176857,1.0,0.010810811,1.0,,,1.0
15179,100.17136,1.0,0.005952381,1.0,,,1.0
15180,11.570875,1.0,0.021276595,1.0,,,1.0
15181,4.8704934,1.0,0.0,1.0,,,1.0
15182,73.267296,1.0,0.0069444445,1.0,,,1.0
15183,4.8072734,1.0,0.0,1.0,,,1.0
15184,11.791794,1.0,0.0028490028,1.0,,,1.0
15185,1.3367417,1.0,0.02173913,1.0,,,1.0
15186,24.755785,1.0,0.0055555557,1.0,,,1.0
15187,10.529001,1.0,0.0,1.0,,,1.0
15188,16.289019,1.0,0.01010101,1.0,,,1.0
15189,42.24131,1.0,0.004201681,1.0,,,1.0
15190,38.667484,1.0,0.004255319,1.0,,,1.0
15191,19.410149,1.0,0.0,1.0,,,1.0
15192,20.528301,1.0,0.006535948,1.0,,,1.0
15193,55.507927,1.0,0.0,1.0,,,1.0
15194,48.93671,1.0,0.0,1.0,,,1.0
15195,75.79938,1.0,0.007936508,1.0,,,1.0
15196,79.690895,1.0,0.0,1.0,,,1.0
15197,57.555965,1.0,0.0,1.0,,,1.0
15198,46.678974,1.0,0.005,1.0,,,1.0
15199,55.522114,1.0,0.00754717,1.0,,,1.0
15200,34.676586,1.0,0.007067138,1.0,,,1.0
15201,99.97798,1.0,0.0,1.0,,,1.0
15202,102.72474,1.0,0.004237288,1.0,,,1.0
15203,1.7765815,1.0,0.0,1.0,,,1.0
15204,40.818283,1.0,0.006535948,1.0,,,1.0
15205,9.195616,1.0,0.0,1.0,,,1.0
15206,58.97087,1.0,0.010989011,1.0,,,1.0
15207,18.122375,1.0,0.0,1.0,,,1.0
15208,23.498892,1.0,0.027777778,1.0,,,1.0
15209,8.838496,1.0,0.007017544,1.0,,,1.0
15210,16.164274,1.0,0.0,1.0,,,1.0
15211,22.986477,1.0,0.01058201,1.0,,,1.0
15212,36.86702,1.0,0.0,1.0,,,1.0
15213,109.534454,1.0,0.006535948,1.0,,,1.0
15214,19.2538,1.0,0.0,1.0,,,1.0
15215,29.848019,1.0,0.0,1.0,,,1.0
15216,26.583462,1.0,0.022988506,1.0,,,1.0
15217,42.908302,1.0,0.008403362,1.0,,,1.0
15218,80.49888,1.0,0.0025510204,1.0,,,1.0
15219,7.919487,1.0,0.0,1.0,,,1.0
15220,15.870363,1.0,0.0031152647,1.0,,,1.0
15221,6.7622085,1.0,0.0,1.0,,,1.0
15222,31.881863,1.0,0.005076142,1.0,,,1.0
15223,24.892498,1.0,0.009345794,1.0,,,1.0
15224,33.619694,1.0,0.012578616,1.0,,,1.0
15225,15.094431,1.0,0.0,1.0,,,1.0
15226,14.3829975,1.0,0.0088495575,1.0,,,1.0
15227,37.525265,1.0,0.0,1.0,,,1.0
15228,17.677874,1.0,0.008474576,1.0,,,1.0
15229,6.0450363,1.0,0.0,1.0,,,1.0
15230,24.78873,1.0,0.0,1.0,,,1.0
15231,35.744644,1.0,0.007936508,1.0,,,1.0
15232,41.740307,1.0,0.00754717,1.0,,,1.0
15233,40.91748,1.0,0.015151516,1.0,,,1.0
15234,3.3605733,1.0,0.040816326,1.0,,,1.0
15235,125.9227,1.0,0.009009009,1.0,,,1.0
15236,3.67542,1.0,0.0,1.0,,,1.0
15237,32.055897,1.0,0.03773585,1.0,,,1.0
15238,2.5785956,1.0,0.0,1.0,,,1.0
15239,20.455837,1.0,0.00990099,1.0,,,1.0
15240,30.30466,1.0,0.0038314175,1.0,,,1.0
15241,48.584362,1.0,0.008547009,1.0,,,1.0
15242,40.580776,1.0,0.0,1.0,,,1.0
15243,21.77913,1.0,0.0,1.0,,,1.0
15244,75.03355,1.0,0.0051020407,1.0,,,1.0
15245,19.408377,1.0,0.0,1.0,,,1.0
15246,25.040873,1.0,0.0,1.0,,,1.0
15247,37.243046,1.0,0.004132231,1.0,,,1.0
15248,4.950164,1.0,0.008547009,1.0,,,1.0
15249,98.14051,1.0,0.004950495,1.0,,,1.0
15250,16.853441,1.0,0.0,1.0,,,1.0
15251,16.4933,1.0,0.0,1.0,,,1.0
15252,33.03847,1.0,0.0125,1.0,,,1.0
15253,26.583462,1.0,0.009708738,1.0,,,1.0
15254,95.84354,1.0,0.008928572,1.0,,,1.0
15255,13.861563,1.0,0.0,1.0,,,1.0
15256,40.818283,1.0,0.007751938,1.0,,,1.0
15257,44.19484,1.0,0.0074074073,1.0,,,1.0
15258,28.579445,1.0,0.0,1.0,,,1.0
15259,75.51869,1.0,0.007352941,1.0,,,1.0
15260,23.935577,1.0,0.0064935065,1.0,,,1.0
15261,92.882454,1.0,0.0018281536,1.0,,,1.0
15262,17.05777,1.0,0.012658228,1.0,,,1.0
15263,39.25903,1.0,0.0061728396,1.0,,,1.0
15264,25.40592,1.0,0.0,1.0,,,1.0
15265,74.01742,1.0,0.0,1.0,,,1.0
15266,56.591736,1.0,0.0037453184,1.0,,,1.0
15267,48.50151,1.0,0.0074074073,1.0,,,1.0
15268,6.135335,1.0,0.0,1.0,,,1.0
15269,62.83131,1.0,0.005376344,1.0,,,1.0
15270,37.343773,1.0,0.0037593986,1.0,,,1.0
15271,7.294336,1.0,0.0023310024,1.0,,,1.0
15272,29.633883,1.0,0.0,1.0,,,1.0
15273,6.424629,1.0,0.0029850747,1.0,,,1.0
15274,14.584185,1.0,0.0,1.0,,,1.0
15275,56.376305,1.0,0.003921569,1.0,,,1.0
15276,73.267296,1.0,0.009615385,1.0,,,1.0
15277,15.566947,1.0,0.0,1.0,,,1.0
15278,23.81976,1.0,0.009009009,1.0,,,1.0
15279,16.058558,1.0,0.011494253,1.0,,,1.0
15280,40.109795,1.0,0.0,1.0,,,1.0
15281,21.734314,1.0,0.0036101083,1.0,,,1.0
15282,72.162674,1.0,0.00754717,1.0,,,1.0
15283,33.20235,1.0,0.015151516,1.0,,,1.0
15284,34.211155,1.0,0.003076923,1.0,,,1.0
15285,14.033606,1.0,0.004524887,1.0,,,1.0
15286,11.462639,1.0,0.0,1.0,,,1.0
15287,11.714984,1.0,0.0015847861,1.0,,,1.0
15288,51.332123,1.0,0.011560693,1.0,,,1.0
15289,30.882236,1.0,0.025641026,1.0,,,1.0
15290,20.252928,1.0,0.0,1.0,,,1.0
15291,9.954104,1.0,0.0,1.0,,,1.0
15292,55.47038,1.0,0.009569378,1.0,,,1.0
15293,7.616522,1.0,0.024096385,1.0,,,1.0
15294,23.191128,1.0,0.00591716,1.0,,,1.0
15295,24.988256,1.0,0.009478673,1.0,,,1.0
15296,26.861244,1.0,0.0,1.0,,,1.0
15297,50.85755,1.0,0.005586592,1.0,,,1.0
15298,55.254353,1.0,0.0076045627,1.0,,,1.0
15299,83.56184,1.0,0.0029325513,1.0,,,1.0
15300,37.615612,1.0,0.003144654,1.0,,,1.0
15301,29.472647,1.0,0.008264462,1.0,,,1.0
15302,39.24241,1.0,0.0058479533,1.0,,,1.0
15303,60.758087,1.0,0.0063492064,1.0,,,1.0
15304,38.863983,1.0,0.006134969,1.0,,,1.0
15305,24.581491,1.0,0.0,1.0,,,1.0
15306,14.772247,1.0,0.0,1.0,,,1.0
15307,20.96118,1.0,0.0078125,1.0,,,1.0
15308,17.32666,1.0,0.010204081,1.0,,,1.0
15309,9.7660265,1.0,0.0,1.0,,,1.0
15310,14.752523,1.0,0.045454547,1.0,,,1.0
15311,17.58376,1.0,0.0029411765,1.0,,,1.0
15312,13.252538,1.0,0.0,1.0,,,1.0
15313,67.477745,1.0,0.0,1.0,,,1.0
15314,24.882086,1.0,0.005449591,1.0,,,1.0
15315,44.872574,1.0,0.008298756,1.0,,,1.0
15316,20.453846,1.0,0.0060975607,1.0,,,1.0
15317,41.29261,1.0,0.0,1.0,,,1.0
15318,16.785555,1.0,0.0,1.0,,,1.0
15319,13.452145,1.0,0.0064102565,1.0,,,1.0
15320,30.952871,1.0,0.006289308,1.0,,,1.0
15321,21.518686,1.0,0.0,1.0,,,1.0
15322,16.994284,1.0,0.0058139535,1.0,,,1.0
15323,28.649786,1.0,0.00990099,1.0,,,1.0
15324,32.76053,1.0,0.0,1.0,,,1.0
15325,44.186485,1.0,0.010869565,1.0,,,1.0
15326,21.68584,1.0,0.004950495,1.0,,,1.0
15327,56.76366,1.0,0.017857144,1.0,,,1.0
15328,25.882061,1.0,0.018181818,1.0,,,1.0
15329,3.0756924,1.0,0.0,1.0,,,1.0
15330,54.867058,1.0,0.0,1.0,,,1.0
15331,7.035967,1.0,0.0051282053,1.0,,,1.0
15332,29.442703,1.0,0.0088495575,1.0,,,1.0
15333,16.625717,1.0,0.0,1.0,,,1.0
15334,25.499916,1.0,0.011494253,1.0,,,1.0
15335,27.333967,1.0,0.007518797,1.0,,,1.0
15336,8.387261,1.0,0.0,1.0,,,1.0
15337,82.32585,1.0,0.012820513,1.0,,,1.0
15338,21.833647,1.0,0.023809524,1.0,,,1.0
15339,57.555965,1.0,0.0057636886,1.0,,,1.0
15340,13.638683,1.0,0.0,1.0,,,1.0
15341,11.133518,1.0,0.0038022813,1.0,,,1.0
15342,16.422731,1.0,0.014925373,1.0,,,1.0
15343,35.10353,1.0,0.0031746032,1.0,,,1.0
15344,117.37837,1.0,0.0032573289,1.0,,,1.0
15345,17.737926,1.0,0.0,1.0,,,1.0
15346,30.460304,1.0,0.0,1.0,,,1.0
15347,23.2515,1.0,0.0019569471,1.0,,,1.0
15348,15.537369,1.0,0.0,1.0,,,1.0
15349,137.15147,1.0,0.0073260074,1.0,,,1.0
15350,35.122845,1.0,0.0,1.0,,,1.0
15351,3.8883104,1.0,0.015384615,1.0,,,1.0
15352,109.534454,1.0,0.006802721,1.0,,,1.0
15353,11.810731,1.0,0.0,1.0,,,1.0
15354,7.965664,1.0,0.0,1.0,,,1.0
15355,22.809608,1.0,0.0,1.0,,,1.0
15356,29.027164,1.0,0.016393442,1.0,,,1.0
15357,6.105917,1.0,0.0,1.0,,,1.0
15358,8.857865,1.0,0.004048583,1.0,,,1.0
15359,27.05816,1.0,0.015873017,1.0,,,1.0
15360,42.751625,1.0,0.008695652,1.0,,,1.0
15361,14.1179695,1.0,0.0093896715,1.0,,,1.0
15362,36.298573,1.0,0.004385965,1.0,,,1.0
15363,17.067333,1.0,0.004878049,1.0,,,1.0
15364,8.710961,1.0,0.010752688,1.0,,,1.0
15365,31.90278,1.0,0.024390243,1.0,,,1.0
15366,16.994284,1.0,0.0,1.0,,,1.0
15367,31.186705,1.0,0.025974026,1.0,,,1.0
15368,22.669117,1.0,0.0,1.0,,,1.0
15369,4.8055816,1.0,0.004524887,1.0,,,1.0
15370,57.07793,1.0,0.0047281324,1.0,,,1.0
15371,21.765255,1.0,0.0054200543,1.0,,,1.0
15372,107.54991,1.0,0.006116208,1.0,,,1.0
15373,32.97824,1.0,0.0,1.0,,,1.0
15374,28.377846,1.0,0.0,1.0,,,1.0
15375,18.606981,1.0,0.0,1.0,,,1.0
15376,41.469353,1.0,0.0,1.0,,,1.0
15377,12.322747,1.0,0.0,1.0,,,1.0
15378,43.57887,1.0,0.0072202166,1.0,,,1.0
15379,35.916508,1.0,0.0,1.0,,,1.0
15380,6.1506515,1.0,0.0,1.0,,,1.0
15381,46.373108,1.0,0.01058201,1.0,,,1.0
15382,15.670576,1.0,0.003960396,1.0,,,1.0
15383,44.19484,1.0,0.003076923,1.0,,,1.0
15384,27.656204,1.0,0.025641026,1.0,,,1.0
15385,74.239456,1.0,0.00729927,1.0,,,1.0
15386,34.56524,1.0,0.0038314175,1.0,,,1.0
15387,23.567036,1.0,0.0041841003,1.0,,,1.0
15388,12.122321,1.0,0.0,1.0,,,1.0
15389,16.941963,1.0,0.010752688,1.0,,,1.0
15390,73.504425,1.0,0.010928961,1.0,,,1.0
15391,92.882454,1.0,0.003921569,1.0,,,1.0
15392,73.267296,1.0,0.008032128,1.0,,,1.0
15393,17.30418,1.0,0.0,1.0,,,1.0
15394,15.854267,1.0,0.0,1.0,,,1.0
15395,14.24887,1.0,0.0,1.0,,,1.0
15396,67.24342,1.0,0.011764706,1.0,,,1.0
15397,30.306885,1.0,0.0,1.0,,,1.0
15398,11.5362215,1.0,0.021978023,1.0,,,1.0
15399,14.036389,1.0,0.0,1.0,,,1.0
15400,13.733911,1.0,0.014285714,1.0,,,1.0
15401,39.077213,1.0,0.008196721,1.0,,,1.0
15402,2.6687162,1.0,0.0,1.0,,,1.0
15403,41.04873,1.0,0.0,1.0,,,1.0
15404,36.51394,1.0,0.003968254,1.0,,,1.0
15405,25.499916,1.0,0.009090909,1.0,,,1.0
15406,71.00416,1.0,0.0022371365,1.0,,,1.0
15407,30.728693,1.0,0.0031347962,1.0,,,1.0
15408,41.220646,1.0,0.0,1.0,,,1.0
15409,22.2374,1.0,0.018867925,1.0,,,1.0
15410,32.117035,1.0,0.02020202,1.0,,,1.0
15411,69.42076,1.0,0.0068728523,1.0,,,1.0
15412,59.26218,1.0,0.03846154,1.0,,,1.0
15413,81.09553,1.0,0.012658228,1.0,,,1.0
15414,48.362278,1.0,0.006134969,1.0,,,1.0
15415,77.30586,1.0,0.008695652,1.0,,,1.0
15416,90.34002,1.0,0.0,1.0,,,1.0
15417,67.00446,1.0,0.004761905,1.0,,,1.0
15418,13.936645,1.0,0.0,1.0,,,1.0
15419,47.018696,1.0,0.006666667,1.0,,,1.0
15420,27.488417,1.0,0.0,1.0,,,1.0
15421,8.226873,1.0,0.05263158,1.0,,,1.0
15422,59.905598,1.0,0.010309278,1.0,,,1.0
15423,23.75543,1.0,0.004385965,1.0,,,1.0
15424,22.085371,1.0,0.0054644807,1.0,,,1.0
15425,100.17136,1.0,0.0043668123,1.0,,,1.0
15426,33.16621,1.0,0.008547009,1.0,,,1.0
15427,21.48953,1.0,0.009090909,1.0,,,1.0
15428,17.474966,1.0,0.018518519,1.0,,,1.0
15429,43.71724,1.0,0.0,1.0,,,1.0
15430,55.507927,1.0,0.005830904,1.0,,,1.0
15431,9.137723,1.0,0.0,1.0,,,1.0
15432,23.609406,1.0,0.009478673,1.0,,,1.0
15433,17.782553,1.0,0.0,1.0,,,1.0
15434,8.803052,1.0,0.036363635,1.0,,,1.0
15435,40.141743,1.0,0.0062305294,1.0,,,1.0
15436,58.016228,1.0,0.007518797,1.0,,,1.0
15437,34.77546,1.0,0.0099502485,1.0,,,1.0
15438,57.075314,1.0,0.0,1.0,,,1.0
15439,25.522314,1.0,0.003164557,1.0,,,1.0
15440,28.283329,1.0,0.0,1.0,,,1.0
15441,37.164745,1.0,0.01010101,1.0,,,1.0
15442,33.70337,1.0,0.003960396,1.0,,,1.0
15443,26.464878,1.0,0.013888889,1.0,,,1.0
15444,22.9552,1.0,0.0,1.0,,,1.0
15445,39.25903,1.0,0.010752688,1.0,,,1.0
15446,4.9914565,1.0,0.0,1.0,,,1.0
15447,13.5146265,1.0,0.0,1.0,,,1.0
15448,68.1871,1.0,0.0049875313,1.0,,,1.0
15449,43.690777,1.0,0.0,1.0,,,1.0
15450,52.354046,1.0,0.0,1.0,,,1.0
15451,47.030117,1.0,0.006369427,1.0,,,1.0
15452,81.89228,1.0,0.014925373,1.0,,,1.0
15453,78.47665,1.0,0.008196721,1.0,,,1.0
15454,23.368666,1.0,0.006779661,1.0,,,1.0
15455,89.88506,1.0,0.0,1.0,,,1.0
15456,42.670406,1.0,0.006666667,1.0,,,1.0
15457,40.31641,1.0,0.005063291,1.0,,,1.0
15458,59.60921,1.0,0.004016064,1.0,,,1.0
15459,20.59953,1.0,0.0,1.0,,,1.0
15460,9.814813,1.0,0.0,1.0,,,1.0
15461,47.87391,1.0,0.014184397,1.0,,,1.0
15462,7.7631154,1.0,0.0,1.0,,,1.0
15463,11.927629,1.0,0.008547009,1.0,,,1.0
15464,15.533236,1.0,0.010362694,1.0,,,1.0
15465,66.769264,1.0,0.011560693,1.0,,,1.0
15466,39.252228,1.0,0.010050251,1.0,,,1.0
15467,28.362438,1.0,0.004405286,1.0,,,1.0
15468,73.85746,1.0,0.007518797,1.0,,,1.0
15469,14.582116,1.0,0.0,1.0,,,1.0
15470,10.842967,1.0,0.0,1.0,,,1.0
15471,68.449905,1.0,0.008097166,1.0,,,1.0
15472,17.966253,1.0,0.013513514,1.0,,,1.0
15473,38.943356,1.0,0.014925373,1.0,,,1.0
15474,23.054749,1.0,0.0026525198,1.0,,,1.0
15475,17.553268,1.0,0.0,1.0,,,1.0
15476,57.10216,1.0,0.00990099,1.0,,,1.0
15477,13.110115,1.0,0.0,1.0,,,1.0
15478,41.194073,1.0,0.012903226,1.0,,,1.0
15479,42.90579,1.0,0.007246377,1.0,,,1.0
15480,10.170442,1.0,0.016393442,1.0,,,1.0
15481,12.68421,1.0,0.0,1.0,,,1.0
15482,29.793516,1.0,0.0,1.0,,,1.0
15483,33.302586,1.0,0.016806724,1.0,,,1.0
15484,30.300766,1.0,0.005263158,1.0,,,1.0
15485,53.371506,1.0,0.011494253,1.0,,,1.0
15486,6.0079384,1.0,0.0,1.0,,,1.0
15487,122.87542,1.0,0.009756098,1.0,,,1.0
15488,24.784771,1.0,0.0,1.0,,,1.0
15489,28.377846,1.0,0.0049261083,1.0,,,1.0
15490,12.145055,1.0,0.009569378,1.0,,,1.0
15491,46.902042,1.0,0.010989011,1.0,,,1.0
15492,92.882454,1.0,0.01904762,1.0,,,1.0
15493,40.36453,1.0,0.01369863,1.0,,,1.0
15494,15.433346,1.0,0.023809524,1.0,,,1.0
15495,26.311289,1.0,0.011235955,1.0,,,1.0
15496,53.754555,1.0,0.0023584906,1.0,,,1.0
15497,2.103196,1.0,0.029850746,1.0,,,1.0
15498,8.264419,1.0,0.003012048,1.0,,,1.0
15499,10.667179,1.0,0.0,1.0,,,1.0
15500,32.91443,1.0,0.008064516,1.0,,,1.0
15501,36.56109,1.0,0.025641026,1.0,,,1.0
15502,9.79167,1.0,0.0,1.0,,,1.0
15503,14.674225,1.0,0.0,1.0,,,1.0
15504,14.473094,1.0,0.0056497175,1.0,,,1.0
15505,38.120075,1.0,0.03773585,1.0,,,1.0
15506,1.399943,1.0,0.0023310024,1.0,,,1.0
15507,16.712107,1.0,0.018518519,1.0,,,1.0
15508,26.005424,1.0,0.016949153,1.0,,,1.0
15509,42.2408,1.0,0.013513514,1.0,,,1.0
15510,66.737206,1.0,0.015267176,1.0,,,1.0
15511,19.113735,1.0,0.0,1.0,,,1.0
15512,52.5271,1.0,0.0,1.0,,,1.0
15513,117.37837,1.0,0.0056497175,1.0,,,1.0
15514,86.02153,1.0,0.0047393367,1.0,,,1.0
15515,15.077546,1.0,0.0,1.0,,,1.0
15516,15.314838,1.0,0.01923077,1.0,,,1.0
15517,87.21734,1.0,0.004484305,1.0,,,1.0
15518,28.68557,1.0,0.011976048,1.0,,,1.0
15519,34.979244,1.0,0.0,1.0,,,1.0
15520,17.13436,1.0,0.0,1.0,,,1.0
15521,47.937325,1.0,0.023809524,1.0,,,1.0
15522,21.909756,1.0,0.0,1.0,,,1.0
15523,51.628166,1.0,0.013157895,1.0,,,1.0
15524,0.17658608,1.0,0.0,1.0,,,1.0
15525,15.734494,1.0,0.01,1.0,,,1.0
15526,4.097673,1.0,0.0,1.0,,,1.0
15527,26.885298,1.0,0.016260162,1.0,,,1.0
15528,3.1090958,1.0,0.0,1.0,,,1.0
15529,36.51394,1.0,0.01438849,1.0,,,1.0
15530,16.289515,1.0,0.041666668,1.0,,,1.0
15531,6.1482306,1.0,0.0046948357,1.0,,,1.0
15532,8.518472,1.0,0.0,1.0,,,1.0
15533,59.01623,1.0,0.013157895,1.0,,,1.0
15534,10.431659,1.0,0.026666667,1.0,,,1.0
15535,33.36676,1.0,0.015873017,1.0,,,1.0
15536,24.19904,1.0,0.024390243,1.0,,,1.0
15537,69.24174,1.0,0.0042735045,1.0,,,1.0
15538,73.01437,1.0,0.0,1.0,,,1.0
15539,56.02844,1.0,0.0054945056,1.0,,,1.0
15540,7.4803934,1.0,0.0,1.0,,,1.0
15541,18.23783,1.0,0.0031746032,1.0,,,1.0
15542,25.57826,1.0,0.006802721,1.0,,,1.0
15543,29.944487,1.0,0.018181818,1.0,,,1.0
15544,80.49888,1.0,0.006756757,1.0,,,1.0
15545,98.70822,1.0,0.011111111,1.0,,,1.0
15546,25.187408,1.0,0.018018018,1.0,,,1.0
15547,7.9933624,1.0,0.008547009,1.0,,,1.0
15548,43.639072,1.0,0.019417476,1.0,,,1.0
15549,63.4572,1.0,0.007490637,1.0,,,1.0
15550,61.374542,1.0,0.011428571,1.0,,,1.0
15551,35.980373,1.0,0.004938272,1.0,,,1.0
15552,12.132115,1.0,0.003984064,1.0,,,1.0
15553,15.710282,1.0,0.0,1.0,,,1.0
15554,18.076748,1.0,0.011764706,1.0,,,1.0
15555,17.221462,1.0,0.0072727273,1.0,,,1.0
15556,27.641935,1.0,0.008097166,1.0,,,1.0
15557,39.407227,1.0,0.0,1.0,,,1.0
15558,6.799391,1.0,0.0,1.0,,,1.0
15559,37.45774,1.0,0.007067138,1.0,,,1.0
15560,39.521854,1.0,0.013513514,1.0,,,1.0
15561,40.109795,1.0,0.017699115,1.0,,,1.0
15562,8.402881,1.0,0.0,1.0,,,1.0
15563,23.282707,1.0,0.0,1.0,,,1.0
15564,16.146418,1.0,0.0069444445,1.0,,,1.0
15565,5.613206,1.0,0.0,1.0,,,1.0
15566,16.90457,1.0,0.012738854,1.0,,,1.0
15567,41.85843,1.0,0.00729927,1.0,,,1.0
15568,5.380134,1.0,0.0,1.0,,,1.0
15569,26.936724,1.0,0.0,1.0,,,1.0
15570,50.300728,1.0,0.006042296,1.0,,,1.0
15571,31.293396,1.0,0.0056179776,1.0,,,1.0
15572,85.39203,1.0,0.0038834952,1.0,,,1.0
15573,23.518833,1.0,0.0,1.0,,,1.0
15574,23.861872,1.0,0.0,1.0,,,1.0
15575,82.19594,1.0,0.008,1.0,,,1.0
15576,46.614365,1.0,0.0,1.0,,,1.0
15577,12.636504,1.0,0.0,1.0,,,1.0
15578,78.72688,1.0,0.011111111,1.0,,,1.0
15579,17.76012,1.0,0.009345794,1.0,,,1.0
15580,112.634705,1.0,0.0058139535,1.0,,,1.0
15581,13.733911,1.0,0.015503876,1.0,,,1.0
15582,35.36286,1.0,0.0062111802,1.0,,,1.0
15583,57.51592,1.0,0.013422819,1.0,,,1.0
15584,28.216385,1.0,0.005037783,1.0,,,1.0
15585,67.420876,1.0,0.001934236,1.0,,,1.0
15586,16.637503,1.0,0.0017452007,1.0,,,1.0
15587,66.482666,1.0,0.012903226,1.0,,,1.0
15588,3.8234499,1.0,0.0,1.0,,,1.0
15589,30.398499,1.0,0.028571429,1.0,,,1.0
15590,22.023104,1.0,0.0,1.0,,,1.0
15591,45.692894,1.0,0.0,1.0,,,1.0
15592,21.247622,1.0,0.014705882,1.0,,,1.0
15593,28.53482,1.0,0.004048583,1.0,,,1.0
15594,1.6800408,1.0,0.0,1.0,,,1.0
15595,45.2774,1.0,0.018691588,1.0,,,1.0
15596,57.206547,1.0,0.016260162,1.0,,,1.0
15597,71.00416,1.0,0.0033840947,1.0,,,1.0
15598,19.73632,1.0,0.0,1.0,,,1.0
15599,46.461452,1.0,0.011235955,1.0,,,1.0
15600,40.323025,1.0,0.005509642,1.0,,,1.0
15601,51.70851,1.0,0.0,1.0,,,1.0
15602,60.758087,1.0,0.0057636886,1.0,,,1.0
15603,5.419534,1.0,0.0,1.0,,,1.0
15604,35.694427,1.0,0.0017094017,1.0,,,1.0
15605,47.14422,1.0,0.0,1.0,,,1.0
15606,79.90929,1.0,0.0,1.0,,,1.0
15607,9.483602,1.0,0.0028818443,1.0,,,1.0
15608,92.31766,1.0,0.0077220076,1.0,,,1.0
15609,71.00416,1.0,0.0076923077,1.0,,,1.0
15610,40.36225,1.0,0.010309278,1.0,,,1.0
15611,40.31641,1.0,0.017857144,1.0,,,1.0
15612,24.533163,1.0,0.0,1.0,,,1.0
15613,16.708004,1.0,0.0,1.0,,,1.0
15614,99.97798,1.0,0.0,1.0,,,1.0
15615,49.76838,1.0,0.0025252525,1.0,,,1.0
15616,1.7811261,1.0,0.0,1.0,,,1.0
15617,47.713066,1.0,0.0,1.0,,,1.0
15618,95.84354,1.0,0.009302326,1.0,,,1.0
15619,7.782147,1.0,0.003533569,1.0,,,1.0
15620,20.063238,1.0,0.009009009,1.0,,,1.0
15621,99.06081,1.0,0.0067114094,1.0,,,1.0
15622,23.920704,1.0,0.006134969,1.0,,,1.0
15623,2.138216,1.0,0.0,1.0,,,1.0
15624,74.032364,1.0,0.010152284,1.0,,,1.0
15625,63.03454,1.0,0.010309278,1.0,,,1.0
15626,15.8151865,1.0,0.0064102565,1.0,,,1.0
15627,7.9735436,1.0,0.0,1.0,,,1.0
15628,73.267296,1.0,0.010471204,1.0,,,1.0
15629,12.878599,1.0,0.0,1.0,,,1.0
15630,114.66318,1.0,0.007246377,1.0,,,1.0
15631,34.24777,1.0,0.012820513,1.0,,,1.0
15632,76.96835,1.0,0.011049724,1.0,,,1.0
15633,38.463272,1.0,0.0054644807,1.0,,,1.0
15634,32.783146,1.0,0.033333335,1.0,,,1.0
15635,52.275127,1.0,0.0,1.0,,,1.0
15636,22.402485,1.0,0.0031055901,1.0,,,1.0
15637,73.57952,1.0,0.004878049,1.0,,,1.0
15638,38.739883,1.0,0.0035842294,1.0,,,1.0
15639,21.436453,1.0,0.0,1.0,,,1.0
15640,17.475664,1.0,0.0,1.0,,,1.0
15641,11.808536,1.0,0.021276595,1.0,,,1.0
15642,29.793516,1.0,0.05,1.0,,,1.0
15643,20.135286,1.0,0.003236246,1.0,,,1.0
15644,27.794882,1.0,0.011494253,1.0,,,1.0
15645,7.121107,1.0,0.0,1.0,,,1.0
15646,13.730103,1.0,0.004878049,1.0,,,1.0
15647,16.046627,1.0,0.005235602,1.0,,,1.0
15648,29.450874,1.0,0.012987013,1.0,,,1.0
15649,39.24241,1.0,0.0066225166,1.0,,,1.0
15650,56.72165,1.0,0.006756757,1.0,,,1.0
15651,39.815937,1.0,0.0046948357,1.0,,,1.0
15652,13.880503,1.0,0.014084507,1.0,,,1.0
15653,24.677889,1.0,0.0,1.0,,,1.0
15654,18.083256,1.0,0.0,1.0,,,1.0
15655,41.82329,1.0,0.0060975607,1.0,,,1.0
15656,35.600067,1.0,0.0,1.0,,,1.0
15657,21.10175,1.0,0.003012048,1.0,,,1.0
15658,64.17689,1.0,0.007905139,1.0,,,1.0
15659,55.507927,1.0,0.0056497175,1.0,,,1.0
15660,27.597755,1.0,0.0023640662,1.0,,,1.0
15661,67.70754,1.0,0.013513514,1.0,,,1.0
15662,28.225092,1.0,0.015267176,1.0,,,1.0
15663,53.14647,1.0,0.010309278,1.0,,,1.0
15664,32.14655,1.0,0.014925373,1.0,,,1.0
15665,59.76352,1.0,0.0030395137,1.0,,,1.0
15666,39.850513,1.0,0.0063091484,1.0,,,1.0
15667,60.60715,1.0,0.0063897762,1.0,,,1.0
15668,7.025987,1.0,0.0,1.0,,,1.0
15669,37.220436,1.0,0.011627907,1.0,,,1.0
15670,14.689215,1.0,0.030303031,1.0,,,1.0
15671,66.80831,1.0,0.0,1.0,,,1.0
15672,5.035553,1.0,0.013245033,1.0,,,1.0
15673,39.80786,1.0,0.009433962,1.0,,,1.0
15674,45.05115,1.0,0.007194245,1.0,,,1.0
15675,71.64693,1.0,0.0016863407,1.0,,,1.0
15676,109.534454,1.0,0.014084507,1.0,,,1.0
15677,12.7195215,1.0,0.018348623,1.0,,,1.0
15678,83.855774,1.0,0.0,1.0,,,1.0
15679,29.670721,1.0,0.01923077,1.0,,,1.0
15680,50.033916,1.0,0.018181818,1.0,,,1.0
15681,33.53988,1.0,0.011764706,1.0,,,1.0
15682,75.32171,1.0,0.0,1.0,,,1.0
15683,95.84354,1.0,0.00913242,1.0,,,1.0
15684,29.537066,1.0,0.021052632,1.0,,,1.0
15685,24.44268,1.0,0.011764706,1.0,,,1.0
15686,12.7195215,1.0,0.0054644807,1.0,,,1.0
15687,2.5423374,1.0,0.0,1.0,,,1.0
15688,16.21698,1.0,0.0,1.0,,,1.0
15689,48.79064,1.0,0.025316456,1.0,,,1.0
15690,10.0885725,1.0,0.0,1.0,,,1.0
15691,40.982872,1.0,0.007751938,1.0,,,1.0
15692,13.199777,1.0,0.0,1.0,,,1.0
15693,55.507927,1.0,0.0014947683,1.0,,,1.0
15694,70.53568,1.0,0.0,1.0,,,1.0
15695,25.282152,1.0,0.05,1.0,,,1.0
15696,18.651497,1.0,0.0,1.0,,,1.0
15697,22.535187,1.0,0.0044444446,1.0,,,1.0
15698,57.282772,1.0,0.015267176,1.0,,,1.0
15699,19.949017,1.0,0.0035714286,1.0,,,1.0
15700,19.799633,1.0,0.00862069,1.0,,,1.0
15701,114.88157,1.0,0.006369427,1.0,,,1.0
15702,64.71827,1.0,0.0056497175,1.0,,,1.0
15703,22.211111,1.0,0.01438849,1.0,,,1.0
15704,27.9347,1.0,0.004672897,1.0,,,1.0
15705,71.42983,1.0,0.0022123894,1.0,,,1.0
15706,79.39193,1.0,0.010989011,1.0,,,1.0
15707,25.716187,1.0,0.017857144,1.0,,,1.0
15708,51.705837,1.0,0.01459854,1.0,,,1.0
15709,8.897735,1.0,0.006060606,1.0,,,1.0
15710,46.13629,1.0,0.00990099,1.0,,,1.0
15711,46.1288,1.0,0.010752688,1.0,,,1.0
15712,21.9352,1.0,0.010989011,1.0,,,1.0
15713,23.798431,1.0,0.02247191,1.0,,,1.0
15714,61.944492,1.0,0.010204081,1.0,,,1.0
15715,25.499916,1.0,0.022727273,1.0,,,1.0
15716,56.591736,1.0,0.013071896,1.0,,,1.0
15717,25.829971,1.0,0.0,1.0,,,1.0
15718,53.371506,1.0,0.022727273,1.0,,,1.0
15719,5.9775243,1.0,0.0,1.0,,,1.0
15720,92.882454,1.0,0.0037950664,1.0,,,1.0
15721,64.03762,1.0,0.019417476,1.0,,,1.0
15722,30.952517,1.0,0.0045045046,1.0,,,1.0
15723,16.842796,1.0,0.033333335,1.0,,,1.0
15724,81.40033,1.0,0.007575758,1.0,,,1.0
15725,7.3304405,1.0,0.0,1.0,,,1.0
15726,20.548378,1.0,0.0,1.0,,,1.0
15727,86.02153,1.0,0.008333334,1.0,,,1.0
15728,43.09123,1.0,0.0053333333,1.0,,,1.0
15729,89.88506,1.0,0.0,1.0,,,1.0
15730,7.1670046,1.0,0.0,1.0,,,1.0
15731,40.66883,1.0,0.008888889,1.0,,,1.0
15732,12.006264,1.0,0.0,1.0,,,1.0
15733,7.8176622,1.0,0.008733625,1.0,,,1.0
15734,38.96952,1.0,0.011363637,1.0,,,1.0
15735,33.31938,1.0,0.016393442,1.0,,,1.0
15736,9.721248,1.0,0.0,1.0,,,1.0
15737,56.591736,1.0,0.0025839794,1.0,,,1.0
15738,57.09135,1.0,0.0,1.0,,,1.0
15739,18.316196,1.0,0.01010101,1.0,,,1.0
15740,76.62177,1.0,0.007017544,1.0,,,1.0
15741,26.583462,1.0,0.0,1.0,,,1.0
15742,20.802237,1.0,0.006451613,1.0,,,1.0
15743,13.730103,1.0,0.009345794,1.0,,,1.0
15744,25.388958,1.0,0.0,1.0,,,1.0
15745,45.405006,1.0,0.011560693,1.0,,,1.0
15746,27.434822,1.0,0.008888889,1.0,,,1.0
15747,15.485084,1.0,0.0,1.0,,,1.0
15748,17.372675,1.0,0.0,1.0,,,1.0
15749,78.47665,1.0,0.009345794,1.0,,,1.0
15750,14.499082,1.0,0.018518519,1.0,,,1.0
15751,17.287868,1.0,0.005376344,1.0,,,1.0
15752,37.615612,1.0,0.001980198,1.0,,,1.0
15753,10.1313925,1.0,0.0013947001,1.0,,,1.0
15754,79.17712,1.0,0.0,1.0,,,1.0
15755,10.8996315,1.0,0.0,1.0,,,1.0
15756,11.043149,1.0,0.009345794,1.0,,,1.0
15757,22.458572,1.0,0.0,1.0,,,1.0
15758,12.767271,1.0,0.011494253,1.0,,,1.0
15759,47.042557,1.0,0.010928961,1.0,,,1.0
15760,38.219822,1.0,0.0,1.0,,,1.0
15761,20.330032,1.0,0.0,1.0,,,1.0
15762,12.50173,1.0,0.021276595,1.0,,,1.0
15763,94.69446,1.0,0.004310345,1.0,,,1.0
15764,0.9096897,1.0,0.0,1.0,,,1.0
15765,19.122593,1.0,0.023255814,1.0,,,1.0
15766,24.43864,1.0,0.0,1.0,,,1.0
15767,19.85698,1.0,0.0,1.0,,,1.0
15768,61.361763,1.0,0.018181818,1.0,,,1.0
15769,22.388,1.0,0.0051282053,1.0,,,1.0
15770,65.94888,1.0,0.012345679,1.0,,,1.0
15771,38.401066,1.0,0.0,1.0,,,1.0
15772,21.665209,1.0,0.0,1.0,,,1.0
15773,53.371506,1.0,0.02631579,1.0,,,1.0
15774,26.076529,1.0,0.015625,1.0,,,1.0
15775,42.197803,1.0,0.0,1.0,,,1.0
15776,59.80664,1.0,0.011627907,1.0,,,1.0
15777,15.964753,1.0,0.0033557047,1.0,,,1.0
15778,27.253378,1.0,0.010869565,1.0,,,1.0
15779,27.891542,1.0,0.011173184,1.0,,,1.0
15780,76.014694,1.0,0.0,1.0,,,1.0
15781,5.49336,1.0,0.0,1.0,,,1.0
15782,19.665298,1.0,0.0,1.0,,,1.0
15783,42.068222,1.0,0.005376344,1.0,,,1.0
15784,28.362438,1.0,0.0053475937,1.0,,,1.0
15785,32.35161,1.0,0.0,1.0,,,1.0
15786,9.641994,1.0,0.0,1.0,,,1.0
15787,71.70666,1.0,0.0077220076,1.0,,,1.0
15788,18.959095,1.0,0.039215688,1.0,,,1.0
15789,20.322557,1.0,0.0,1.0,,,1.0
15790,56.75114,1.0,0.0125,1.0,,,1.0
15791,4.327343,1.0,0.0,1.0,,,1.0
15792,99.413185,1.0,0.004464286,1.0,,,1.0
15793,13.823573,1.0,0.003929273,1.0,,,1.0
15794,16.91249,1.0,0.0036363637,1.0,,,1.0
15795,28.904232,1.0,0.0,1.0,,,1.0
15796,24.430996,1.0,0.008264462,1.0,,,1.0
15797,51.34904,1.0,0.016,1.0,,,1.0
15798,65.10116,1.0,0.0054054055,1.0,,,1.0
15799,43.690777,1.0,0.06666667,1.0,,,1.0
15800,26.358833,1.0,0.015873017,1.0,,,1.0
15801,39.3993,1.0,0.009090909,1.0,,,1.0
15802,9.4045925,1.0,0.0,1.0,,,1.0
15803,55.507927,1.0,0.0063492064,1.0,,,1.0
15804,105.86188,1.0,0.0024813896,1.0,,,1.0
15805,10.655101,1.0,0.016393442,1.0,,,1.0
15806,55.412785,1.0,0.004405286,1.0,,,1.0
15807,48.1257,1.0,0.04761905,1.0,,,1.0
15808,37.328815,1.0,0.012987013,1.0,,,1.0
15809,89.88506,1.0,0.0060975607,1.0,,,1.0
15810,81.453354,1.0,0.0,1.0,,,1.0
15811,34.113964,1.0,0.0078125,1.0,,,1.0
15812,28.52808,1.0,0.0,1.0,,,1.0
15813,13.690767,1.0,0.0045454544,1.0,,,1.0
15814,61.374542,1.0,0.0057471264,1.0,,,1.0
15815,66.37378,1.0,0.0036101083,1.0,,,1.0
15816,20.119257,1.0,0.009259259,1.0,,,1.0
15817,38.20176,1.0,0.00877193,1.0,,,1.0
15818,14.956273,1.0,0.009302326,1.0,,,1.0
15819,42.433804,1.0,0.0,1.0,,,1.0
15820,16.071562,1.0,0.0,1.0,,,1.0
15821,9.256024,1.0,0.005882353,1.0,,,1.0
15822,15.743348,1.0,0.0,1.0,,,1.0
15823,16.948988,1.0,0.021276595,1.0,,,1.0
15824,30.983198,1.0,0.0,1.0,,,1.0
15825,73.504425,1.0,0.007490637,1.0,,,1.0
15826,2.4383826,1.0,0.0,1.0,,,1.0
15827,42.433804,1.0,0.0060975607,1.0,,,1.0
15828,37.56037,1.0,0.003921569,1.0,,,1.0
15829,23.634144,1.0,0.009478673,1.0,,,1.0
15830,18.811483,1.0,0.0012033695,1.0,,,1.0
15831,34.427963,1.0,0.0,1.0,,,1.0
15832,15.120454,1.0,0.0,1.0,,,1.0
15833,40.742737,1.0,0.008333334,1.0,,,1.0
15834,30.649261,1.0,0.009433962,1.0,,,1.0
15835,15.972746,1.0,0.0,1.0,,,1.0
15836,72.162674,1.0,0.0065146578,1.0,,,1.0
15837,23.81976,1.0,0.0,1.0,,,1.0
15838,58.646927,1.0,0.008474576,1.0,,,1.0
15839,21.893303,1.0,0.022988506,1.0,,,1.0
15840,59.60921,1.0,0.0024752475,1.0,,,1.0
15841,21.765255,1.0,0.0054945056,1.0,,,1.0
15842,101.899734,1.0,0.0066225166,1.0,,,1.0
15843,45.72415,1.0,0.010869565,1.0,,,1.0
15844,14.702307,1.0,0.012987013,1.0,,,1.0
15845,20.261177,1.0,0.010810811,1.0,,,1.0
15846,17.221462,1.0,0.010416667,1.0,,,1.0
15847,46.968636,1.0,0.005063291,1.0,,,1.0
15848,31.286966,1.0,0.0046620048,1.0,,,1.0
15849,14.601808,1.0,0.003773585,1.0,,,1.0
15850,15.497237,1.0,0.0,1.0,,,1.0
15851,65.50862,1.0,0.001980198,1.0,,,1.0
15852,87.37963,1.0,0.006369427,1.0,,,1.0
15853,33.979485,1.0,0.010362694,1.0,,,1.0
15854,9.06116,1.0,0.005076142,1.0,,,1.0
15855,18.675444,1.0,0.0,1.0,,,1.0
15856,19.80275,1.0,0.004464286,1.0,,,1.0
15857,48.545094,1.0,0.015037594,1.0,,,1.0
15858,58.646927,1.0,0.018181818,1.0,,,1.0
15859,59.164825,1.0,0.008547009,1.0,,,1.0
15860,74.032364,1.0,0.0068965517,1.0,,,1.0
15861,50.30305,1.0,0.0,1.0,,,1.0
15862,7.603091,1.0,0.0,1.0,,,1.0
15863,9.633877,1.0,0.0,1.0,,,1.0
15864,8.972937,1.0,0.0,1.0,,,1.0
15865,17.332642,1.0,0.0,1.0,,,1.0
15866,66.76958,1.0,0.0055710305,1.0,,,1.0
15867,18.144182,1.0,0.016393442,1.0,,,1.0
15868,18.70418,1.0,0.006329114,1.0,,,1.0
15869,77.30586,1.0,0.0022883294,1.0,,,1.0
15870,38.349102,1.0,0.0,1.0,,,1.0
15871,23.567036,1.0,0.008097166,1.0,,,1.0
15872,19.006784,1.0,0.031746034,1.0,,,1.0
15873,50.170803,1.0,0.004672897,1.0,,,1.0
15874,81.74867,1.0,0.0035842294,1.0,,,1.0
15875,8.709013,1.0,0.005540166,1.0,,,1.0
15876,15.325374,1.0,0.0,1.0,,,1.0
15877,37.69992,1.0,0.010752688,1.0,,,1.0
15878,105.86188,1.0,0.0078125,1.0,,,1.0
15879,6.089282,1.0,0.0,1.0,,,1.0
15880,3.2887392,1.0,0.015873017,1.0,,,1.0
15881,13.177993,1.0,0.0,1.0,,,1.0
15882,56.3599,1.0,0.01,1.0,,,1.0
15883,80.49888,1.0,0.0046620048,1.0,,,1.0
15884,48.79064,1.0,0.0063091484,1.0,,,1.0
15885,30.003428,1.0,0.0047393367,1.0,,,1.0
15886,46.33236,1.0,0.019607844,1.0,,,1.0
15887,34.06485,1.0,0.009478673,1.0,,,1.0
15888,63.247498,1.0,0.008733625,1.0,,,1.0
15889,15.174429,1.0,0.01923077,1.0,,,1.0
15890,8.713781,1.0,0.016393442,1.0,,,1.0
15891,89.88506,1.0,0.005602241,1.0,,,1.0
15892,3.424056,1.0,0.004524887,1.0,,,1.0
15893,53.83871,1.0,0.011363637,1.0,,,1.0
15894,25.848244,1.0,0.0,1.0,,,1.0
15895,20.833925,1.0,0.008403362,1.0,,,1.0
15896,62.82736,1.0,0.006006006,1.0,,,1.0
15897,87.37963,1.0,0.0074074073,1.0,,,1.0
15898,8.531925,1.0,0.014925373,1.0,,,1.0
15899,18.389317,1.0,0.0,1.0,,,1.0
15900,17.001995,1.0,0.0,1.0,,,1.0
15901,8.055413,1.0,0.0,1.0,,,1.0
15902,20.51376,1.0,0.0,1.0,,,1.0
15903,58.774593,1.0,0.0050890585,1.0,,,1.0
15904,77.30586,1.0,0.011560693,1.0,,,1.0
15905,3.3010097,1.0,0.0,1.0,,,1.0
15906,20.080896,1.0,0.0068728523,1.0,,,1.0
15907,24.844992,1.0,0.045454547,1.0,,,1.0
15908,50.85755,1.0,0.0,1.0,,,1.0
15909,14.686115,1.0,0.01754386,1.0,,,1.0
15910,18.164917,1.0,0.0026385225,1.0,,,1.0
15911,55.507927,1.0,0.0025445293,1.0,,,1.0
15912,35.73018,1.0,0.025641026,1.0,,,1.0
15913,71.70666,1.0,0.0074074073,1.0,,,1.0
15914,63.703773,1.0,0.014705882,1.0,,,1.0
15915,40.46492,1.0,0.00486618,1.0,,,1.0
15916,57.555965,1.0,0.006472492,1.0,,,1.0
15917,33.63226,1.0,0.011428571,1.0,,,1.0
15918,83.855774,1.0,0.0,1.0,,,1.0
15919,50.154434,1.0,0.006756757,1.0,,,1.0
15920,104.55939,1.0,0.0024813896,1.0,,,1.0
15921,56.376305,1.0,0.0,1.0,,,1.0
15922,13.9931135,1.0,0.0039525693,1.0,,,1.0
15923,17.819391,1.0,0.008403362,1.0,,,1.0
15924,21.09312,1.0,0.0,1.0,,,1.0
15925,38.30262,1.0,0.0,1.0,,,1.0
15926,49.186657,1.0,0.005076142,1.0,,,1.0
15927,57.59477,1.0,0.0,1.0,,,1.0
15928,90.34002,1.0,0.0,1.0,,,1.0
15929,16.144627,1.0,0.020408163,1.0,,,1.0
15930,13.9194975,1.0,0.007246377,1.0,,,1.0
15931,20.30713,1.0,0.020408163,1.0,,,1.0
15932,29.377665,1.0,0.0076045627,1.0,,,1.0
15933,13.867965,1.0,0.023255814,1.0,,,1.0
15934,20.090929,1.0,0.0121951215,1.0,,,1.0
15935,49.97481,1.0,0.002770083,1.0,,,1.0
15936,38.370083,1.0,0.014705882,1.0,,,1.0
15937,31.414385,1.0,0.01923077,1.0,,,1.0
15938,28.179934,1.0,0.009803922,1.0,,,1.0
15939,36.83849,1.0,0.00952381,1.0,,,1.0
15940,39.496872,1.0,0.0048076925,1.0,,,1.0
15941,53.51324,1.0,0.018348623,1.0,,,1.0
15942,17.246632,1.0,0.0,1.0,,,1.0
15943,122.87542,1.0,0.0071174377,1.0,,,1.0
15944,33.76362,1.0,0.016393442,1.0,,,1.0
15945,95.04128,1.0,0.0056657223,1.0,,,1.0
15946,37.92893,1.0,0.008403362,1.0,,,1.0
15947,48.93671,1.0,0.0,1.0,,,1.0
15948,30.493996,1.0,0.0024813896,1.0,,,1.0
15949,24.64455,1.0,0.0,1.0,,,1.0
15950,42.197803,1.0,0.0,1.0,,,1.0
15951,5.4644113,1.0,0.0,1.0,,,1.0
15952,21.765255,1.0,0.0,1.0,,,1.0
15953,37.615612,1.0,0.005291005,1.0,,,1.0
15954,32.973198,1.0,0.0093896715,1.0,,,1.0
15955,35.17355,1.0,0.0,1.0,,,1.0
15956,79.106575,1.0,0.008196721,1.0,,,1.0
15957,5.206629,1.0,0.018867925,1.0,,,1.0
15958,35.716675,1.0,0.06666667,1.0,,,1.0
15959,46.176857,1.0,0.007352941,1.0,,,1.0
15960,24.499315,1.0,0.008658009,1.0,,,1.0
15961,38.943356,1.0,0.015625,1.0,,,1.0
15962,27.906097,1.0,0.0,1.0,,,1.0
15963,57.57289,1.0,0.0,1.0,,,1.0
15964,55.507927,1.0,0.0019723866,1.0,,,1.0
15965,35.179684,1.0,0.016393442,1.0,,,1.0
15966,91.68036,1.0,0.004219409,1.0,,,1.0
15967,17.588173,1.0,0.024691358,1.0,,,1.0
15968,117.37837,1.0,0.0,1.0,,,1.0
15969,20.119257,1.0,0.008583691,1.0,,,1.0
15970,17.638533,1.0,0.0,1.0,,,1.0
15971,6.9321337,1.0,0.0,1.0,,,1.0
15972,30.443695,1.0,0.016393442,1.0,,,1.0
15973,23.567036,1.0,0.0065789474,1.0,,,1.0
15974,30.665173,1.0,0.009803922,1.0,,,1.0
15975,40.31641,1.0,0.0056338026,1.0,,,1.0
15976,57.966553,1.0,0.01369863,1.0,,,1.0
15977,69.43896,1.0,0.005,1.0,,,1.0
15978,11.686213,1.0,0.0039525693,1.0,,,1.0
15979,32.38077,1.0,0.006060606,1.0,,,1.0
15980,16.626612,1.0,0.0,1.0,,,1.0
15981,32.40112,1.0,0.060606062,1.0,,,1.0
15982,50.154015,1.0,0.0,1.0,,,1.0
15983,26.9656,1.0,0.0,1.0,,,1.0
15984,49.409527,1.0,0.0,1.0,,,1.0
15985,3.3605733,1.0,0.0,1.0,,,1.0
15986,25.20799,1.0,0.003773585,1.0,,,1.0
15987,56.591736,1.0,0.020833334,1.0,,,1.0
15988,47.3787,1.0,0.020618556,1.0,,,1.0
15989,38.90686,1.0,0.0,1.0,,,1.0
15990,58.480385,1.0,0.016806724,1.0,,,1.0
15991,44.69185,1.0,0.004651163,1.0,,,1.0
15992,18.014217,1.0,0.010152284,1.0,,,1.0
15993,3.7682917,1.0,0.071428575,1.0,,,1.0
15994,40.27993,1.0,0.0,1.0,,,1.0
15995,12.322747,1.0,0.0,1.0,,,1.0
15996,69.084145,1.0,0.032258064,1.0,,,1.0
15997,32.51213,1.0,0.007874016,1.0,,,1.0
15998,10.496203,1.0,0.0,1.0,,,1.0
15999,18.447407,1.0,0.0,1.0,,,1.0
16000,16.90457,1.0,0.005586592,1.0,,,1.0
16001,46.432873,1.0,0.004484305,1.0,,,1.0
16002,29.79571,1.0,0.009615385,1.0,,,1.0
16003,16.645771,1.0,0.04,1.0,,,1.0
16004,46.33236,1.0,0.00862069,1.0,,,1.0
16005,14.77049,1.0,0.0,1.0,,,1.0
16006,7.999671,1.0,0.02,1.0,,,1.0
16007,20.738213,1.0,0.006535948,1.0,,,1.0
16008,11.992996,1.0,0.004464286,1.0,,,1.0
16009,14.09412,1.0,0.0049261083,1.0,,,1.0
16010,30.510574,1.0,0.0,1.0,,,1.0
16011,46.32421,1.0,0.00729927,1.0,,,1.0
16012,12.136206,1.0,0.0,1.0,,,1.0
16013,37.134968,1.0,0.071428575,1.0,,,1.0
16014,75.48097,1.0,0.000911577,1.0,,,1.0
16015,14.797875,1.0,0.0,1.0,,,1.0
16016,48.437313,1.0,0.0069444445,1.0,,,1.0
16017,12.99778,1.0,0.0,1.0,,,1.0
16018,19.960392,1.0,0.008097166,1.0,,,1.0
16019,71.75185,1.0,0.0,1.0,,,1.0
16020,42.90579,1.0,0.014925373,1.0,,,1.0
16021,11.770379,1.0,0.023809524,1.0,,,1.0
16022,21.396473,1.0,0.0054054055,1.0,,,1.0
16023,32.973198,1.0,0.0,1.0,,,1.0
16024,8.317747,1.0,0.0,1.0,,,1.0
16025,24.988256,1.0,0.0,1.0,,,1.0
16026,85.39203,1.0,0.0038022813,1.0,,,1.0
16027,24.882086,1.0,0.0,1.0,,,1.0
16028,23.90581,1.0,0.0088495575,1.0,,,1.0
16029,24.273438,1.0,0.012048192,1.0,,,1.0
16030,50.058445,1.0,0.01724138,1.0,,,1.0
16031,20.942934,1.0,0.05263158,1.0,,,1.0
16032,86.73833,1.0,0.006134969,1.0,,,1.0
16033,25.788528,1.0,0.00990099,1.0,,,1.0
16034,16.47135,1.0,0.012820513,1.0,,,1.0
16035,92.882454,1.0,0.002352941,1.0,,,1.0
16036,73.42956,1.0,0.008,1.0,,,1.0
16037,4.211302,1.0,0.0,1.0,,,1.0
16038,27.416014,1.0,0.0056818184,1.0,,,1.0
16039,46.948215,1.0,0.0,1.0,,,1.0
16040,36.686306,1.0,0.0,1.0,,,1.0
16041,92.882454,1.0,0.006006006,1.0,,,1.0
16042,29.159534,1.0,0.0,1.0,,,1.0
16043,23.765238,1.0,0.025641026,1.0,,,1.0
16044,32.148567,1.0,0.003215434,1.0,,,1.0
16045,30.649261,1.0,0.012345679,1.0,,,1.0
16046,13.814206,1.0,0.0,1.0,,,1.0
16047,42.523712,1.0,0.0,1.0,,,1.0
16048,43.515594,1.0,0.010989011,1.0,,,1.0
16049,21.765255,1.0,0.005509642,1.0,,,1.0
16050,18.931227,1.0,0.01,1.0,,,1.0
16051,29.574545,1.0,0.015503876,1.0,,,1.0
16052,38.48022,1.0,0.008163265,1.0,,,1.0
16053,6.720328,1.0,0.0,1.0,,,1.0
16054,54.033012,1.0,0.022222223,1.0,,,1.0
16055,48.469986,1.0,0.00862069,1.0,,,1.0
16056,14.717329,1.0,0.005249344,1.0,,,1.0
16057,25.659761,1.0,0.0,1.0,,,1.0
16058,46.634182,1.0,0.012658228,1.0,,,1.0
16059,92.05475,1.0,0.008928572,1.0,,,1.0
16060,32.126717,1.0,0.006134969,1.0,,,1.0
16061,36.78278,1.0,0.0,1.0,,,1.0
16062,24.755785,1.0,0.005524862,1.0,,,1.0
16063,80.03177,1.0,0.007490637,1.0,,,1.0
16064,19.907728,1.0,0.011627907,1.0,,,1.0
16065,37.575924,1.0,0.0,1.0,,,1.0
16066,32.000538,1.0,0.0,1.0,,,1.0
16067,24.844992,1.0,0.011764706,1.0,,,1.0
16068,40.93188,1.0,0.00729927,1.0,,,1.0
16069,54.033012,1.0,0.003144654,1.0,,,1.0
16070,31.527805,1.0,0.003937008,1.0,,,1.0
16071,70.6527,1.0,0.0058651026,1.0,,,1.0
16072,9.207707,1.0,0.0,1.0,,,1.0
16073,13.864116,1.0,0.0,1.0,,,1.0
16074,4.85679,1.0,0.0,1.0,,,1.0
16075,16.046627,1.0,0.008695652,1.0,,,1.0
16076,16.172047,1.0,0.022222223,1.0,,,1.0
16077,2.716761,1.0,0.027027028,1.0,,,1.0
16078,54.970505,1.0,0.0061728396,1.0,,,1.0
16079,27.91127,1.0,0.019417476,1.0,,,1.0
16080,67.00446,1.0,0.005449591,1.0,,,1.0
16081,43.989246,1.0,0.024390243,1.0,,,1.0
16082,13.180076,1.0,0.0088495575,1.0,,,1.0
16083,30.460304,1.0,0.007843138,1.0,,,1.0
16084,27.91127,1.0,0.0036101083,1.0,,,1.0
16085,7.27818,1.0,0.0,1.0,,,1.0
16086,13.861632,1.0,0.0066225166,1.0,,,1.0
16087,56.25854,1.0,0.0035971224,1.0,,,1.0
16088,13.217288,1.0,0.0037037036,1.0,,,1.0
16089,22.170992,1.0,0.014705882,1.0,,,1.0
16090,30.443695,1.0,0.011111111,1.0,,,1.0
16091,66.482666,1.0,0.024096385,1.0,,,1.0
16092,59.80664,1.0,0.018691588,1.0,,,1.0
16093,27.249866,1.0,0.0049261083,1.0,,,1.0
16094,72.904945,1.0,0.0062111802,1.0,,,1.0
16095,16.39251,1.0,0.055555556,1.0,,,1.0
16096,75.32171,1.0,0.010471204,1.0,,,1.0
16097,115.54238,1.0,0.010204081,1.0,,,1.0
16098,39.234932,1.0,0.0,1.0,,,1.0
16099,39.81936,1.0,0.010416667,1.0,,,1.0
16100,18.820232,1.0,0.0,1.0,,,1.0
16101,37.760296,1.0,0.0052083335,1.0,,,1.0
16102,4.981664,1.0,0.0,1.0,,,1.0
16103,20.952087,1.0,0.01724138,1.0,,,1.0
16104,53.51324,1.0,0.0036363637,1.0,,,1.0
16105,39.077213,1.0,0.006329114,1.0,,,1.0
16106,22.508457,1.0,0.0045454544,1.0,,,1.0
16107,20.549051,1.0,0.0116959065,1.0,,,1.0
16108,17.995594,1.0,0.010152284,1.0,,,1.0
16109,23.235483,1.0,0.006993007,1.0,,,1.0
16110,39.433228,1.0,0.004878049,1.0,,,1.0
16111,20.080896,1.0,0.0,1.0,,,1.0
16112,64.76075,1.0,0.005235602,1.0,,,1.0
16113,74.48423,1.0,0.0058139535,1.0,,,1.0
16114,65.62722,1.0,0.004854369,1.0,,,1.0
16115,11.373988,1.0,0.0036101083,1.0,,,1.0
16116,35.530655,1.0,0.0,1.0,,,1.0
16117,96.867256,1.0,0.0035842294,1.0,,,1.0
16118,22.706106,1.0,0.010204081,1.0,,,1.0
16119,9.397729,1.0,0.0,1.0,,,1.0
16120,102.72474,1.0,0.0049751243,1.0,,,1.0
16121,57.181202,1.0,0.0124223605,1.0,,,1.0
16122,24.970407,1.0,0.0,1.0,,,1.0
16123,34.23669,1.0,0.011904762,1.0,,,1.0
16124,19.32307,1.0,0.0,1.0,,,1.0
16125,34.94415,1.0,0.0035587188,1.0,,,1.0
16126,8.498866,1.0,0.0,1.0,,,1.0
16127,84.75115,1.0,0.0054054055,1.0,,,1.0
16128,22.558376,1.0,0.012048192,1.0,,,1.0
16129,28.062693,1.0,0.011764706,1.0,,,1.0
16130,20.828693,1.0,0.0028653296,1.0,,,1.0
16131,20.085392,1.0,0.0,1.0,,,1.0
16132,57.51592,1.0,0.010309278,1.0,,,1.0
16133,18.674793,1.0,0.015748031,1.0,,,1.0
16134,6.37677,1.0,0.024390243,1.0,,,1.0
16135,19.205982,1.0,0.015503876,1.0,,,1.0
16136,37.328815,1.0,0.004962779,1.0,,,1.0
16137,104.04593,1.0,0.01010101,1.0,,,1.0
16138,23.415174,1.0,0.0,1.0,,,1.0
16139,82.84713,1.0,0.007968128,1.0,,,1.0
16140,34.676586,1.0,0.0055555557,1.0,,,1.0
16141,55.51316,1.0,0.0053333333,1.0,,,1.0
16142,42.751625,1.0,0.005988024,1.0,,,1.0
16143,11.2925625,1.0,0.024390243,1.0,,,1.0
16144,13.178387,1.0,0.0,1.0,,,1.0
16145,33.298798,1.0,0.0,1.0,,,1.0
16146,23.609406,1.0,0.008,1.0,,,1.0
16147,26.464878,1.0,0.04347826,1.0,,,1.0
16148,66.737206,1.0,0.003929273,1.0,,,1.0
16149,29.80081,1.0,0.032258064,1.0,,,1.0
16150,15.710909,1.0,0.0,1.0,,,1.0
16151,66.72058,1.0,0.00729927,1.0,,,1.0
16152,114.3943,1.0,0.004878049,1.0,,,1.0
16153,27.434822,1.0,0.00877193,1.0,,,1.0
16154,36.18603,1.0,0.035714287,1.0,,,1.0
16155,109.534454,1.0,0.008333334,1.0,,,1.0
16156,4.307517,1.0,0.0,1.0,,,1.0
16157,17.966253,1.0,0.009302326,1.0,,,1.0
16158,79.97993,1.0,0.0124223605,1.0,,,1.0
16159,8.884108,1.0,0.040816326,1.0,,,1.0
16160,24.755785,1.0,0.0049751243,1.0,,,1.0
16161,44.06932,1.0,0.008403362,1.0,,,1.0
16162,104.55939,1.0,0.0065789474,1.0,,,1.0
16163,48.072598,1.0,0.0,1.0,,,1.0
16164,20.373737,1.0,0.0,1.0,,,1.0
16165,64.768616,1.0,0.0,1.0,,,1.0
16166,21.893303,1.0,0.0047281324,1.0,,,1.0
16167,21.424936,1.0,0.019417476,1.0,,,1.0
16168,1.713682,1.0,0.0,1.0,,,1.0
16169,26.240759,1.0,0.004819277,1.0,,,1.0
16170,29.726034,1.0,0.0,1.0,,,1.0
16171,13.768978,1.0,0.0044444446,1.0,,,1.0
16172,10.73643,1.0,0.0013003901,1.0,,,1.0
16173,30.459496,1.0,0.0,1.0,,,1.0
16174,23.941542,1.0,0.0,1.0,,,1.0
16175,11.4025345,1.0,0.0,1.0,,,1.0
16176,8.379839,1.0,0.0,1.0,,,1.0
16177,17.42918,1.0,0.011627907,1.0,,,1.0
16178,83.21365,1.0,0.006535948,1.0,,,1.0
16179,88.42269,1.0,0.008695652,1.0,,,1.0
16180,117.691864,1.0,0.007490637,1.0,,,1.0
16181,24.530201,1.0,0.0,1.0,,,1.0
16182,46.33236,1.0,0.018181818,1.0,,,1.0
16183,80.49888,1.0,0.0,1.0,,,1.0
16184,100.17136,1.0,0.005063291,1.0,,,1.0
16185,24.113571,1.0,0.0032051282,1.0,,,1.0
16186,55.65838,1.0,0.0,1.0,,,1.0
16187,12.889149,1.0,0.0,1.0,,,1.0
16188,23.98402,1.0,0.0,1.0,,,1.0
16189,9.562602,1.0,0.012345679,1.0,,,1.0
16190,55.549763,1.0,0.0061919503,1.0,,,1.0
16191,13.207193,1.0,0.009009009,1.0,,,1.0
16192,2.281778,1.0,0.0,1.0,,,1.0
16193,32.394344,1.0,0.0,1.0,,,1.0
16194,16.85263,1.0,0.0,1.0,,,1.0
16195,63.79785,1.0,0.018181818,1.0,,,1.0
16196,20.62119,1.0,0.0,1.0,,,1.0
16197,31.961271,1.0,0.008547009,1.0,,,1.0
16198,15.602861,1.0,0.048780486,1.0,,,1.0
16199,77.46287,1.0,0.0,1.0,,,1.0
16200,26.617674,1.0,0.020408163,1.0,,,1.0
16201,59.60921,1.0,0.0072727273,1.0,,,1.0
16202,18.875547,1.0,0.0065146578,1.0,,,1.0
16203,65.94888,1.0,0.025,1.0,,,1.0
16204,80.49888,1.0,0.010152284,1.0,,,1.0
16205,58.774593,1.0,0.014814815,1.0,,,1.0
16206,4.0421214,1.0,0.0027777778,1.0,,,1.0
16207,21.745846,1.0,0.013888889,1.0,,,1.0
16208,17.782553,1.0,0.0,1.0,,,1.0
16209,47.841343,1.0,0.010471204,1.0,,,1.0
16210,24.363783,1.0,0.008,1.0,,,1.0
16211,32.648952,1.0,0.020408163,1.0,,,1.0
16212,51.034954,1.0,0.008583691,1.0,,,1.0
16213,16.941963,1.0,0.023255814,1.0,,,1.0
16214,34.294315,1.0,0.006993007,1.0,,,1.0
16215,23.097351,1.0,0.0057142857,1.0,,,1.0
16216,95.84354,1.0,0.004950495,1.0,,,1.0
16217,23.324146,1.0,0.0116959065,1.0,,,1.0
16218,21.669016,1.0,0.0035842294,1.0,,,1.0
16219,105.86188,1.0,0.0025906735,1.0,,,1.0
16220,51.70851,1.0,0.012578616,1.0,,,1.0
16221,36.974903,1.0,0.0,1.0,,,1.0
16222,18.81347,1.0,0.012048192,1.0,,,1.0
16223,65.69165,1.0,0.0054054055,1.0,,,1.0
16224,125.9227,1.0,0.013605442,1.0,,,1.0
16225,3.8013208,1.0,0.0,1.0,,,1.0
16226,28.136103,1.0,0.006134969,1.0,,,1.0
16227,40.50304,1.0,0.009302326,1.0,,,1.0
16228,86.629326,1.0,0.0,1.0,,,1.0
16229,41.26618,1.0,0.005524862,1.0,,,1.0
16230,37.1636,1.0,0.009478673,1.0,,,1.0
16231,17.5431,1.0,0.018691588,1.0,,,1.0
16232,48.93671,1.0,0.006557377,1.0,,,1.0
16233,81.40033,1.0,0.013605442,1.0,,,1.0
16234,48.54382,1.0,0.0088495575,1.0,,,1.0
16235,47.41082,1.0,0.0,1.0,,,1.0
16236,36.161846,1.0,0.0066225166,1.0,,,1.0
16237,4.9006763,1.0,0.0,1.0,,,1.0
16238,12.136434,1.0,0.033898305,1.0,,,1.0
16239,48.87688,1.0,0.0019762847,1.0,,,1.0
16240,16.475462,1.0,0.0050125313,1.0,,,1.0
16241,73.42956,1.0,0.004032258,1.0,,,1.0
16242,73.267296,1.0,0.014925373,1.0,,,1.0
16243,8.708295,1.0,0.0,1.0,,,1.0
16244,4.576482,1.0,0.011494253,1.0,,,1.0
16245,59.106697,1.0,0.0049875313,1.0,,,1.0
16246,66.80831,1.0,0.005952381,1.0,,,1.0
16247,16.441637,1.0,0.0061919503,1.0,,,1.0
16248,14.742199,1.0,0.05,1.0,,,1.0
16249,7.6518297,1.0,0.0125,1.0,,,1.0
16250,50.108963,1.0,0.008298756,1.0,,,1.0
16251,10.480321,1.0,0.006369427,1.0,,,1.0
16252,10.676455,1.0,0.002967359,1.0,,,1.0
16253,70.53568,1.0,0.01369863,1.0,,,1.0
16254,9.74333,1.0,0.010204081,1.0,,,1.0
16255,25.85058,1.0,0.0,1.0,,,1.0
16256,65.87356,1.0,0.0063897762,1.0,,,1.0
16257,95.84354,1.0,0.010989011,1.0,,,1.0
16258,3.5255792,1.0,0.016949153,1.0,,,1.0
16259,38.605515,1.0,0.0031847134,1.0,,,1.0
16260,13.35724,1.0,0.0,1.0,,,1.0
16261,63.79785,1.0,0.012048192,1.0,,,1.0
16262,9.517717,1.0,0.0,1.0,,,1.0
16263,84.432465,1.0,0.003968254,1.0,,,1.0
16264,63.79785,1.0,0.0036231885,1.0,,,1.0
16265,64.1175,1.0,0.008298756,1.0,,,1.0
16266,9.154886,1.0,0.002739726,1.0,,,1.0
16267,70.53568,1.0,0.019607844,1.0,,,1.0
16268,22.889717,1.0,0.0054644807,1.0,,,1.0
16269,57.51592,1.0,0.010695187,1.0,,,1.0
16270,20.410341,1.0,0.010752688,1.0,,,1.0
16271,68.93599,1.0,0.0,1.0,,,1.0
16272,51.147472,1.0,0.016,1.0,,,1.0
16273,31.540836,1.0,0.004830918,1.0,,,1.0
16274,21.05285,1.0,0.0066225166,1.0,,,1.0
16275,22.554703,1.0,0.009803922,1.0,,,1.0
16276,27.666235,1.0,0.0,1.0,,,1.0
16277,25.965086,1.0,0.00591716,1.0,,,1.0
16278,3.9632063,1.0,0.0,1.0,,,1.0
16279,46.33236,1.0,0.020408163,1.0,,,1.0
16280,77.059265,1.0,0.0024937657,1.0,,,1.0
16281,35.293827,1.0,0.0,1.0,,,1.0
16282,58.166348,1.0,0.0056497175,1.0,,,1.0
16283,12.873835,1.0,0.0,1.0,,,1.0
16284,51.74738,1.0,0.0,1.0,,,1.0
16285,21.460999,1.0,0.012987013,1.0,,,1.0
16286,31.768429,1.0,0.007874016,1.0,,,1.0
16287,24.136799,1.0,0.010752688,1.0,,,1.0
16288,11.877574,1.0,0.02173913,1.0,,,1.0
16289,19.122593,1.0,0.028985508,1.0,,,1.0
16290,19.846601,1.0,0.007194245,1.0,,,1.0
16291,23.282707,1.0,0.01459854,1.0,,,1.0
16292,55.130615,1.0,0.0,1.0,,,1.0
16293,3.031362,1.0,0.010309278,1.0,,,1.0
16294,28.986164,1.0,0.0,1.0,,,1.0
16295,13.872756,1.0,0.0,1.0,,,1.0
16296,125.9227,1.0,0.0037453184,1.0,,,1.0
16297,22.62975,1.0,0.005235602,1.0,,,1.0
16298,34.037895,1.0,0.008264462,1.0,,,1.0
16299,28.83106,1.0,0.006666667,1.0,,,1.0
16300,32.611835,1.0,0.0,1.0,,,1.0
16301,8.650248,1.0,0.002570694,1.0,,,1.0
16302,19.606504,1.0,0.016260162,1.0,,,1.0
16303,21.85599,1.0,0.0,1.0,,,1.0
16304,8.367988,1.0,0.0,1.0,,,1.0
16305,13.5062685,1.0,0.0,1.0,,,1.0
16306,13.690767,1.0,0.009049774,1.0,,,1.0
16307,64.83706,1.0,0.009433962,1.0,,,1.0
16308,106.50943,1.0,0.0026075619,1.0,,,1.0
16309,5.4896626,1.0,0.012048192,1.0,,,1.0
16310,79.97993,1.0,0.014285714,1.0,,,1.0
16311,48.97928,1.0,0.0037807184,1.0,,,1.0
16312,98.70822,1.0,0.010309278,1.0,,,1.0
16313,40.498375,1.0,0.011299435,1.0,,,1.0
16314,29.339872,1.0,0.005235602,1.0,,,1.0
16315,64.06434,1.0,0.0054054055,1.0,,,1.0
16316,16.566917,1.0,0.023809524,1.0,,,1.0
16317,44.905537,1.0,0.0,1.0,,,1.0
16318,49.443634,1.0,0.011560693,1.0,,,1.0
16319,58.172653,1.0,0.014705882,1.0,,,1.0
16320,38.96952,1.0,0.009345794,1.0,,,1.0
16321,96.526924,1.0,0.013071896,1.0,,,1.0
16322,122.87542,1.0,0.0037037036,1.0,,,1.0
16323,45.769985,1.0,0.005154639,1.0,,,1.0
16324,24.78873,1.0,0.009803922,1.0,,,1.0
16325,15.568003,1.0,0.0,1.0,,,1.0
16326,7.226095,1.0,0.0,1.0,,,1.0
16327,24.051332,1.0,0.011494253,1.0,,,1.0
16328,36.037426,1.0,0.0,1.0,,,1.0
16329,15.952163,1.0,0.024691358,1.0,,,1.0
16330,15.094431,1.0,0.03448276,1.0,,,1.0
16331,59.164825,1.0,0.024096385,1.0,,,1.0
16332,9.405348,1.0,0.00591716,1.0,,,1.0
16333,23.771988,1.0,0.0,1.0,,,1.0
16334,22.45595,1.0,0.009009009,1.0,,,1.0
16335,12.50173,1.0,0.010416667,1.0,,,1.0
16336,8.225438,1.0,0.007246377,1.0,,,1.0
16337,30.95582,1.0,0.003773585,1.0,,,1.0
16338,35.23551,1.0,0.0058479533,1.0,,,1.0
16339,75.51869,1.0,0.0065789474,1.0,,,1.0
16340,14.17463,1.0,0.008130081,1.0,,,1.0
16341,2.9307437,1.0,0.0,1.0,,,1.0
16342,80.54764,1.0,0.008403362,1.0,,,1.0
16343,3.4446445,1.0,0.0,1.0,,,1.0
16344,38.151104,1.0,0.008695652,1.0,,,1.0
16345,43.871914,1.0,0.010256411,1.0,,,1.0
16346,29.928143,1.0,0.00456621,1.0,,,1.0
16347,25.534002,1.0,0.0035714286,1.0,,,1.0
16348,33.35456,1.0,0.0,1.0,,,1.0
16349,7.6234717,1.0,0.008403362,1.0,,,1.0
16350,64.38238,1.0,0.0058651026,1.0,,,1.0
16351,35.419224,1.0,0.0064935065,1.0,,,1.0
16352,10.321973,1.0,0.0058479533,1.0,,,1.0
16353,91.68036,1.0,0.0065789474,1.0,,,1.0
16354,23.114315,1.0,0.0,1.0,,,1.0
16355,55.892986,1.0,0.020833334,1.0,,,1.0
16356,25.225454,1.0,0.040816326,1.0,,,1.0
16357,16.991636,1.0,0.0,1.0,,,1.0
16358,30.256107,1.0,0.0023201855,1.0,,,1.0
16359,17.622208,1.0,0.016666668,1.0,,,1.0
16360,89.88506,1.0,0.0074626864,1.0,,,1.0
16361,15.644454,1.0,0.011764706,1.0,,,1.0
16362,50.85755,1.0,0.011363637,1.0,,,1.0
16363,22.626179,1.0,0.008888889,1.0,,,1.0
16364,36.129944,1.0,0.0054054055,1.0,,,1.0
16365,24.176077,1.0,0.004524887,1.0,,,1.0
16366,45.692894,1.0,0.0038535646,1.0,,,1.0
16367,16.234922,1.0,0.004464286,1.0,,,1.0
16368,45.115307,1.0,0.0,1.0,,,1.0
16369,42.749653,1.0,0.0099502485,1.0,,,1.0
16370,31.286966,1.0,0.0,1.0,,,1.0
16371,1.0324517,1.0,0.0,1.0,,,1.0
16372,59.17654,1.0,0.0,1.0,,,1.0
16373,15.374791,1.0,0.0055710305,1.0,,,1.0
16374,86.02153,1.0,0.008,1.0,,,1.0
16375,53.754555,1.0,0.00625,1.0,,,1.0
16376,29.79571,1.0,0.008810572,1.0,,,1.0
16377,29.00706,1.0,0.02247191,1.0,,,1.0
16378,6.3355656,1.0,0.0,1.0,,,1.0
16379,18.250105,1.0,0.0047393367,1.0,,,1.0
16380,3.4364746,1.0,0.0065789474,1.0,,,1.0
16381,0.69511515,1.0,0.0,1.0,,,1.0
16382,29.516747,1.0,0.032258064,1.0,,,1.0
16383,33.175777,1.0,0.004950495,1.0,,,1.0
16384,42.751625,1.0,0.00896861,1.0,,,1.0
16385,35.182957,1.0,0.0,1.0,,,1.0
16386,80.54764,1.0,0.008130081,1.0,,,1.0
16387,26.251015,1.0,0.0,1.0,,,1.0
16388,18.277313,1.0,0.0,1.0,,,1.0
16389,96.526924,1.0,0.008130081,1.0,,,1.0
16390,7.093352,1.0,0.025641026,1.0,,,1.0
16391,17.331963,1.0,0.008733625,1.0,,,1.0
16392,87.21734,1.0,0.0057636886,1.0,,,1.0
16393,25.639994,1.0,0.015625,1.0,,,1.0
16394,59.784924,1.0,0.0039525693,1.0,,,1.0
16395,42.8121,1.0,0.011904762,1.0,,,1.0
16396,14.412979,1.0,0.0034722222,1.0,,,1.0
16397,11.145807,1.0,0.0053475937,1.0,,,1.0
16398,18.674793,1.0,0.037037037,1.0,,,1.0
16399,19.200626,1.0,0.010989011,1.0,,,1.0
16400,92.35006,1.0,0.010695187,1.0,,,1.0
16401,29.884644,1.0,0.0,1.0,,,1.0
16402,17.10703,1.0,0.018867925,1.0,,,1.0
16403,30.844315,1.0,0.014814815,1.0,,,1.0
16404,29.339872,1.0,0.006329114,1.0,,,1.0
16405,61.24214,1.0,0.005479452,1.0,,,1.0
16406,64.38238,1.0,0.0037807184,1.0,,,1.0
16407,33.109562,1.0,0.003533569,1.0,,,1.0
16408,31.527805,1.0,0.006688963,1.0,,,1.0
16409,4.539181,1.0,0.005154639,1.0,,,1.0
16410,11.690911,1.0,0.0,1.0,,,1.0
16411,29.373255,1.0,0.030303031,1.0,,,1.0
16412,16.360374,1.0,0.04255319,1.0,,,1.0
16413,16.228683,1.0,0.0,1.0,,,1.0
16414,11.992996,1.0,0.008230452,1.0,,,1.0
16415,38.96952,1.0,0.024096385,1.0,,,1.0
16416,6.409159,1.0,0.004878049,1.0,,,1.0
16417,20.669939,1.0,0.004889976,1.0,,,1.0
16418,22.123486,1.0,0.0,1.0,,,1.0
16419,52.085163,1.0,0.009803922,1.0,,,1.0
16420,51.961277,1.0,0.0,1.0,,,1.0
16421,17.995594,1.0,0.01058201,1.0,,,1.0
16422,17.45198,1.0,0.005988024,1.0,,,1.0
16423,27.617847,1.0,0.0,1.0,,,1.0
16424,66.482666,1.0,0.01010101,1.0,,,1.0
16425,5.232016,1.0,0.0064102565,1.0,,,1.0
16426,32.623985,1.0,0.0025641026,1.0,,,1.0
16427,35.30824,1.0,0.0057636886,1.0,,,1.0
16428,45.688194,1.0,0.01,1.0,,,1.0
16429,45.692894,1.0,0.005319149,1.0,,,1.0
16430,20.995932,1.0,0.0061728396,1.0,,,1.0
16431,9.693182,1.0,0.0008984726,1.0,,,1.0
16432,3.2047627,1.0,0.0,1.0,,,1.0
16433,12.883763,1.0,0.007246377,1.0,,,1.0
16434,30.883928,1.0,0.008368201,1.0,,,1.0
16435,22.958803,1.0,0.0,1.0,,,1.0
16436,11.992996,1.0,0.00729927,1.0,,,1.0
16437,15.480892,1.0,0.0,1.0,,,1.0
16438,10.637679,1.0,0.0,1.0,,,1.0
16439,36.150955,1.0,0.008583691,1.0,,,1.0
16440,33.345943,1.0,0.0,1.0,,,1.0
16441,24.06789,1.0,0.013333334,1.0,,,1.0
16442,15.449046,1.0,0.015873017,1.0,,,1.0
16443,37.298878,1.0,0.014285714,1.0,,,1.0
16444,10.726507,1.0,0.0,1.0,,,1.0
16445,81.74867,1.0,0.015267176,1.0,,,1.0
16446,38.20176,1.0,0.008333334,1.0,,,1.0
16447,33.544308,1.0,0.009433962,1.0,,,1.0
16448,29.273743,1.0,0.0041841003,1.0,,,1.0
16449,29.480516,1.0,0.00913242,1.0,,,1.0
16450,17.221462,1.0,0.007434944,1.0,,,1.0
16451,1.9344538,1.0,0.0039525693,1.0,,,1.0
16452,44.352646,1.0,0.00862069,1.0,,,1.0
16453,38.57827,1.0,0.0,1.0,,,1.0
16454,10.170442,1.0,0.0025839794,1.0,,,1.0
16455,53.79481,1.0,0.0,1.0,,,1.0
16456,14.2873955,1.0,0.0055555557,1.0,,,1.0
16457,26.287113,1.0,0.006289308,1.0,,,1.0
16458,45.94312,1.0,0.0,1.0,,,1.0
16459,55.27203,1.0,0.011235955,1.0,,,1.0
16460,2.7326565,1.0,0.0,1.0,,,1.0
16461,25.671177,1.0,0.005586592,1.0,,,1.0
16462,9.0142,1.0,0.013513514,1.0,,,1.0
16463,26.339779,1.0,0.009478673,1.0,,,1.0
16464,29.574545,1.0,0.018867925,1.0,,,1.0
16465,8.726748,1.0,0.0,1.0,,,1.0
16466,20.709585,1.0,0.0,1.0,,,1.0
16467,45.776028,1.0,0.008583691,1.0,,,1.0
16468,21.765255,1.0,0.0055555557,1.0,,,1.0
16469,66.482666,1.0,0.0061919503,1.0,,,1.0
16470,59.4938,1.0,0.0046948357,1.0,,,1.0
16471,21.566593,1.0,0.0,1.0,,,1.0
16472,40.84468,1.0,0.0037037036,1.0,,,1.0
16473,4.770645,1.0,0.0,1.0,,,1.0
16474,32.783146,1.0,0.006535948,1.0,,,1.0
16475,66.482666,1.0,0.004854369,1.0,,,1.0
16476,57.788727,1.0,0.0051020407,1.0,,,1.0
16477,11.260135,1.0,0.0,1.0,,,1.0
16478,3.2532387,1.0,0.010362694,1.0,,,1.0
16479,33.70337,1.0,0.006153846,1.0,,,1.0
16480,47.030117,1.0,0.015503876,1.0,,,1.0
16481,28.149693,1.0,0.0,1.0,,,1.0
16482,24.282587,1.0,0.0,1.0,,,1.0
16483,3.79636,1.0,0.0,1.0,,,1.0
16484,34.14653,1.0,0.008064516,1.0,,,1.0
16485,96.27794,1.0,0.007518797,1.0,,,1.0
16486,74.01742,1.0,0.004464286,1.0,,,1.0
16487,102.72474,1.0,0.004385965,1.0,,,1.0
16488,78.61112,1.0,0.0071174377,1.0,,,1.0
16489,13.386055,1.0,0.0,1.0,,,1.0
16490,47.121517,1.0,0.007518797,1.0,,,1.0
16491,15.589736,1.0,0.010752688,1.0,,,1.0
16492,11.5362215,1.0,0.02247191,1.0,,,1.0
16493,15.193292,1.0,0.0066225166,1.0,,,1.0
16494,16.941963,1.0,0.022727273,1.0,,,1.0
16495,35.579136,1.0,0.0068965517,1.0,,,1.0
16496,27.34589,1.0,0.027777778,1.0,,,1.0
16497,5.072774,1.0,0.0019723866,1.0,,,1.0
16498,104.55939,1.0,0.018018018,1.0,,,1.0
16499,54.69655,1.0,0.005988024,1.0,,,1.0
16500,12.194576,1.0,0.024691358,1.0,,,1.0
16501,28.216385,1.0,0.03508772,1.0,,,1.0
16502,15.852527,1.0,0.0,1.0,,,1.0
16503,89.298325,1.0,0.00729927,1.0,,,1.0
16504,35.30824,1.0,0.0055555557,1.0,,,1.0
16505,33.172184,1.0,0.016393442,1.0,,,1.0
16506,37.789955,1.0,0.0093896715,1.0,,,1.0
16507,79.519646,1.0,0.00477327,1.0,,,1.0
16508,89.298325,1.0,0.015384615,1.0,,,1.0
16509,14.535093,1.0,0.009009009,1.0,,,1.0
16510,9.598533,1.0,0.016393442,1.0,,,1.0
16511,56.3599,1.0,0.008196721,1.0,,,1.0
16512,80.108826,1.0,0.01724138,1.0,,,1.0
16513,7.82334,1.0,0.035714287,1.0,,,1.0
16514,6.2460623,1.0,0.0,1.0,,,1.0
16515,91.47089,1.0,0.0058479533,1.0,,,1.0
16516,30.668852,1.0,0.016949153,1.0,,,1.0
16517,19.524954,1.0,0.0,1.0,,,1.0
16518,108.342125,1.0,0.0064935065,1.0,,,1.0
16519,12.615913,1.0,0.02631579,1.0,,,1.0
16520,36.605022,1.0,0.013071896,1.0,,,1.0
16521,126.36123,1.0,0.015503876,1.0,,,1.0
16522,26.14434,1.0,0.0057142857,1.0,,,1.0
16523,26.934263,1.0,0.024691358,1.0,,,1.0
16524,32.648952,1.0,0.008130081,1.0,,,1.0
16525,64.1175,1.0,0.0,1.0,,,1.0
16526,7.807362,1.0,0.0,1.0,,,1.0
16527,16.487339,1.0,0.0,1.0,,,1.0
16528,36.706203,1.0,0.016666668,1.0,,,1.0
16529,13.349279,1.0,0.0,1.0,,,1.0
16530,46.705368,1.0,0.004464286,1.0,,,1.0
16531,17.066416,1.0,0.012269938,1.0,,,1.0
16532,20.268154,1.0,0.0,1.0,,,1.0
16533,125.9227,1.0,0.01438849,1.0,,,1.0
16534,40.742737,1.0,0.0062305294,1.0,,,1.0
16535,57.57289,1.0,0.0037453184,1.0,,,1.0
16536,52.55083,1.0,0.01754386,1.0,,,1.0
16537,28.946867,1.0,0.037037037,1.0,,,1.0
16538,15.380593,1.0,0.010416667,1.0,,,1.0
16539,24.21777,1.0,0.002079002,1.0,,,1.0
16540,97.18079,1.0,0.004056795,1.0,,,1.0
16541,80.376945,1.0,0.00729927,1.0,,,1.0
16542,5.5190234,1.0,0.0,1.0,,,1.0
16543,10.887716,1.0,0.0,1.0,,,1.0
16544,74.786865,1.0,0.008,1.0,,,1.0
16545,37.494713,1.0,0.04347826,1.0,,,1.0
16546,70.86064,1.0,0.010204081,1.0,,,1.0
16547,102.88374,1.0,0.0064935065,1.0,,,1.0
16548,28.149693,1.0,0.0033112583,1.0,,,1.0
16549,24.630066,1.0,0.009090909,1.0,,,1.0
16550,81.34332,1.0,0.011904762,1.0,,,1.0
16551,23.85702,1.0,0.011111111,1.0,,,1.0
16552,3.1216736,1.0,0.0,1.0,,,1.0
16553,48.833973,1.0,0.008064516,1.0,,,1.0
16554,2.938833,1.0,0.0,1.0,,,1.0
16555,13.159915,1.0,0.0,1.0,,,1.0
16556,8.130865,1.0,0.015873017,1.0,,,1.0
16557,47.397366,1.0,0.0,1.0,,,1.0
16558,44.54079,1.0,0.027027028,1.0,,,1.0
16559,20.660381,1.0,0.0049751243,1.0,,,1.0
16560,13.442878,1.0,0.009708738,1.0,,,1.0
16561,86.73833,1.0,0.0,1.0,,,1.0
16562,45.026672,1.0,0.005235602,1.0,,,1.0
16563,22.30381,1.0,0.015873017,1.0,,,1.0
16564,19.894602,1.0,0.044444446,1.0,,,1.0
16565,45.31392,1.0,0.010256411,1.0,,,1.0
16566,68.44961,1.0,0.0076045627,1.0,,,1.0
16567,36.037506,1.0,0.0037453184,1.0,,,1.0
16568,38.589554,1.0,0.025974026,1.0,,,1.0
16569,23.061047,1.0,0.016393442,1.0,,,1.0
16570,9.973577,1.0,0.0,1.0,,,1.0
16571,48.79064,1.0,0.003236246,1.0,,,1.0
16572,30.533783,1.0,0.0,1.0,,,1.0
16573,38.605515,1.0,0.012048192,1.0,,,1.0
16574,6.7478876,1.0,0.0,1.0,,,1.0
16575,32.210003,1.0,0.0,1.0,,,1.0
16576,65.23029,1.0,0.006644518,1.0,,,1.0
16577,11.90858,1.0,0.0,1.0,,,1.0
16578,73.42956,1.0,0.008264462,1.0,,,1.0
16579,53.86719,1.0,0.009569378,1.0,,,1.0
16580,19.608446,1.0,0.0,1.0,,,1.0
16581,41.412525,1.0,0.007751938,1.0,,,1.0
16582,31.358707,1.0,0.0,1.0,,,1.0
16583,41.116375,1.0,0.0,1.0,,,1.0
16584,17.825897,1.0,0.00243309,1.0,,,1.0
16585,37.639343,1.0,0.025641026,1.0,,,1.0
16586,47.678448,1.0,0.0,1.0,,,1.0
16587,18.12367,1.0,0.008298756,1.0,,,1.0
16588,16.326185,1.0,0.0047393367,1.0,,,1.0
16589,9.479246,1.0,0.0,1.0,,,1.0
16590,54.78728,1.0,0.0064102565,1.0,,,1.0
16591,29.128477,1.0,0.007751938,1.0,,,1.0
16592,12.8358965,1.0,0.0,1.0,,,1.0
16593,78.46972,1.0,0.0,1.0,,,1.0
16594,38.739883,1.0,0.0019607844,1.0,,,1.0
16595,57.837452,1.0,0.0056179776,1.0,,,1.0
16596,50.91552,1.0,0.009708738,1.0,,,1.0
16597,44.71085,1.0,0.004048583,1.0,,,1.0
16598,19.295488,1.0,0.002096436,1.0,,,1.0
16599,50.617916,1.0,0.0057803467,1.0,,,1.0
16600,29.252003,1.0,0.007067138,1.0,,,1.0
16601,17.471344,1.0,0.01980198,1.0,,,1.0
16602,6.844437,1.0,0.01010101,1.0,,,1.0
16603,26.007954,1.0,0.0,1.0,,,1.0
16604,25.643652,1.0,0.00754717,1.0,,,1.0
16605,54.970505,1.0,0.0058479533,1.0,,,1.0
16606,100.17136,1.0,0.005882353,1.0,,,1.0
16607,24.566587,1.0,0.0,1.0,,,1.0
16608,53.408028,1.0,0.0,1.0,,,1.0
16609,69.440056,1.0,0.00754717,1.0,,,1.0
16610,31.527805,1.0,0.035714287,1.0,,,1.0
16611,56.25854,1.0,0.0093896715,1.0,,,1.0
16612,13.63132,1.0,0.0,1.0,,,1.0
16613,29.690601,1.0,0.011299435,1.0,,,1.0
16614,10.292553,1.0,0.0099502485,1.0,,,1.0
16615,48.698395,1.0,0.0053475937,1.0,,,1.0
16616,8.057806,1.0,0.008264462,1.0,,,1.0
16617,40.618332,1.0,0.02631579,1.0,,,1.0
16618,20.056435,1.0,0.025974026,1.0,,,1.0
16619,42.394215,1.0,0.0,1.0,,,1.0
16620,44.186485,1.0,0.012048192,1.0,,,1.0
16621,55.38542,1.0,0.0056497175,1.0,,,1.0
16622,11.545447,1.0,0.023255814,1.0,,,1.0
16623,54.33177,1.0,0.010204081,1.0,,,1.0
16624,22.838282,1.0,0.002754821,1.0,,,1.0
16625,77.84169,1.0,0.0057471264,1.0,,,1.0
16626,92.609,1.0,0.01724138,1.0,,,1.0
16627,5.7442684,1.0,0.0013869626,1.0,,,1.0
16628,37.328815,1.0,0.0116959065,1.0,,,1.0
16629,47.042557,1.0,0.010752688,1.0,,,1.0
16630,29.500444,1.0,0.015384615,1.0,,,1.0
16631,10.150748,1.0,0.012269938,1.0,,,1.0
16632,17.242393,1.0,0.0057803467,1.0,,,1.0
16633,44.389404,1.0,0.0,1.0,,,1.0
16634,74.82495,1.0,0.0,1.0,,,1.0
16635,26.506628,1.0,0.0,1.0,,,1.0
16636,8.916566,1.0,0.024390243,1.0,,,1.0
16637,53.449894,1.0,0.0,1.0,,,1.0
16638,45.776028,1.0,0.0,1.0,,,1.0
16639,85.54174,1.0,0.014084507,1.0,,,1.0
16640,12.513949,1.0,0.0088495575,1.0,,,1.0
16641,40.519707,1.0,0.01438849,1.0,,,1.0
16642,17.611622,1.0,0.0032573289,1.0,,,1.0
16643,56.376305,1.0,0.009615385,1.0,,,1.0
16644,16.046627,1.0,0.016666668,1.0,,,1.0
16645,34.51331,1.0,0.0068965517,1.0,,,1.0
16646,6.860985,1.0,0.0,1.0,,,1.0
16647,17.352394,1.0,0.0121951215,1.0,,,1.0
16648,33.874462,1.0,0.007751938,1.0,,,1.0
16649,9.774988,1.0,0.0,1.0,,,1.0
16650,20.723194,1.0,0.006993007,1.0,,,1.0
16651,12.310066,1.0,0.0,1.0,,,1.0
16652,11.714984,1.0,0.017391304,1.0,,,1.0
16653,125.9227,1.0,0.00921659,1.0,,,1.0
16654,67.38744,1.0,0.016949153,1.0,,,1.0
16655,78.47665,1.0,0.003921569,1.0,,,1.0
16656,42.61336,1.0,0.0054644807,1.0,,,1.0
16657,38.605515,1.0,0.006849315,1.0,,,1.0
16658,81.59623,1.0,0.012903226,1.0,,,1.0
16659,3.5615704,1.0,0.04347826,1.0,,,1.0
16660,15.414063,1.0,0.0,1.0,,,1.0
16661,56.72165,1.0,0.021052632,1.0,,,1.0
16662,13.557972,1.0,0.0,1.0,,,1.0
16663,105.86188,1.0,0.012658228,1.0,,,1.0
16664,11.237338,1.0,0.0,1.0,,,1.0
16665,8.530307,1.0,0.046511628,1.0,,,1.0
16666,8.737745,1.0,0.0,1.0,,,1.0
16667,39.940224,1.0,0.0065789474,1.0,,,1.0
16668,38.82514,1.0,0.048780486,1.0,,,1.0
16669,36.548706,1.0,0.0,1.0,,,1.0
16670,8.08492,1.0,0.006451613,1.0,,,1.0
16671,48.522232,1.0,0.0,1.0,,,1.0
16672,29.71264,1.0,0.0,1.0,,,1.0
16673,31.660326,1.0,0.0,1.0,,,1.0
16674,10.095781,1.0,0.009803922,1.0,,,1.0
16675,29.79571,1.0,0.008130081,1.0,,,1.0
16676,15.334187,1.0,0.0,1.0,,,1.0
16677,61.61508,1.0,0.0078125,1.0,,,1.0
16678,11.515723,1.0,0.0,1.0,,,1.0
16679,21.494995,1.0,0.0,1.0,,,1.0
16680,13.638683,1.0,0.0,1.0,,,1.0
16681,10.158344,1.0,0.028571429,1.0,,,1.0
16682,13.478284,1.0,0.010309278,1.0,,,1.0
16683,6.959819,1.0,0.0,1.0,,,1.0
16684,12.493307,1.0,0.0625,1.0,,,1.0
16685,38.18143,1.0,0.008298756,1.0,,,1.0
16686,29.670721,1.0,0.016129032,1.0,,,1.0
16687,10.592308,1.0,0.0121951215,1.0,,,1.0
16688,50.154434,1.0,0.0024937657,1.0,,,1.0
16689,28.530111,1.0,0.0,1.0,,,1.0
16690,11.545447,1.0,0.031746034,1.0,,,1.0
16691,11.497827,1.0,0.009433962,1.0,,,1.0
16692,14.09412,1.0,0.013513514,1.0,,,1.0
16693,60.758087,1.0,0.0057471264,1.0,,,1.0
16694,24.951025,1.0,0.0,1.0,,,1.0
16695,89.88506,1.0,0.0069444445,1.0,,,1.0
16696,33.95981,1.0,0.015037594,1.0,,,1.0
16697,5.327675,1.0,0.0,1.0,,,1.0
16698,14.294573,1.0,0.015625,1.0,,,1.0
16699,92.609,1.0,0.005167959,1.0,,,1.0
16700,33.40176,1.0,0.003992016,1.0,,,1.0
16701,9.00591,1.0,0.0031948881,1.0,,,1.0
16702,41.58523,1.0,0.018518519,1.0,,,1.0
16703,66.482666,1.0,0.0,1.0,,,1.0
16704,32.09276,1.0,0.004784689,1.0,,,1.0
16705,27.082186,1.0,0.0,1.0,,,1.0
16706,80.49888,1.0,0.005952381,1.0,,,1.0
16707,22.396517,1.0,0.014184397,1.0,,,1.0
16708,3.6362429,1.0,0.004651163,1.0,,,1.0
16709,42.433804,1.0,0.012738854,1.0,,,1.0
16710,12.296264,1.0,0.0036764706,1.0,,,1.0
16711,3.7449636,1.0,0.0,1.0,,,1.0
16712,24.433,1.0,0.041666668,1.0,,,1.0
16713,31.827105,1.0,0.0,1.0,,,1.0
16714,62.506805,1.0,0.007246377,1.0,,,1.0
16715,26.464878,1.0,0.0124223605,1.0,,,1.0
16716,18.252691,1.0,0.0,1.0,,,1.0
16717,7.225672,1.0,0.010695187,1.0,,,1.0
16718,11.977129,1.0,0.012987013,1.0,,,1.0
16719,17.865223,1.0,0.0,1.0,,,1.0
16720,55.507927,1.0,0.007518797,1.0,,,1.0
16721,14.285633,1.0,0.009302326,1.0,,,1.0
16722,45.260323,1.0,0.029411765,1.0,,,1.0
16723,17.653147,1.0,0.005063291,1.0,,,1.0
16724,19.524954,1.0,0.00295858,1.0,,,1.0
16725,14.0857315,1.0,0.0,1.0,,,1.0
16726,14.77049,1.0,0.0,1.0,,,1.0
16727,44.92765,1.0,0.0,1.0,,,1.0
16728,125.9227,1.0,0.0053475937,1.0,,,1.0
16729,81.40033,1.0,0.008333334,1.0,,,1.0
16730,78.763336,1.0,0.014705882,1.0,,,1.0
16731,32.51213,1.0,0.018691588,1.0,,,1.0
16732,43.273468,1.0,0.0,1.0,,,1.0
16733,3.979411,1.0,0.016528925,1.0,,,1.0
16734,40.742737,1.0,0.0,1.0,,,1.0
16735,56.54368,1.0,0.003021148,1.0,,,1.0
16736,11.35543,1.0,0.0,1.0,,,1.0
16737,18.294735,1.0,0.0,1.0,,,1.0
16738,25.829971,1.0,0.016129032,1.0,,,1.0
16739,36.7388,1.0,0.0,1.0,,,1.0
16740,23.625849,1.0,0.004140787,1.0,,,1.0
16741,15.670576,1.0,0.003960396,1.0,,,1.0
16742,16.10021,1.0,0.0,1.0,,,1.0
16743,73.57952,1.0,0.007874016,1.0,,,1.0
16744,15.758587,1.0,0.005988024,1.0,,,1.0
16745,33.804516,1.0,0.0,1.0,,,1.0
16746,47.21923,1.0,0.001980198,1.0,,,1.0
16747,2.770153,1.0,0.0063897762,1.0,,,1.0
16748,73.01437,1.0,0.003984064,1.0,,,1.0
16749,43.485424,1.0,0.0033670033,1.0,,,1.0
16750,42.433804,1.0,0.01923077,1.0,,,1.0
16751,35.480804,1.0,0.0049751243,1.0,,,1.0
16752,43.363792,1.0,0.0,1.0,,,1.0
16753,17.404062,1.0,0.0,1.0,,,1.0
16754,22.289747,1.0,0.004651163,1.0,,,1.0
16755,34.637917,1.0,0.007782101,1.0,,,1.0
16756,9.886144,1.0,0.023255814,1.0,,,1.0
16757,33.233067,1.0,0.0,1.0,,,1.0
16758,39.87368,1.0,0.0,1.0,,,1.0
16759,11.296189,1.0,0.0,1.0,,,1.0
16760,7.6234717,1.0,0.011235955,1.0,,,1.0
16761,15.181713,1.0,0.0,1.0,,,1.0
16762,68.44961,1.0,0.0,1.0,,,1.0
16763,22.468576,1.0,0.0,1.0,,,1.0
16764,20.97749,1.0,0.005291005,1.0,,,1.0
16765,33.63226,1.0,0.014184397,1.0,,,1.0
16766,38.11679,1.0,0.011111111,1.0,,,1.0
16767,33.302765,1.0,0.0,1.0,,,1.0
16768,42.885136,1.0,0.0088495575,1.0,,,1.0
16769,12.858797,1.0,0.014285714,1.0,,,1.0
16770,7.348108,1.0,0.0,1.0,,,1.0
16771,1.8288924,1.0,0.0,1.0,,,1.0
16772,28.513832,1.0,0.0041841003,1.0,,,1.0
16773,54.033012,1.0,0.0,1.0,,,1.0
16774,30.523783,1.0,0.00913242,1.0,,,1.0
16775,38.605515,1.0,0.013986014,1.0,,,1.0
16776,30.398432,1.0,0.0074074073,1.0,,,1.0
16777,36.161846,1.0,0.0,1.0,,,1.0
16778,20.172089,1.0,0.008,1.0,,,1.0
16779,33.20235,1.0,0.0036630037,1.0,,,1.0
16780,71.00416,1.0,0.0042918455,1.0,,,1.0
16781,41.92771,1.0,0.008097166,1.0,,,1.0
16782,25.371714,1.0,0.011235955,1.0,,,1.0
16783,72.048134,1.0,0.0016528926,1.0,,,1.0
16784,63.5304,1.0,0.013333334,1.0,,,1.0
16785,29.943281,1.0,0.0049875313,1.0,,,1.0
16786,13.37858,1.0,0.030303031,1.0,,,1.0
16787,9.203225,1.0,0.0,1.0,,,1.0
16788,71.0438,1.0,0.024096385,1.0,,,1.0
16789,33.60434,1.0,0.010638298,1.0,,,1.0
16790,28.731268,1.0,0.018867925,1.0,,,1.0
16791,43.690777,1.0,0.0034965035,1.0,,,1.0
16792,80.49888,1.0,0.004914005,1.0,,,1.0
16793,25.539497,1.0,0.008583691,1.0,,,1.0
16794,14.321273,1.0,0.005194805,1.0,,,1.0
16795,33.758564,1.0,0.012345679,1.0,,,1.0
16796,48.522827,1.0,0.007782101,1.0,,,1.0
16797,30.610586,1.0,0.0,1.0,,,1.0
16798,22.659456,1.0,0.04,1.0,,,1.0
16799,33.302586,1.0,0.021276595,1.0,,,1.0
16800,9.691534,1.0,0.013157895,1.0,,,1.0
16801,21.646791,1.0,0.0,1.0,,,1.0
16802,51.034954,1.0,0.010752688,1.0,,,1.0
16803,41.952328,1.0,0.0,1.0,,,1.0
16804,68.78812,1.0,0.0,1.0,,,1.0
16805,4.374569,1.0,0.03125,1.0,,,1.0
16806,20.2618,1.0,0.007751938,1.0,,,1.0
16807,30.460304,1.0,0.00591716,1.0,,,1.0
16808,15.928535,1.0,0.0,1.0,,,1.0
16809,23.173645,1.0,0.0,1.0,,,1.0
16810,60.771557,1.0,0.00877193,1.0,,,1.0
16811,33.70337,1.0,0.0038834952,1.0,,,1.0
16812,20.860258,1.0,0.0,1.0,,,1.0
16813,25.702883,1.0,0.014492754,1.0,,,1.0
16814,31.881863,1.0,0.00990099,1.0,,,1.0
16815,58.585804,1.0,0.0,1.0,,,1.0
16816,27.253378,1.0,0.0046296297,1.0,,,1.0
16817,26.828968,1.0,0.07692308,1.0,,,1.0
16818,114.3943,1.0,0.005194805,1.0,,,1.0
16819,10.514048,1.0,0.010526316,1.0,,,1.0
16820,45.92432,1.0,0.0,1.0,,,1.0
16821,51.792812,1.0,0.007518797,1.0,,,1.0
16822,20.081308,1.0,0.0,1.0,,,1.0
16823,89.298325,1.0,0.015503876,1.0,,,1.0
16824,42.90579,1.0,0.012345679,1.0,,,1.0
16825,23.524294,1.0,0.0054054055,1.0,,,1.0
16826,29.836765,1.0,0.0033444816,1.0,,,1.0
16827,14.991302,1.0,0.0051020407,1.0,,,1.0
16828,35.66305,1.0,0.0,1.0,,,1.0
16829,29.537066,1.0,0.0,1.0,,,1.0
16830,14.41461,1.0,0.008130081,1.0,,,1.0
16831,54.94692,1.0,0.012903226,1.0,,,1.0
16832,10.992076,1.0,0.0,1.0,,,1.0
16833,46.917625,1.0,0.0038910506,1.0,,,1.0
16834,27.457932,1.0,0.0,1.0,,,1.0
16835,21.87021,1.0,0.026666667,1.0,,,1.0
16836,13.806932,1.0,0.0026666666,1.0,,,1.0
16837,39.526016,1.0,0.0,1.0,,,1.0
16838,53.98461,1.0,0.010256411,1.0,,,1.0
16839,17.424686,1.0,0.0,1.0,,,1.0
16840,30.460304,1.0,0.006134969,1.0,,,1.0
16841,40.818283,1.0,0.006329114,1.0,,,1.0
16842,76.991905,1.0,0.005263158,1.0,,,1.0
16843,21.344973,1.0,0.048780486,1.0,,,1.0
16844,59.03841,1.0,0.0,1.0,,,1.0
16845,18.561888,1.0,0.0,1.0,,,1.0
16846,15.519409,1.0,0.008547009,1.0,,,1.0
16847,48.210796,1.0,0.0069444445,1.0,,,1.0
16848,22.328156,1.0,0.0,1.0,,,1.0
16849,36.55249,1.0,0.027777778,1.0,,,1.0
16850,27.441507,1.0,0.014285714,1.0,,,1.0
16851,16.196316,1.0,0.0,1.0,,,1.0
16852,42.474373,1.0,0.0056179776,1.0,,,1.0
16853,5.039693,1.0,0.0,1.0,,,1.0
16854,6.5087605,1.0,0.0,1.0,,,1.0
16855,59.740917,1.0,0.008583691,1.0,,,1.0
16856,68.1871,1.0,0.008583691,1.0,,,1.0
16857,74.078445,1.0,0.03448276,1.0,,,1.0
16858,27.876799,1.0,0.00952381,1.0,,,1.0
16859,81.60287,1.0,0.0091743115,1.0,,,1.0
16860,2.3719943,1.0,0.0,1.0,,,1.0
16861,63.247498,1.0,0.0038910506,1.0,,,1.0
16862,30.300766,1.0,0.011299435,1.0,,,1.0
16863,60.52878,1.0,0.008196721,1.0,,,1.0
16864,21.657558,1.0,0.0033783785,1.0,,,1.0
16865,125.9227,1.0,0.0041067763,1.0,,,1.0
16866,16.901781,1.0,0.003921569,1.0,,,1.0
16867,104.55939,1.0,0.0056980057,1.0,,,1.0
16868,69.440056,1.0,0.0063897762,1.0,,,1.0
16869,52.809917,1.0,0.0,1.0,,,1.0
16870,47.775974,1.0,0.007874016,1.0,,,1.0
16871,2.5225139,1.0,0.048780486,1.0,,,1.0
16872,117.691864,1.0,0.00625,1.0,,,1.0
16873,14.77049,1.0,0.014492754,1.0,,,1.0
16874,47.030117,1.0,0.032258064,1.0,,,1.0
16875,4.909104,1.0,0.021276595,1.0,,,1.0
16876,14.348619,1.0,0.0,1.0,,,1.0
16877,12.322747,1.0,0.0025575447,1.0,,,1.0
16878,22.289747,1.0,0.006289308,1.0,,,1.0
16879,14.742199,1.0,0.011049724,1.0,,,1.0
16880,39.670803,1.0,0.003944773,1.0,,,1.0
16881,90.67079,1.0,0.006060606,1.0,,,1.0
16882,14.943771,1.0,0.0,1.0,,,1.0
16883,15.391422,1.0,0.013605442,1.0,,,1.0
16884,45.776028,1.0,0.0070921984,1.0,,,1.0
16885,23.318443,1.0,0.012987013,1.0,,,1.0
16886,40.562775,1.0,0.0,1.0,,,1.0
16887,11.570875,1.0,0.03448276,1.0,,,1.0
16888,92.05475,1.0,0.007751938,1.0,,,1.0
16889,81.40033,1.0,0.017391304,1.0,,,1.0
16890,41.26618,1.0,0.006993007,1.0,,,1.0
16891,14.721153,1.0,0.0,1.0,,,1.0
16892,50.154434,1.0,0.0054644807,1.0,,,1.0
16893,58.646927,1.0,0.007380074,1.0,,,1.0
16894,35.17355,1.0,0.0,1.0,,,1.0
16895,40.45638,1.0,0.0,1.0,,,1.0
16896,49.67842,1.0,0.013513514,1.0,,,1.0
16897,66.769264,1.0,0.005249344,1.0,,,1.0
16898,100.17136,1.0,0.004716981,1.0,,,1.0
16899,39.18393,1.0,0.0,1.0,,,1.0
16900,1.9250717,1.0,0.0,1.0,,,1.0
16901,101.899734,1.0,0.006472492,1.0,,,1.0
16902,26.896175,1.0,0.008928572,1.0,,,1.0
16903,71.00416,1.0,0.0023364485,1.0,,,1.0
16904,39.15433,1.0,0.009345794,1.0,,,1.0
16905,81.40033,1.0,0.010928961,1.0,,,1.0
16906,14.178438,1.0,0.01010101,1.0,,,1.0
16907,6.819383,1.0,0.0,1.0,,,1.0
16908,33.08499,1.0,0.0049261083,1.0,,,1.0
16909,70.22936,1.0,0.004878049,1.0,,,1.0
16910,65.28243,1.0,0.021276595,1.0,,,1.0
16911,3.7090127,1.0,0.0029498525,1.0,,,1.0
16912,19.816198,1.0,0.0,1.0,,,1.0
16913,102.72474,1.0,0.0068259384,1.0,,,1.0
16914,32.72976,1.0,0.0,1.0,,,1.0
16915,6.5874834,1.0,0.0,1.0,,,1.0
16916,11.591997,1.0,0.0,1.0,,,1.0
16917,27.49867,1.0,0.008403362,1.0,,,1.0
16918,31.215162,1.0,0.033898305,1.0,,,1.0
16919,21.418062,1.0,0.0,1.0,,,1.0
16920,29.836765,1.0,0.008130081,1.0,,,1.0
16921,23.926224,1.0,0.006968641,1.0,,,1.0
16922,55.412785,1.0,0.015748031,1.0,,,1.0
16923,9.525349,1.0,0.0,1.0,,,1.0
16924,14.018503,1.0,0.029411765,1.0,,,1.0
16925,9.457529,1.0,0.04761905,1.0,,,1.0
16926,8.417838,1.0,0.0,1.0,,,1.0
16927,8.728072,1.0,0.0,1.0,,,1.0
16928,3.8936286,1.0,0.022727273,1.0,,,1.0
16929,21.68584,1.0,0.014184397,1.0,,,1.0
16930,52.905174,1.0,0.0091743115,1.0,,,1.0
16931,17.966253,1.0,0.004784689,1.0,,,1.0
16932,75.32171,1.0,0.0116959065,1.0,,,1.0
16933,48.54382,1.0,0.0,1.0,,,1.0
16934,36.557713,1.0,0.024691358,1.0,,,1.0
16935,54.69655,1.0,0.008264462,1.0,,,1.0
16936,29.574545,1.0,0.0,1.0,,,1.0
16937,17.415504,1.0,0.0,1.0,,,1.0
16938,27.641935,1.0,0.0039525693,1.0,,,1.0
16939,56.427536,1.0,0.012345679,1.0,,,1.0
16940,14.123643,1.0,0.0,1.0,,,1.0
16941,6.9198093,1.0,0.025316456,1.0,,,1.0
16942,34.51331,1.0,0.0069444445,1.0,,,1.0
16943,25.666985,1.0,0.0030959751,1.0,,,1.0
16944,19.17191,1.0,0.0,1.0,,,1.0
16945,25.728254,1.0,0.0,1.0,,,1.0
16946,33.413734,1.0,0.003717472,1.0,,,1.0
16947,21.994856,1.0,0.0,1.0,,,1.0
16948,33.233067,1.0,0.0,1.0,,,1.0
16949,7.1888294,1.0,0.0,1.0,,,1.0
16950,14.943771,1.0,0.007490637,1.0,,,1.0
16951,23.532372,1.0,0.0058139535,1.0,,,1.0
16952,19.56064,1.0,0.0028011205,1.0,,,1.0
16953,25.534002,1.0,0.008064516,1.0,,,1.0
16954,9.598059,1.0,0.0,1.0,,,1.0
16955,19.279991,1.0,0.03508772,1.0,,,1.0
16956,17.474966,1.0,0.009569378,1.0,,,1.0
16957,33.70337,1.0,0.003921569,1.0,,,1.0
16958,59.643055,1.0,0.004901961,1.0,,,1.0
16959,59.784924,1.0,0.0121951215,1.0,,,1.0
16960,16.974678,1.0,0.0,1.0,,,1.0
16961,46.705368,1.0,0.007142857,1.0,,,1.0
16962,38.61067,1.0,0.013157895,1.0,,,1.0
16963,6.0573006,1.0,0.005063291,1.0,,,1.0
16964,85.46326,1.0,0.01010101,1.0,,,1.0
16965,5.4742484,1.0,0.008064516,1.0,,,1.0
16966,45.663223,1.0,0.011494253,1.0,,,1.0
16967,13.667544,1.0,0.0,1.0,,,1.0
16968,33.453167,1.0,0.02173913,1.0,,,1.0
16969,43.118603,1.0,0.013513514,1.0,,,1.0
16970,14.340914,1.0,0.0056338026,1.0,,,1.0
16971,80.32686,1.0,0.009478673,1.0,,,1.0
16972,34.37597,1.0,0.004878049,1.0,,,1.0
16973,11.507326,1.0,0.02631579,1.0,,,1.0
16974,42.68453,1.0,0.0,1.0,,,1.0
16975,57.57289,1.0,0.0072727273,1.0,,,1.0
16976,46.968636,1.0,0.008,1.0,,,1.0
16977,28.03313,1.0,0.006134969,1.0,,,1.0
16978,44.186485,1.0,0.0,1.0,,,1.0
16979,106.4167,1.0,0.00896861,1.0,,,1.0
16980,8.013602,1.0,0.0,1.0,,,1.0
16981,3.3018608,1.0,0.0,1.0,,,1.0
16982,29.55012,1.0,0.004962779,1.0,,,1.0
16983,105.86188,1.0,0.005141388,1.0,,,1.0
16984,25.848244,1.0,0.0,1.0,,,1.0
16985,48.629158,1.0,0.013333334,1.0,,,1.0
16986,92.35006,1.0,0.00591716,1.0,,,1.0
16987,43.452435,1.0,0.0062695923,1.0,,,1.0
16988,69.43896,1.0,0.009090909,1.0,,,1.0
16989,100.17136,1.0,0.0055555557,1.0,,,1.0
16990,30.421831,1.0,0.0,1.0,,,1.0
16991,14.321273,1.0,0.0054945056,1.0,,,1.0
16992,2.420794,1.0,0.0,1.0,,,1.0
16993,43.871914,1.0,0.009852217,1.0,,,1.0
16994,31.527805,1.0,0.003968254,1.0,,,1.0
16995,42.320766,1.0,0.007874016,1.0,,,1.0
16996,7.4977436,1.0,0.0062305294,1.0,,,1.0
16997,7.6042366,1.0,0.0019880715,1.0,,,1.0
16998,11.402521,1.0,0.007518797,1.0,,,1.0
16999,31.050081,1.0,0.0058479533,1.0,,,1.0
17000,105.86188,1.0,0.008928572,1.0,,,1.0
17001,19.950375,1.0,0.0,1.0,,,1.0
17002,61.210323,1.0,0.006849315,1.0,,,1.0
17003,6.7592654,1.0,0.0,1.0,,,1.0
17004,44.54079,1.0,0.021505376,1.0,,,1.0
17005,10.465173,1.0,0.0020120724,1.0,,,1.0
17006,18.66259,1.0,0.025974026,1.0,,,1.0
17007,23.926224,1.0,0.0,1.0,,,1.0
17008,2.3465674,1.0,0.003968254,1.0,,,1.0
17009,63.5304,1.0,0.0035587188,1.0,,,1.0
17010,14.420879,1.0,0.0036832413,1.0,,,1.0
17011,35.77728,1.0,0.015037594,1.0,,,1.0
17012,73.504425,1.0,0.0032051282,1.0,,,1.0
17013,64.06434,1.0,0.004672897,1.0,,,1.0
17014,10.430222,1.0,0.024096385,1.0,,,1.0
17015,20.347841,1.0,0.0,1.0,,,1.0
17016,33.56526,1.0,0.0044444446,1.0,,,1.0
17017,5.2389665,1.0,0.0,1.0,,,1.0
17018,32.141705,1.0,0.083333336,1.0,,,1.0
17019,36.47682,1.0,0.003030303,1.0,,,1.0
17020,35.51589,1.0,0.0,1.0,,,1.0
17021,10.915738,1.0,0.007194245,1.0,,,1.0
17022,7.3437877,1.0,0.0,1.0,,,1.0
17023,15.670576,1.0,0.003929273,1.0,,,1.0
17024,10.904936,1.0,0.0059701493,1.0,,,1.0
17025,29.806673,1.0,0.008810572,1.0,,,1.0
17026,9.19007,1.0,0.004878049,1.0,,,1.0
17027,125.9227,1.0,0.006060606,1.0,,,1.0
17028,23.080366,1.0,0.0074074073,1.0,,,1.0
17029,26.67058,1.0,0.0,1.0,,,1.0
17030,73.267296,1.0,0.0,1.0,,,1.0
17031,7.357517,1.0,0.0036363637,1.0,,,1.0
17032,48.945324,1.0,0.0,1.0,,,1.0
17033,26.05628,1.0,0.015151516,1.0,,,1.0
17034,15.854267,1.0,0.00913242,1.0,,,1.0
17035,30.460304,1.0,0.005263158,1.0,,,1.0
17036,25.499916,1.0,0.018348623,1.0,,,1.0
17037,49.10451,1.0,0.004796163,1.0,,,1.0
17038,53.83744,1.0,0.009661836,1.0,,,1.0
17039,33.205894,1.0,0.02,1.0,,,1.0
17040,32.14655,1.0,0.0029850747,1.0,,,1.0
17041,14.33374,1.0,0.0,1.0,,,1.0
17042,15.463702,1.0,0.0,1.0,,,1.0
17043,21.165009,1.0,0.0,1.0,,,1.0
17044,45.776028,1.0,0.005376344,1.0,,,1.0
17045,77.30586,1.0,0.014814815,1.0,,,1.0
17046,125.9227,1.0,0.013333334,1.0,,,1.0
17047,7.2265487,1.0,0.0,1.0,,,1.0
17048,17.76012,1.0,0.025,1.0,,,1.0
17049,20.916784,1.0,0.0,1.0,,,1.0
17050,23.168713,1.0,0.012345679,1.0,,,1.0
17051,20.451635,1.0,0.0,1.0,,,1.0
17052,38.199833,1.0,0.014084507,1.0,,,1.0
17053,50.801598,1.0,0.005952381,1.0,,,1.0
17054,81.30377,1.0,0.0125,1.0,,,1.0
17055,87.37963,1.0,0.007194245,1.0,,,1.0
17056,18.607048,1.0,0.0070921984,1.0,,,1.0
17057,14.285633,1.0,0.016129032,1.0,,,1.0
17058,74.82495,1.0,0.0,1.0,,,1.0
17059,13.638474,1.0,0.0,1.0,,,1.0
17060,7.3389206,1.0,0.005319149,1.0,,,1.0
17061,13.199777,1.0,0.016949153,1.0,,,1.0
17062,12.962901,1.0,0.0070921984,1.0,,,1.0
17063,81.30377,1.0,0.010989011,1.0,,,1.0
17064,137.15147,1.0,0.006535948,1.0,,,1.0
17065,11.371773,1.0,0.016666668,1.0,,,1.0
17066,30.713911,1.0,0.0,1.0,,,1.0
17067,22.317558,1.0,0.0,1.0,,,1.0
17068,22.449133,1.0,0.013333334,1.0,,,1.0
17069,55.549763,1.0,0.0053050397,1.0,,,1.0
17070,18.596783,1.0,0.0043668123,1.0,,,1.0
17071,43.676426,1.0,0.009708738,1.0,,,1.0
17072,108.2672,1.0,0.0063091484,1.0,,,1.0
17073,15.733662,1.0,0.0,1.0,,,1.0
17074,26.965633,1.0,0.0,1.0,,,1.0
17075,55.38542,1.0,0.0,1.0,,,1.0
17076,64.85589,1.0,0.004338395,1.0,,,1.0
17077,54.036522,1.0,0.006042296,1.0,,,1.0
17078,28.530111,1.0,0.008196721,1.0,,,1.0
17079,65.5214,1.0,0.004796163,1.0,,,1.0
17080,33.258663,1.0,0.017699115,1.0,,,1.0
17081,102.88374,1.0,0.0030627872,1.0,,,1.0
17082,1.3838451,1.0,0.0,1.0,,,1.0
17083,7.8800306,1.0,0.010416667,1.0,,,1.0
17084,36.282413,1.0,0.0070422534,1.0,,,1.0
17085,30.649261,1.0,0.0,1.0,,,1.0
17086,102.72474,1.0,0.0060975607,1.0,,,1.0
17087,52.79923,1.0,0.013888889,1.0,,,1.0
17088,6.7969747,1.0,0.003215434,1.0,,,1.0
17089,48.3824,1.0,0.0,1.0,,,1.0
17090,8.957149,1.0,0.0022573364,1.0,,,1.0
17091,31.391384,1.0,0.0116959065,1.0,,,1.0
17092,17.042133,1.0,0.005988024,1.0,,,1.0
17093,6.429915,1.0,0.0,1.0,,,1.0
17094,20.40353,1.0,0.0,1.0,,,1.0
17095,41.821625,1.0,0.0022779044,1.0,,,1.0
17096,37.80578,1.0,0.010416667,1.0,,,1.0
17097,22.232927,1.0,0.01904762,1.0,,,1.0
17098,12.406943,1.0,0.0,1.0,,,1.0
17099,96.526924,1.0,0.006644518,1.0,,,1.0
17100,27.156532,1.0,0.015151516,1.0,,,1.0
17101,39.911526,1.0,0.0,1.0,,,1.0
17102,49.67842,1.0,0.007575758,1.0,,,1.0
17103,83.36918,1.0,0.0,1.0,,,1.0
17104,13.699568,1.0,0.027027028,1.0,,,1.0
17105,17.597094,1.0,0.0,1.0,,,1.0
17106,13.3150015,1.0,0.014492754,1.0,,,1.0
17107,15.819504,1.0,0.00591716,1.0,,,1.0
17108,62.83131,1.0,0.0055710305,1.0,,,1.0
17109,20.976383,1.0,0.007142857,1.0,,,1.0
17110,29.606997,1.0,0.0,1.0,,,1.0
17111,109.534454,1.0,0.005882353,1.0,,,1.0
17112,18.53049,1.0,0.004750594,1.0,,,1.0
17113,15.477044,1.0,0.0,1.0,,,1.0
17114,88.882866,1.0,0.021276595,1.0,,,1.0
17115,8.199593,1.0,0.018867925,1.0,,,1.0
17116,24.337904,1.0,0.0,1.0,,,1.0
17117,12.294084,1.0,0.010204081,1.0,,,1.0
17118,8.541777,1.0,0.0057142857,1.0,,,1.0
17119,21.396473,1.0,0.0014947683,1.0,,,1.0
17120,24.933973,1.0,0.015037594,1.0,,,1.0
17121,11.316021,1.0,0.0,1.0,,,1.0
17122,10.334165,1.0,0.0072727273,1.0,,,1.0
17123,26.285448,1.0,0.009803922,1.0,,,1.0
17124,66.525536,1.0,0.0019379845,1.0,,,1.0
17125,30.927547,1.0,0.0066006603,1.0,,,1.0
17126,90.34002,1.0,0.0018552876,1.0,,,1.0
17127,16.046627,1.0,0.01,1.0,,,1.0
17128,20.999744,1.0,0.0,1.0,,,1.0
17129,47.775974,1.0,0.005076142,1.0,,,1.0
17130,77.84169,1.0,0.0024213076,1.0,,,1.0
17131,52.038982,1.0,0.016666668,1.0,,,1.0
17132,65.98681,1.0,0.014184397,1.0,,,1.0
17133,9.6737175,1.0,0.0,1.0,,,1.0
17134,18.610048,1.0,0.004494382,1.0,,,1.0
17135,18.14726,1.0,0.006060606,1.0,,,1.0
17136,24.460657,1.0,0.0,1.0,,,1.0
17137,6.0214925,1.0,0.0,1.0,,,1.0
17138,32.53354,1.0,0.0,1.0,,,1.0
17139,60.33253,1.0,0.0038610038,1.0,,,1.0
17140,46.13629,1.0,0.02,1.0,,,1.0
17141,13.082928,1.0,0.0054644807,1.0,,,1.0
17142,7.999671,1.0,0.01058201,1.0,,,1.0
17143,16.324022,1.0,0.004830918,1.0,,,1.0
17144,57.35028,1.0,0.006369427,1.0,,,1.0
17145,115.54238,1.0,0.004672897,1.0,,,1.0
17146,57.45109,1.0,0.008097166,1.0,,,1.0
17147,9.709779,1.0,0.003717472,1.0,,,1.0
17148,40.31641,1.0,0.004914005,1.0,,,1.0
17149,11.139923,1.0,0.0,1.0,,,1.0
17150,14.412979,1.0,0.0076045627,1.0,,,1.0
17151,74.48423,1.0,0.0070422534,1.0,,,1.0
17152,4.576482,1.0,0.011494253,1.0,,,1.0
17153,30.343052,1.0,0.016949153,1.0,,,1.0
17154,58.016228,1.0,0.007352941,1.0,,,1.0
17155,29.425852,1.0,0.008547009,1.0,,,1.0
17156,32.648952,1.0,0.010152284,1.0,,,1.0
17157,14.883355,1.0,0.0068965517,1.0,,,1.0
17158,56.591736,1.0,0.005509642,1.0,,,1.0
17159,66.482666,1.0,0.0,1.0,,,1.0
17160,60.64076,1.0,0.007194245,1.0,,,1.0
17161,42.09108,1.0,0.005235602,1.0,,,1.0
17162,22.197468,1.0,0.0,1.0,,,1.0
17163,18.731373,1.0,0.0062111802,1.0,,,1.0
17164,9.006186,1.0,0.007874016,1.0,,,1.0
17165,2.5225139,1.0,0.016666668,1.0,,,1.0
17166,4.647187,1.0,0.016393442,1.0,,,1.0
17167,26.936724,1.0,0.0069444445,1.0,,,1.0
17168,67.032486,1.0,0.011494253,1.0,,,1.0
17169,14.511092,1.0,0.0,1.0,,,1.0
17170,27.515274,1.0,0.0,1.0,,,1.0
17171,57.918507,1.0,0.020618556,1.0,,,1.0
17172,20.514862,1.0,0.0022988506,1.0,,,1.0
17173,17.543228,1.0,0.0,1.0,,,1.0
17174,41.54876,1.0,0.0077220076,1.0,,,1.0
17175,16.475462,1.0,0.0051020407,1.0,,,1.0
17176,13.282939,1.0,0.0031055901,1.0,,,1.0
17177,15.829064,1.0,0.0,1.0,,,1.0
17178,10.541035,1.0,0.00591716,1.0,,,1.0
17179,9.9433565,1.0,0.0,1.0,,,1.0
17180,29.293152,1.0,0.041666668,1.0,,,1.0
17181,11.017487,1.0,0.004347826,1.0,,,1.0
17182,21.055397,1.0,0.015748031,1.0,,,1.0
17183,19.122593,1.0,0.017857144,1.0,,,1.0
17184,21.65146,1.0,0.00729927,1.0,,,1.0
17185,44.593353,1.0,0.008230452,1.0,,,1.0
17186,43.2561,1.0,0.005181347,1.0,,,1.0
17187,15.526757,1.0,0.0057803467,1.0,,,1.0
17188,14.3829975,1.0,0.012345679,1.0,,,1.0
17189,4.900441,1.0,0.0,1.0,,,1.0
17190,59.05024,1.0,0.0,1.0,,,1.0
17191,10.064566,1.0,0.0,1.0,,,1.0
17192,9.962406,1.0,0.0065789474,1.0,,,1.0
17193,14.883355,1.0,0.008333334,1.0,,,1.0
17194,52.629032,1.0,0.0062305294,1.0,,,1.0
17195,21.559599,1.0,0.005586592,1.0,,,1.0
17196,23.926224,1.0,0.007874016,1.0,,,1.0
17197,17.715406,1.0,0.003984064,1.0,,,1.0
17198,32.74656,1.0,0.0,1.0,,,1.0
17199,19.35635,1.0,0.0012578616,1.0,,,1.0
17200,60.324165,1.0,0.009569378,1.0,,,1.0
17201,5.4311194,1.0,0.0,1.0,,,1.0
17202,23.331558,1.0,0.0049751243,1.0,,,1.0
17203,14.956273,1.0,0.0,1.0,,,1.0
17204,64.03762,1.0,0.004901961,1.0,,,1.0
17205,15.094431,1.0,0.01724138,1.0,,,1.0
17206,7.221136,1.0,0.021978023,1.0,,,1.0
17207,19.744022,1.0,0.006430868,1.0,,,1.0
17208,25.298908,1.0,0.013157895,1.0,,,1.0
17209,16.457857,1.0,0.004048583,1.0,,,1.0
17210,15.8151865,1.0,0.0031948881,1.0,,,1.0
17211,29.806673,1.0,0.012048192,1.0,,,1.0
17212,23.869596,1.0,0.010989011,1.0,,,1.0
17213,43.941647,1.0,0.03846154,1.0,,,1.0
17214,16.210478,1.0,0.0074074073,1.0,,,1.0
17215,26.936724,1.0,0.0056338026,1.0,,,1.0
17216,38.268024,1.0,0.0,1.0,,,1.0
17217,70.227974,1.0,0.016,1.0,,,1.0
17218,19.639557,1.0,0.0,1.0,,,1.0
17219,22.618795,1.0,0.004524887,1.0,,,1.0
17220,69.440056,1.0,0.014084507,1.0,,,1.0
17221,9.9433565,1.0,0.0,1.0,,,1.0
17222,10.545829,1.0,0.015037594,1.0,,,1.0
17223,26.878857,1.0,0.0,1.0,,,1.0
17224,27.641802,1.0,0.0124223605,1.0,,,1.0
17225,33.453167,1.0,0.0,1.0,,,1.0
17226,28.504581,1.0,0.0,1.0,,,1.0
17227,13.583273,1.0,0.008928572,1.0,,,1.0
17228,18.12767,1.0,0.0074074073,1.0,,,1.0
17229,8.187954,1.0,0.0,1.0,,,1.0
17230,7.80838,1.0,0.003984064,1.0,,,1.0
17231,92.609,1.0,0.010989011,1.0,,,1.0
17232,10.339961,1.0,0.012903226,1.0,,,1.0
17233,11.806851,1.0,0.01923077,1.0,,,1.0
17234,32.561844,1.0,0.0037453184,1.0,,,1.0
17235,9.569617,1.0,0.01904762,1.0,,,1.0
17236,14.164524,1.0,0.022988506,1.0,,,1.0
17237,49.927513,1.0,0.008333334,1.0,,,1.0
17238,35.61474,1.0,0.0,1.0,,,1.0
17239,9.015142,1.0,0.003690037,1.0,,,1.0
17240,31.881863,1.0,0.0,1.0,,,1.0
17241,4.852105,1.0,0.0,1.0,,,1.0
17242,21.09145,1.0,0.0,1.0,,,1.0
17243,8.135285,1.0,0.0,1.0,,,1.0
17244,14.054416,1.0,0.11111111,1.0,,,1.0
17245,11.182316,1.0,0.0,1.0,,,1.0
17246,60.52878,1.0,0.004016064,1.0,,,1.0
17247,102.72474,1.0,0.009009009,1.0,,,1.0
17248,38.15101,1.0,0.04,1.0,,,1.0
17249,27.206306,1.0,0.0033444816,1.0,,,1.0
17250,27.762169,1.0,0.0,1.0,,,1.0
17251,3.343346,1.0,0.0,1.0,,,1.0
17252,71.00598,1.0,0.0,1.0,,,1.0
17253,33.391533,1.0,0.0,1.0,,,1.0
17254,33.436897,1.0,0.0093896715,1.0,,,1.0
17255,23.651567,1.0,0.006024096,1.0,,,1.0
17256,15.600718,1.0,0.0,1.0,,,1.0
17257,55.27203,1.0,0.007575758,1.0,,,1.0
17258,8.638324,1.0,0.012048192,1.0,,,1.0
17259,26.667166,1.0,0.006993007,1.0,,,1.0
17260,58.253475,1.0,0.006060606,1.0,,,1.0
17261,68.17176,1.0,0.006329114,1.0,,,1.0
17262,2.1348882,1.0,0.008547009,1.0,,,1.0
17263,20.869246,1.0,0.018348623,1.0,,,1.0
17264,16.240688,1.0,0.0,1.0,,,1.0
17265,20.959023,1.0,0.006535948,1.0,,,1.0
17266,35.90549,1.0,0.014925373,1.0,,,1.0
17267,21.373446,1.0,0.014925373,1.0,,,1.0
17268,7.061256,1.0,0.0,1.0,,,1.0
17269,45.2774,1.0,0.0,1.0,,,1.0
17270,9.197278,1.0,0.0,1.0,,,1.0
17271,3.9076123,1.0,0.0,1.0,,,1.0
17272,100.17136,1.0,0.005,1.0,,,1.0
17273,46.932564,1.0,0.011494253,1.0,,,1.0
17274,29.40302,1.0,0.0,1.0,,,1.0
17275,3.244985,1.0,0.0,1.0,,,1.0
17276,63.79785,1.0,0.018018018,1.0,,,1.0
17277,10.230155,1.0,0.0,1.0,,,1.0
17278,17.246632,1.0,0.00456621,1.0,,,1.0
17279,8.386677,1.0,0.014084507,1.0,,,1.0
17280,51.792812,1.0,0.00990099,1.0,,,1.0
17281,73.267296,1.0,0.005235602,1.0,,,1.0
17282,26.215775,1.0,0.0,1.0,,,1.0
17283,46.32421,1.0,0.0,1.0,,,1.0
17284,1.6552913,1.0,0.0,1.0,,,1.0
17285,80.03177,1.0,0.0031347962,1.0,,,1.0
17286,27.891542,1.0,0.0033003301,1.0,,,1.0
17287,69.420654,1.0,0.0028653296,1.0,,,1.0
17288,2.7971401,1.0,0.006644518,1.0,,,1.0
17289,18.47501,1.0,0.0,1.0,,,1.0
17290,33.089294,1.0,0.010204081,1.0,,,1.0
17291,41.959114,1.0,0.006688963,1.0,,,1.0
17292,9.154886,1.0,0.0,1.0,,,1.0
17293,68.608795,1.0,0.0029411765,1.0,,,1.0
17294,33.804516,1.0,0.0,1.0,,,1.0
17295,75.51869,1.0,0.0,1.0,,,1.0
17296,6.7402344,1.0,0.006369427,1.0,,,1.0
17297,49.520912,1.0,0.0,1.0,,,1.0
17298,43.2561,1.0,0.0053908355,1.0,,,1.0
17299,9.242401,1.0,0.0,1.0,,,1.0
17300,3.1777937,1.0,0.0038022813,1.0,,,1.0
17301,102.88374,1.0,0.002967359,1.0,,,1.0
17302,89.530876,1.0,0.007936508,1.0,,,1.0
17303,10.780847,1.0,0.0,1.0,,,1.0
17304,86.44912,1.0,0.0,1.0,,,1.0
17305,11.430999,1.0,0.0045045046,1.0,,,1.0
17306,40.0332,1.0,0.018348623,1.0,,,1.0
17307,27.169489,1.0,0.012903226,1.0,,,1.0
17308,27.358868,1.0,0.0,1.0,,,1.0
17309,56.72165,1.0,0.008403362,1.0,,,1.0
17310,29.143517,1.0,0.0088495575,1.0,,,1.0
17311,108.342125,1.0,0.006993007,1.0,,,1.0
17312,17.241787,1.0,0.0,1.0,,,1.0
17313,41.52102,1.0,0.00952381,1.0,,,1.0
17314,34.08593,1.0,0.0,1.0,,,1.0
17315,11.207099,1.0,0.0038461538,1.0,,,1.0
17316,73.57952,1.0,0.0062111802,1.0,,,1.0
17317,24.540627,1.0,0.0032258064,1.0,,,1.0
17318,76.76842,1.0,0.0031347962,1.0,,,1.0
17319,9.481925,1.0,0.0,1.0,,,1.0
17320,59.992584,1.0,0.0,1.0,,,1.0
17321,23.06741,1.0,0.0058479533,1.0,,,1.0
17322,81.13242,1.0,0.0074626864,1.0,,,1.0
17323,9.709352,1.0,0.01010101,1.0,,,1.0
17324,10.110671,1.0,0.0052083335,1.0,,,1.0
17325,35.696163,1.0,0.011494253,1.0,,,1.0
17326,51.332123,1.0,0.0069444445,1.0,,,1.0
17327,45.66446,1.0,0.02173913,1.0,,,1.0
17328,34.061607,1.0,0.0,1.0,,,1.0
17329,2.7656558,1.0,0.0,1.0,,,1.0
17330,66.80831,1.0,0.016666668,1.0,,,1.0
17331,14.991302,1.0,0.025,1.0,,,1.0
17332,49.98421,1.0,0.007168459,1.0,,,1.0
17333,32.24062,1.0,0.0050251256,1.0,,,1.0
17334,48.79062,1.0,0.013888889,1.0,,,1.0
17335,37.243046,1.0,0.0070921984,1.0,,,1.0
17336,5.336957,1.0,0.025641026,1.0,,,1.0
17337,75.32171,1.0,0.008928572,1.0,,,1.0
17338,122.189514,1.0,0.009661836,1.0,,,1.0
17339,19.584824,1.0,0.0,1.0,,,1.0
17340,5.2218137,1.0,0.0,1.0,,,1.0
17341,66.482666,1.0,0.0,1.0,,,1.0
17342,18.010836,1.0,0.0,1.0,,,1.0
17343,32.97824,1.0,0.011363637,1.0,,,1.0
17344,32.939407,1.0,0.004464286,1.0,,,1.0
17345,33.037514,1.0,0.0,1.0,,,1.0
17346,54.78728,1.0,0.007434944,1.0,,,1.0
17347,4.048984,1.0,0.0,1.0,,,1.0
17348,13.012477,1.0,0.001980198,1.0,,,1.0
17349,51.027836,1.0,0.012048192,1.0,,,1.0
17350,56.341408,1.0,0.0,1.0,,,1.0
17351,38.219822,1.0,0.0,1.0,,,1.0
17352,39.28646,1.0,0.0,1.0,,,1.0
17353,29.574545,1.0,0.012987013,1.0,,,1.0
17354,35.579136,1.0,0.0088495575,1.0,,,1.0
17355,0.3113066,1.0,0.0,1.0,,,1.0
17356,35.90549,1.0,0.012820513,1.0,,,1.0
17357,58.42605,1.0,0.005263158,1.0,,,1.0
17358,14.582116,1.0,0.014492754,1.0,,,1.0
17359,26.240759,1.0,0.0,1.0,,,1.0
17360,20.51376,1.0,0.020833334,1.0,,,1.0
17361,37.873116,1.0,0.022222223,1.0,,,1.0
17362,66.288795,1.0,0.009803922,1.0,,,1.0
17363,45.776028,1.0,0.0044345898,1.0,,,1.0
17364,59.60921,1.0,0.0,1.0,,,1.0
17365,16.980764,1.0,0.0,1.0,,,1.0
17366,35.419224,1.0,0.0072202166,1.0,,,1.0
17367,18.651497,1.0,0.125,1.0,,,1.0
17368,8.873767,1.0,0.016393442,1.0,,,1.0
17369,41.445866,1.0,0.0034843206,1.0,,,1.0
17370,17.056261,1.0,0.0,1.0,,,1.0
17371,50.108963,1.0,0.008097166,1.0,,,1.0
17372,82.545975,1.0,0.01010101,1.0,,,1.0
17373,24.273438,1.0,0.0064102565,1.0,,,1.0
17374,7.229159,1.0,0.0036764706,1.0,,,1.0
17375,80.54764,1.0,0.01754386,1.0,,,1.0
17376,22.263884,1.0,0.004016064,1.0,,,1.0
17377,11.7739,1.0,0.0032894737,1.0,,,1.0
17378,10.949223,1.0,0.01010101,1.0,,,1.0
17379,27.434822,1.0,0.0,1.0,,,1.0
17380,29.022676,1.0,0.0,1.0,,,1.0
17381,67.00446,1.0,0.008658009,1.0,,,1.0
17382,32.76053,1.0,0.007633588,1.0,,,1.0
17383,30.30466,1.0,0.0,1.0,,,1.0
17384,125.9227,1.0,0.024691358,1.0,,,1.0
17385,26.67058,1.0,0.006472492,1.0,,,1.0
17386,115.54238,1.0,0.0041753654,1.0,,,1.0
17387,69.43896,1.0,0.010152284,1.0,,,1.0
17388,20.176226,1.0,0.03125,1.0,,,1.0
17389,32.081238,1.0,0.008298756,1.0,,,1.0
17390,50.94985,1.0,0.0074074073,1.0,,,1.0
17391,37.575924,1.0,0.0,1.0,,,1.0
17392,19.701582,1.0,0.005076142,1.0,,,1.0
17393,26.9656,1.0,0.005154639,1.0,,,1.0
17394,8.57208,1.0,0.010752688,1.0,,,1.0
17395,51.696503,1.0,0.0043668123,1.0,,,1.0
17396,14.956273,1.0,0.006369427,1.0,,,1.0
17397,36.6287,1.0,0.010810811,1.0,,,1.0
17398,23.524294,1.0,0.007782101,1.0,,,1.0
17399,38.768806,1.0,0.005586592,1.0,,,1.0
17400,6.986802,1.0,0.011976048,1.0,,,1.0
17401,66.482666,1.0,0.0072727273,1.0,,,1.0
17402,42.320766,1.0,0.0124223605,1.0,,,1.0
17403,8.744163,1.0,0.036363635,1.0,,,1.0
17404,78.2306,1.0,0.0067114094,1.0,,,1.0
17405,37.425762,1.0,0.0,1.0,,,1.0
17406,13.113895,1.0,0.0,1.0,,,1.0
17407,11.354346,1.0,0.0044247787,1.0,,,1.0
17408,66.76958,1.0,0.024096385,1.0,,,1.0
17409,3.9933164,1.0,0.0,1.0,,,1.0
17410,32.712833,1.0,0.0,1.0,,,1.0
17411,98.476326,1.0,0.007490637,1.0,,,1.0
17412,12.218997,1.0,0.0,1.0,,,1.0
17413,85.46326,1.0,0.021276595,1.0,,,1.0
17414,20.27397,1.0,0.004608295,1.0,,,1.0
17415,55.254353,1.0,0.007575758,1.0,,,1.0
17416,3.4029453,1.0,0.0,1.0,,,1.0
17417,33.13557,1.0,0.011363637,1.0,,,1.0
17418,38.605515,1.0,0.008403362,1.0,,,1.0
17419,31.414385,1.0,0.0,1.0,,,1.0
17420,56.421745,1.0,0.023809524,1.0,,,1.0
17421,102.72474,1.0,0.0064935065,1.0,,,1.0
17422,3.2570343,1.0,0.0,1.0,,,1.0
17423,2.5406687,1.0,0.016393442,1.0,,,1.0
17424,40.298206,1.0,0.0,1.0,,,1.0
17425,13.801452,1.0,0.022222223,1.0,,,1.0
17426,10.824467,1.0,0.0,1.0,,,1.0
17427,37.56037,1.0,0.0042643924,1.0,,,1.0
17428,89.02659,1.0,0.0,1.0,,,1.0
17429,32.973198,1.0,0.011627907,1.0,,,1.0
17430,19.092787,1.0,0.0,1.0,,,1.0
17431,18.730618,1.0,0.0,1.0,,,1.0
17432,125.89471,1.0,0.0033783785,1.0,,,1.0
17433,35.480804,1.0,0.0061728396,1.0,,,1.0
17434,48.93671,1.0,0.008928572,1.0,,,1.0
17435,125.9227,1.0,0.006968641,1.0,,,1.0
17436,80.49888,1.0,0.0028985508,1.0,,,1.0
17437,14.703046,1.0,0.003944773,1.0,,,1.0
17438,37.8393,1.0,0.0064102565,1.0,,,1.0
17439,60.758087,1.0,0.00877193,1.0,,,1.0
17440,41.959114,1.0,0.0,1.0,,,1.0
17441,6.799391,1.0,0.0,1.0,,,1.0
17442,12.779635,1.0,0.0,1.0,,,1.0
17443,13.049708,1.0,0.020618556,1.0,,,1.0
17444,34.979244,1.0,0.021505376,1.0,,,1.0
17445,33.298798,1.0,0.008403362,1.0,,,1.0
17446,43.21256,1.0,0.0,1.0,,,1.0
17447,73.267296,1.0,0.003921569,1.0,,,1.0
17448,2.6588063,1.0,0.008547009,1.0,,,1.0
17449,15.580753,1.0,0.0,1.0,,,1.0
17450,29.129408,1.0,0.055555556,1.0,,,1.0
17451,1.2449913,1.0,0.0,1.0,,,1.0
17452,76.695,1.0,0.007518797,1.0,,,1.0
17453,53.026596,1.0,0.0061728396,1.0,,,1.0
17454,13.870712,1.0,0.0,1.0,,,1.0
17455,73.267296,1.0,0.003929273,1.0,,,1.0
17456,27.800482,1.0,0.014705882,1.0,,,1.0
17457,3.0972028,1.0,0.0,1.0,,,1.0
17458,40.74913,1.0,0.003267974,1.0,,,1.0
17459,39.971397,1.0,0.0,1.0,,,1.0
17460,117.691864,1.0,0.0070422534,1.0,,,1.0
17461,22.699202,1.0,0.011235955,1.0,,,1.0
17462,60.758087,1.0,0.02020202,1.0,,,1.0
17463,45.692894,1.0,0.0054054055,1.0,,,1.0
17464,55.507927,1.0,0.008888889,1.0,,,1.0
17465,37.328815,1.0,0.028169014,1.0,,,1.0
17466,3.7107868,1.0,0.0,1.0,,,1.0
17467,54.470882,1.0,0.0,1.0,,,1.0
17468,37.56037,1.0,0.007843138,1.0,,,1.0
17469,29.724426,1.0,0.012345679,1.0,,,1.0
17470,27.394081,1.0,0.016393442,1.0,,,1.0
17471,18.837402,1.0,0.0,1.0,,,1.0
17472,26.906616,1.0,0.020408163,1.0,,,1.0
17473,108.342125,1.0,0.0032258064,1.0,,,1.0
17474,2.1331038,1.0,0.0,1.0,,,1.0
17475,80.49888,1.0,0.004338395,1.0,,,1.0
17476,20.914593,1.0,0.02020202,1.0,,,1.0
17477,92.882454,1.0,0.006329114,1.0,,,1.0
17478,27.641802,1.0,0.004854369,1.0,,,1.0
17479,73.267296,1.0,0.0019305019,1.0,,,1.0
17480,98.70822,1.0,0.025641026,1.0,,,1.0
17481,29.222048,1.0,0.0051150895,1.0,,,1.0
17482,12.136206,1.0,0.0,1.0,,,1.0
17483,21.333494,1.0,0.018518519,1.0,,,1.0
17484,17.677874,1.0,0.007518797,1.0,,,1.0
17485,5.357613,1.0,0.004115226,1.0,,,1.0
17486,72.162674,1.0,0.004464286,1.0,,,1.0
17487,8.872405,1.0,0.007490637,1.0,,,1.0
17488,42.121235,1.0,0.0,1.0,,,1.0
17489,34.526398,1.0,0.0,1.0,,,1.0
17490,11.992996,1.0,0.009708738,1.0,,,1.0
17491,39.86758,1.0,0.0056657223,1.0,,,1.0
17492,59.4938,1.0,0.006756757,1.0,,,1.0
17493,25.282877,1.0,0.027027028,1.0,,,1.0
17494,93.257744,1.0,0.025316456,1.0,,,1.0
17495,64.32761,1.0,0.023809524,1.0,,,1.0
17496,18.178112,1.0,0.021505376,1.0,,,1.0
17497,16.897879,1.0,0.0,1.0,,,1.0
17498,16.793674,1.0,0.0,1.0,,,1.0
17499,8.293679,1.0,0.016393442,1.0,,,1.0
17500,10.203394,1.0,0.013422819,1.0,,,1.0
17501,48.70965,1.0,0.004385965,1.0,,,1.0
17502,22.36067,1.0,0.0,1.0,,,1.0
17503,47.281834,1.0,0.009433962,1.0,,,1.0
17504,3.7649057,1.0,0.0,1.0,,,1.0
17505,32.698982,1.0,0.0033003301,1.0,,,1.0
17506,4.4941416,1.0,0.0,1.0,,,1.0
17507,20.40353,1.0,0.010526316,1.0,,,1.0
17508,8.652986,1.0,0.0,1.0,,,1.0
17509,1.2396829,1.0,0.0,1.0,,,1.0
17510,81.40033,1.0,0.011235955,1.0,,,1.0
17511,8.919174,1.0,0.0019762847,1.0,,,1.0
17512,31.391384,1.0,0.011111111,1.0,,,1.0
17513,48.79062,1.0,0.00456621,1.0,,,1.0
17514,16.1321,1.0,0.006802721,1.0,,,1.0
17515,16.941963,1.0,0.013071896,1.0,,,1.0
17516,29.836765,1.0,0.007017544,1.0,,,1.0
17517,66.380035,1.0,0.005988024,1.0,,,1.0
17518,32.803432,1.0,0.012987013,1.0,,,1.0
17519,26.105045,1.0,0.012121212,1.0,,,1.0
17520,14.301523,1.0,0.0,1.0,,,1.0
17521,50.839977,1.0,0.004524887,1.0,,,1.0
17522,20.995216,1.0,0.0,1.0,,,1.0
17523,27.082186,1.0,0.01754386,1.0,,,1.0
17524,34.676586,1.0,0.0055710305,1.0,,,1.0
17525,15.181713,1.0,0.0,1.0,,,1.0
17526,18.510439,1.0,0.0,1.0,,,1.0
17527,28.436258,1.0,0.0,1.0,,,1.0
17528,10.178998,1.0,0.0,1.0,,,1.0
17529,56.376305,1.0,0.01724138,1.0,,,1.0
17530,4.2796674,1.0,0.0025641026,1.0,,,1.0
17531,33.197285,1.0,0.028985508,1.0,,,1.0
17532,22.656536,1.0,0.0,1.0,,,1.0
17533,16.86077,1.0,0.0,1.0,,,1.0
17534,3.4364746,1.0,0.005181347,1.0,,,1.0
17535,80.10159,1.0,0.005376344,1.0,,,1.0
17536,23.129534,1.0,0.008547009,1.0,,,1.0
17537,26.736118,1.0,0.0,1.0,,,1.0
17538,86.234726,1.0,0.007575758,1.0,,,1.0
17539,47.126255,1.0,0.0056179776,1.0,,,1.0
17540,125.9227,1.0,0.008,1.0,,,1.0
17541,26.936724,1.0,0.0062695923,1.0,,,1.0
17542,30.288498,1.0,0.020408163,1.0,,,1.0
17543,11.777934,1.0,0.0,1.0,,,1.0
17544,20.738213,1.0,0.0049261083,1.0,,,1.0
17545,63.5304,1.0,0.005376344,1.0,,,1.0
17546,61.895172,1.0,0.0044444446,1.0,,,1.0
17547,10.227618,1.0,0.015873017,1.0,,,1.0
17548,38.054142,1.0,0.008196721,1.0,,,1.0
17549,69.13106,1.0,0.00921659,1.0,,,1.0
17550,75.51869,1.0,0.006329114,1.0,,,1.0
17551,20.348982,1.0,0.017857144,1.0,,,1.0
17552,69.43896,1.0,0.011173184,1.0,,,1.0
17553,49.789387,1.0,0.00591716,1.0,,,1.0
17554,18.295109,1.0,0.008264462,1.0,,,1.0
17555,23.98402,1.0,0.012987013,1.0,,,1.0
17556,30.421831,1.0,0.0039525693,1.0,,,1.0
17557,53.455734,1.0,0.0074074073,1.0,,,1.0
17558,44.71084,1.0,0.0035971224,1.0,,,1.0
17559,23.432644,1.0,0.005882353,1.0,,,1.0
17560,80.49888,1.0,0.0066225166,1.0,,,1.0
17561,51.743202,1.0,0.0052083335,1.0,,,1.0
17562,3.670717,1.0,0.01438849,1.0,,,1.0
17563,9.69848,1.0,0.0,1.0,,,1.0
17564,10.625091,1.0,0.0,1.0,,,1.0
17565,7.119939,1.0,0.0,1.0,,,1.0
17566,38.605515,1.0,0.0062305294,1.0,,,1.0
17567,1.4240607,1.0,0.0,1.0,,,1.0
17568,46.420956,1.0,0.008,1.0,,,1.0
17569,81.40033,1.0,0.007751938,1.0,,,1.0
17570,56.22824,1.0,0.011049724,1.0,,,1.0
17571,16.108149,1.0,0.0,1.0,,,1.0
17572,11.523841,1.0,0.0026385225,1.0,,,1.0
17573,22.935066,1.0,0.009433962,1.0,,,1.0
17574,45.11718,1.0,0.004140787,1.0,,,1.0
17575,34.979244,1.0,0.01754386,1.0,,,1.0
17576,37.243046,1.0,0.004132231,1.0,,,1.0
17577,63.108883,1.0,0.005235602,1.0,,,1.0
17578,3.01157,1.0,0.016393442,1.0,,,1.0
17579,84.1685,1.0,0.012658228,1.0,,,1.0
17580,3.261852,1.0,0.0,1.0,,,1.0
17581,25.608686,1.0,0.008196721,1.0,,,1.0
17582,26.870066,1.0,0.0,1.0,,,1.0
17583,37.588284,1.0,0.0,1.0,,,1.0
17584,28.513832,1.0,0.004672897,1.0,,,1.0
17585,17.75629,1.0,0.03076923,1.0,,,1.0
17586,71.00416,1.0,0.0033670033,1.0,,,1.0
17587,77.30586,1.0,0.012269938,1.0,,,1.0
17588,26.190449,1.0,0.03125,1.0,,,1.0
17589,19.47356,1.0,0.0,1.0,,,1.0
17590,1.7735065,1.0,0.018518519,1.0,,,1.0
17591,49.015846,1.0,0.006430868,1.0,,,1.0
17592,14.245718,1.0,0.018867925,1.0,,,1.0
17593,10.2914295,1.0,0.0,1.0,,,1.0
17594,20.957394,1.0,0.0,1.0,,,1.0
17595,8.790743,1.0,0.019417476,1.0,,,1.0
17596,31.527805,1.0,0.0,1.0,,,1.0
17597,43.27725,1.0,0.013605442,1.0,,,1.0
17598,9.5881605,1.0,0.0091743115,1.0,,,1.0
17599,4.754658,1.0,0.04347826,1.0,,,1.0
17600,59.929024,1.0,0.0057142857,1.0,,,1.0
17601,50.277218,1.0,0.005899705,1.0,,,1.0
17602,29.979485,1.0,0.0057142857,1.0,,,1.0
17603,48.833973,1.0,0.007380074,1.0,,,1.0
17604,58.815506,1.0,0.01,1.0,,,1.0
17605,15.8537445,1.0,0.003921569,1.0,,,1.0
17606,32.148567,1.0,0.006289308,1.0,,,1.0
17607,7.4586225,1.0,0.0,1.0,,,1.0
17608,26.371267,1.0,0.025316456,1.0,,,1.0
17609,9.5881605,1.0,0.015873017,1.0,,,1.0
17610,7.856696,1.0,0.0,1.0,,,1.0
17611,9.9439535,1.0,0.0,1.0,,,1.0
17612,17.238586,1.0,0.0013869626,1.0,,,1.0
17613,25.20799,1.0,0.027777778,1.0,,,1.0
17614,45.776028,1.0,0.007575758,1.0,,,1.0
17615,13.683721,1.0,0.011494253,1.0,,,1.0
17616,60.60715,1.0,0.010752688,1.0,,,1.0
17617,11.899228,1.0,0.0,1.0,,,1.0
17618,42.09108,1.0,0.028985508,1.0,,,1.0
17619,7.4977436,1.0,0.0022075055,1.0,,,1.0
17620,17.991966,1.0,0.0,1.0,,,1.0
17621,25.002401,1.0,0.011627907,1.0,,,1.0
17622,32.394344,1.0,0.0025641026,1.0,,,1.0
17623,86.461395,1.0,0.007518797,1.0,,,1.0
17624,16.23779,1.0,0.0,1.0,,,1.0
17625,69.440056,1.0,0.012658228,1.0,,,1.0
17626,39.287556,1.0,0.008064516,1.0,,,1.0
17627,54.033012,1.0,0.0062111802,1.0,,,1.0
17628,19.708214,1.0,0.018691588,1.0,,,1.0
17629,4.7719817,1.0,0.0,1.0,,,1.0
17630,74.239456,1.0,0.009803922,1.0,,,1.0
17631,30.24406,1.0,0.0,1.0,,,1.0
17632,18.477924,1.0,0.0,1.0,,,1.0
17633,14.673168,1.0,0.0,1.0,,,1.0
17634,16.898422,1.0,0.016666668,1.0,,,1.0
17635,14.686115,1.0,0.017857144,1.0,,,1.0
17636,22.174067,1.0,0.012658228,1.0,,,1.0
17637,3.2638764,1.0,0.0,1.0,,,1.0
17638,22.211111,1.0,0.006849315,1.0,,,1.0
17639,75.06471,1.0,0.008583691,1.0,,,1.0
17640,7.5131583,1.0,0.0,1.0,,,1.0
17641,9.243341,1.0,0.013333334,1.0,,,1.0
17642,17.0686,1.0,0.0,1.0,,,1.0
17643,36.196194,1.0,0.0,1.0,,,1.0
17644,55.052856,1.0,0.0064935065,1.0,,,1.0
17645,98.70822,1.0,0.0,1.0,,,1.0
17646,51.56622,1.0,0.0,1.0,,,1.0
17647,85.52886,1.0,0.006993007,1.0,,,1.0
17648,50.445942,1.0,0.00877193,1.0,,,1.0
17649,5.536776,1.0,0.0,1.0,,,1.0
17650,8.367988,1.0,0.0,1.0,,,1.0
17651,15.780169,1.0,0.008264462,1.0,,,1.0
17652,51.34904,1.0,0.013513514,1.0,,,1.0
17653,15.525259,1.0,0.012987013,1.0,,,1.0
17654,16.02964,1.0,0.004784689,1.0,,,1.0
17655,28.003746,1.0,0.0,1.0,,,1.0
17656,52.06452,1.0,0.004484305,1.0,,,1.0
17657,50.20582,1.0,0.0057471264,1.0,,,1.0
17658,25.596058,1.0,0.0,1.0,,,1.0
17659,32.73865,1.0,0.0124223605,1.0,,,1.0
17660,15.347228,1.0,0.06666667,1.0,,,1.0
17661,16.860243,1.0,0.023255814,1.0,,,1.0
17662,14.563659,1.0,0.0,1.0,,,1.0
17663,17.241787,1.0,0.0058651026,1.0,,,1.0
17664,38.57096,1.0,0.0055555557,1.0,,,1.0
17665,37.521385,1.0,0.007936508,1.0,,,1.0
17666,27.451956,1.0,0.0,1.0,,,1.0
17667,17.448298,1.0,0.0,1.0,,,1.0
17668,48.73418,1.0,0.0,1.0,,,1.0
17669,7.214145,1.0,0.033333335,1.0,,,1.0
17670,49.745422,1.0,0.008,1.0,,,1.0
17671,9.106315,1.0,0.0,1.0,,,1.0
17672,5.8197517,1.0,0.0,1.0,,,1.0
17673,9.83942,1.0,0.0,1.0,,,1.0
17674,10.183662,1.0,0.0,1.0,,,1.0
17675,87.37963,1.0,0.003021148,1.0,,,1.0
17676,49.60947,1.0,0.012738854,1.0,,,1.0
17677,26.99612,1.0,0.018691588,1.0,,,1.0
17678,41.9524,1.0,0.0,1.0,,,1.0
17679,11.5319605,1.0,0.0,1.0,,,1.0
17680,25.499916,1.0,0.030303031,1.0,,,1.0
17681,21.05285,1.0,0.0051282053,1.0,,,1.0
17682,18.61622,1.0,0.0,1.0,,,1.0
17683,54.884457,1.0,0.009756098,1.0,,,1.0
17684,23.667639,1.0,0.015625,1.0,,,1.0
17685,51.705837,1.0,0.01,1.0,,,1.0
17686,29.15715,1.0,0.0,1.0,,,1.0
17687,60.33253,1.0,0.0054347827,1.0,,,1.0
17688,13.421255,1.0,0.01754386,1.0,,,1.0
17689,17.907774,1.0,0.008547009,1.0,,,1.0
17690,80.49888,1.0,0.006024096,1.0,,,1.0
17691,40.323025,1.0,0.0060790274,1.0,,,1.0
17692,60.758087,1.0,0.0088495575,1.0,,,1.0
17693,19.134565,1.0,0.0054054055,1.0,,,1.0
17694,15.087983,1.0,0.0,1.0,,,1.0
17695,44.622143,1.0,0.0,1.0,,,1.0
17696,34.418945,1.0,0.0,1.0,,,1.0
17697,57.51969,1.0,0.0091743115,1.0,,,1.0
17698,12.9007635,1.0,0.008510638,1.0,,,1.0
17699,115.54238,1.0,0.006289308,1.0,,,1.0
17700,33.583973,1.0,0.0025510204,1.0,,,1.0
17701,52.085163,1.0,0.00754717,1.0,,,1.0
17702,80.49888,1.0,0.00477327,1.0,,,1.0
17703,14.431294,1.0,0.0045045046,1.0,,,1.0
17704,30.743107,1.0,0.0,1.0,,,1.0
17705,47.869267,1.0,0.015267176,1.0,,,1.0
17706,0.75050557,1.0,0.0,1.0,,,1.0
17707,32.842224,1.0,0.00913242,1.0,,,1.0
17708,52.038982,1.0,0.0056179776,1.0,,,1.0
17709,31.194496,1.0,0.019607844,1.0,,,1.0
17710,19.930353,1.0,0.0,1.0,,,1.0
17711,81.40033,1.0,0.00754717,1.0,,,1.0
17712,73.85746,1.0,0.011764706,1.0,,,1.0
17713,21.482412,1.0,0.0,1.0,,,1.0
17714,47.33108,1.0,0.0,1.0,,,1.0
17715,46.131996,1.0,0.0124223605,1.0,,,1.0
17716,30.330553,1.0,0.008130081,1.0,,,1.0
17717,28.245121,1.0,0.013333334,1.0,,,1.0
17718,9.699382,1.0,0.08,1.0,,,1.0
17719,22.67674,1.0,0.0,1.0,,,1.0
17720,42.09108,1.0,0.0088495575,1.0,,,1.0
17721,39.306293,1.0,0.0068965517,1.0,,,1.0
17722,31.614967,1.0,0.007575758,1.0,,,1.0
17723,87.21102,1.0,0.0054644807,1.0,,,1.0
17724,50.300728,1.0,0.0035587188,1.0,,,1.0
17725,65.07261,1.0,0.002754821,1.0,,,1.0
17726,59.17654,1.0,0.012738854,1.0,,,1.0
17727,7.5358257,1.0,0.0,1.0,,,1.0
17728,9.750851,1.0,0.0056497175,1.0,,,1.0
17729,29.71264,1.0,0.0037313432,1.0,,,1.0
17730,25.20799,1.0,0.023809524,1.0,,,1.0
17731,40.323025,1.0,0.0032786885,1.0,,,1.0
17732,39.275066,1.0,0.0071174377,1.0,,,1.0
17733,8.168271,1.0,0.004219409,1.0,,,1.0
17734,33.197285,1.0,0.024096385,1.0,,,1.0
17735,4.9497724,1.0,0.0042918455,1.0,,,1.0
17736,6.0235524,1.0,0.001310616,1.0,,,1.0
17737,60.405243,1.0,0.0,1.0,,,1.0
17738,1.7643677,1.0,0.013333334,1.0,,,1.0
17739,57.57289,1.0,0.0,1.0,,,1.0
17740,43.780178,1.0,0.0053475937,1.0,,,1.0
17741,33.70337,1.0,0.004830918,1.0,,,1.0
17742,29.633883,1.0,0.0,1.0,,,1.0
17743,14.841022,1.0,0.0061728396,1.0,,,1.0
17744,36.150944,1.0,0.0073260074,1.0,,,1.0
17745,44.9093,1.0,0.012658228,1.0,,,1.0
17746,17.45658,1.0,0.0032467532,1.0,,,1.0
17747,125.9227,1.0,0.010526316,1.0,,,1.0
17748,11.610432,1.0,0.01724138,1.0,,,1.0
17749,39.373234,1.0,0.008333334,1.0,,,1.0
17750,39.398098,1.0,0.013513514,1.0,,,1.0
17751,34.24777,1.0,0.02631579,1.0,,,1.0
17752,91.68036,1.0,0.004494382,1.0,,,1.0
17753,51.747063,1.0,0.00729927,1.0,,,1.0
17754,21.99216,1.0,0.017857144,1.0,,,1.0
17755,66.482666,1.0,0.012048192,1.0,,,1.0
17756,36.037426,1.0,0.0,1.0,,,1.0
17757,16.708004,1.0,0.016260162,1.0,,,1.0
17758,1.4308172,1.0,0.004878049,1.0,,,1.0
17759,65.50862,1.0,0.0049751243,1.0,,,1.0
17760,14.17463,1.0,0.0064102565,1.0,,,1.0
17761,32.648952,1.0,0.011173184,1.0,,,1.0
17762,31.881863,1.0,0.016129032,1.0,,,1.0
17763,29.222048,1.0,0.004830918,1.0,,,1.0
17764,24.236212,1.0,0.0,1.0,,,1.0
17765,33.16621,1.0,0.023809524,1.0,,,1.0
17766,18.931227,1.0,0.006666667,1.0,,,1.0
17767,18.396704,1.0,0.004608295,1.0,,,1.0
17768,72.904945,1.0,0.0036630037,1.0,,,1.0
17769,24.143202,1.0,0.0054644807,1.0,,,1.0
17770,14.991302,1.0,0.0,1.0,,,1.0
17771,9.597792,1.0,0.0,1.0,,,1.0
17772,9.523158,1.0,0.035714287,1.0,,,1.0
17773,17.865904,1.0,0.0,1.0,,,1.0
17774,11.507326,1.0,0.007633588,1.0,,,1.0
17775,15.066961,1.0,0.04347826,1.0,,,1.0
17776,39.240543,1.0,0.0051282053,1.0,,,1.0
17777,75.79938,1.0,0.0049261083,1.0,,,1.0
17778,6.779955,1.0,0.0,1.0,,,1.0
17779,37.521385,1.0,0.0054644807,1.0,,,1.0
17780,25.939163,1.0,0.0,1.0,,,1.0
17781,19.902145,1.0,0.0044444446,1.0,,,1.0
17782,25.471416,1.0,0.010526316,1.0,,,1.0
17783,17.221462,1.0,0.0041841003,1.0,,,1.0
17784,63.247498,1.0,0.003868472,1.0,,,1.0
17785,14.225011,1.0,0.009259259,1.0,,,1.0
17786,70.53568,1.0,0.012048192,1.0,,,1.0
17787,12.503025,1.0,0.0,1.0,,,1.0
17788,13.624744,1.0,0.0038022813,1.0,,,1.0
17789,54.11786,1.0,0.0037807184,1.0,,,1.0
17790,32.648952,1.0,0.013888889,1.0,,,1.0
17791,109.3226,1.0,0.005167959,1.0,,,1.0
17792,11.311952,1.0,0.023255814,1.0,,,1.0
17793,64.768616,1.0,0.0,1.0,,,1.0
17794,18.659754,1.0,0.006849315,1.0,,,1.0
17795,43.20567,1.0,0.0,1.0,,,1.0
17796,21.77913,1.0,0.003929273,1.0,,,1.0
17797,40.254215,1.0,0.0061728396,1.0,,,1.0
17798,9.197278,1.0,0.0,1.0,,,1.0
17799,14.067776,1.0,0.007518797,1.0,,,1.0
17800,11.9833355,1.0,0.06666667,1.0,,,1.0
17801,102.88374,1.0,0.0,1.0,,,1.0
17802,11.861777,1.0,0.005154639,1.0,,,1.0
17803,87.37963,1.0,0.0061728396,1.0,,,1.0
17804,33.582123,1.0,0.022727273,1.0,,,1.0
17805,31.992453,1.0,0.0,1.0,,,1.0
17806,30.486965,1.0,0.018348623,1.0,,,1.0
17807,18.94404,1.0,0.0,1.0,,,1.0
17808,76.26888,1.0,0.011363637,1.0,,,1.0
17809,67.00446,1.0,0.0032840723,1.0,,,1.0
17810,11.817917,1.0,0.0,1.0,,,1.0
17811,12.294084,1.0,0.0,1.0,,,1.0
17812,9.45148,1.0,0.0625,1.0,,,1.0
17813,36.217236,1.0,0.0054054055,1.0,,,1.0
17814,23.80188,1.0,0.018348623,1.0,,,1.0
17815,15.616391,1.0,0.03846154,1.0,,,1.0
17816,33.63226,1.0,0.00625,1.0,,,1.0
17817,46.33236,1.0,0.004878049,1.0,,,1.0
17818,8.010645,1.0,0.033333335,1.0,,,1.0
17819,39.077213,1.0,0.015384615,1.0,,,1.0
17820,13.968333,1.0,0.007194245,1.0,,,1.0
17821,117.691864,1.0,0.005194805,1.0,,,1.0
17822,35.419224,1.0,0.009009009,1.0,,,1.0
17823,56.376305,1.0,0.0,1.0,,,1.0
17824,24.882086,1.0,0.0,1.0,,,1.0
17825,23.054749,1.0,0.0,1.0,,,1.0
17826,49.98421,1.0,0.0024271845,1.0,,,1.0
17827,26.72067,1.0,0.0,1.0,,,1.0
17828,30.199808,1.0,0.008733625,1.0,,,1.0
17829,6.2766943,1.0,0.0,1.0,,,1.0
17830,25.010864,1.0,0.0035842294,1.0,,,1.0
17831,6.8425417,1.0,0.0,1.0,,,1.0
17832,23.226645,1.0,0.016393442,1.0,,,1.0
17833,16.431433,1.0,0.0026666666,1.0,,,1.0
17834,78.732895,1.0,0.0049261083,1.0,,,1.0
17835,104.55939,1.0,0.013513514,1.0,,,1.0
17836,20.1346,1.0,0.013422819,1.0,,,1.0
17837,94.0619,1.0,0.02247191,1.0,,,1.0
17838,4.484026,1.0,0.006557377,1.0,,,1.0
17839,15.366693,1.0,0.0,1.0,,,1.0
17840,42.61605,1.0,0.00729927,1.0,,,1.0
17841,8.91891,1.0,0.010416667,1.0,,,1.0
17842,17.079262,1.0,0.012820513,1.0,,,1.0
17843,18.456152,1.0,0.025641026,1.0,,,1.0
17844,9.617484,1.0,0.0025,1.0,,,1.0
17845,57.037636,1.0,0.004338395,1.0,,,1.0
17846,37.298878,1.0,0.027027028,1.0,,,1.0
17847,33.568188,1.0,0.0,1.0,,,1.0
17848,71.0438,1.0,0.008264462,1.0,,,1.0
17849,25.44528,1.0,0.011627907,1.0,,,1.0
17850,5.3150024,1.0,0.016949153,1.0,,,1.0
17851,43.09123,1.0,0.006993007,1.0,,,1.0
17852,98.70822,1.0,0.009433962,1.0,,,1.0
17853,33.258663,1.0,0.0040983604,1.0,,,1.0
17854,26.279182,1.0,0.008230452,1.0,,,1.0
17855,6.5919604,1.0,0.0,1.0,,,1.0
17856,4.158674,1.0,0.0,1.0,,,1.0
17857,8.57208,1.0,0.0056818184,1.0,,,1.0
17858,27.189682,1.0,0.028985508,1.0,,,1.0
17859,125.9227,1.0,0.006024096,1.0,,,1.0
17860,8.57208,1.0,0.0,1.0,,,1.0
17861,6.7130895,1.0,0.0,1.0,,,1.0
17862,2.8736477,1.0,0.0,1.0,,,1.0
17863,47.869267,1.0,0.0099502485,1.0,,,1.0
17864,57.555965,1.0,0.003076923,1.0,,,1.0
17865,70.29139,1.0,0.0024570024,1.0,,,1.0
17866,2.9903069,1.0,0.0,1.0,,,1.0
17867,102.05991,1.0,0.0033112583,1.0,,,1.0
17868,47.23854,1.0,0.083333336,1.0,,,1.0
17869,37.220436,1.0,0.012345679,1.0,,,1.0
17870,13.038362,1.0,0.0,1.0,,,1.0
17871,15.570074,1.0,0.001984127,1.0,,,1.0
17872,18.931227,1.0,0.011235955,1.0,,,1.0
17873,4.8625884,1.0,0.004016064,1.0,,,1.0
17874,10.289224,1.0,0.0,1.0,,,1.0
17875,31.527805,1.0,0.003929273,1.0,,,1.0
17876,6.771618,1.0,0.0,1.0,,,1.0
17877,48.833973,1.0,0.024096385,1.0,,,1.0
17878,16.320625,1.0,0.004784689,1.0,,,1.0
17879,36.83677,1.0,0.037037037,1.0,,,1.0
17880,6.844437,1.0,0.0065789474,1.0,,,1.0
17881,117.691864,1.0,0.004415011,1.0,,,1.0
17882,10.960106,1.0,0.0,1.0,,,1.0
17883,9.301244,1.0,0.0037593986,1.0,,,1.0
17884,5.3508396,1.0,0.0,1.0,,,1.0
17885,64.03762,1.0,0.0052083335,1.0,,,1.0
17886,59.60921,1.0,0.0056179776,1.0,,,1.0
17887,12.215561,1.0,0.0,1.0,,,1.0
17888,31.527805,1.0,0.0,1.0,,,1.0
17889,36.35934,1.0,0.009259259,1.0,,,1.0
17890,85.54174,1.0,0.0046620048,1.0,,,1.0
17891,26.96267,1.0,0.02247191,1.0,,,1.0
17892,23.229206,1.0,0.0,1.0,,,1.0
17893,24.566587,1.0,0.015384615,1.0,,,1.0
17894,46.235252,1.0,0.005235602,1.0,,,1.0
17895,63.4572,1.0,0.007067138,1.0,,,1.0
17896,33.008106,1.0,0.02739726,1.0,,,1.0
17897,62.159447,1.0,0.02020202,1.0,,,1.0
17898,55.254353,1.0,0.0044247787,1.0,,,1.0
17899,3.8076391,1.0,0.0,1.0,,,1.0
17900,29.55012,1.0,0.0049751243,1.0,,,1.0
17901,3.2204907,1.0,0.0,1.0,,,1.0
17902,9.318816,1.0,0.0,1.0,,,1.0
17903,57.555965,1.0,0.004484305,1.0,,,1.0
17904,49.880768,1.0,0.0,1.0,,,1.0
17905,23.464256,1.0,0.006779661,1.0,,,1.0
17906,55.29369,1.0,0.0125,1.0,,,1.0
17907,23.818201,1.0,0.0,1.0,,,1.0
17908,39.389828,1.0,0.002020202,1.0,,,1.0
17909,55.29369,1.0,0.003508772,1.0,,,1.0
17910,11.224822,1.0,0.023255814,1.0,,,1.0
17911,13.071056,1.0,0.0,1.0,,,1.0
17912,12.883763,1.0,0.0060975607,1.0,,,1.0
17913,11.549868,1.0,0.015151516,1.0,,,1.0
17914,91.68036,1.0,0.0033898305,1.0,,,1.0
17915,66.482666,1.0,0.041666668,1.0,,,1.0
17916,112.43434,1.0,0.008510638,1.0,,,1.0
17917,9.868949,1.0,0.0,1.0,,,1.0
17918,12.925381,1.0,0.037037037,1.0,,,1.0
17919,58.774593,1.0,0.0049261083,1.0,,,1.0
17920,27.870028,1.0,0.0,1.0,,,1.0
17921,55.29369,1.0,0.013333334,1.0,,,1.0
17922,18.178839,1.0,0.0,1.0,,,1.0
17923,9.137196,1.0,0.0056818184,1.0,,,1.0
17924,22.430334,1.0,0.055555556,1.0,,,1.0
17925,1.5458612,1.0,0.0,1.0,,,1.0
17926,34.637917,1.0,0.0025641026,1.0,,,1.0
17927,42.523712,1.0,0.010309278,1.0,,,1.0
17928,125.9227,1.0,0.015151516,1.0,,,1.0
17929,59.26218,1.0,0.0,1.0,,,1.0
17930,28.979507,1.0,0.0,1.0,,,1.0
17931,73.85746,1.0,0.003215434,1.0,,,1.0
17932,56.38006,1.0,0.048780486,1.0,,,1.0
17933,6.874975,1.0,0.0042735045,1.0,,,1.0
17934,26.364855,1.0,0.00952381,1.0,,,1.0
17935,8.895109,1.0,0.0,1.0,,,1.0
17936,29.574545,1.0,0.020408163,1.0,,,1.0
17937,7.2667556,1.0,0.0,1.0,,,1.0
17938,109.534454,1.0,0.0036764706,1.0,,,1.0
17939,64.03762,1.0,0.005479452,1.0,,,1.0
17940,18.178839,1.0,0.01923077,1.0,,,1.0
17941,44.40515,1.0,0.01,1.0,,,1.0
17942,17.4771,1.0,0.028169014,1.0,,,1.0
17943,21.68584,1.0,0.03125,1.0,,,1.0
17944,22.838552,1.0,0.011494253,1.0,,,1.0
17945,29.821707,1.0,0.015267176,1.0,,,1.0
17946,19.769543,1.0,0.0,1.0,,,1.0
17947,47.03406,1.0,0.0077220076,1.0,,,1.0
17948,96.867256,1.0,0.006024096,1.0,,,1.0
17949,8.291004,1.0,0.0,1.0,,,1.0
17950,20.106592,1.0,0.0025839794,1.0,,,1.0
17951,34.418945,1.0,0.0019646366,1.0,,,1.0
17952,78.47665,1.0,0.0061728396,1.0,,,1.0
17953,20.959023,1.0,0.011235955,1.0,,,1.0
17954,40.57349,1.0,0.014705882,1.0,,,1.0
17955,6.7130895,1.0,0.0016528926,1.0,,,1.0
17956,39.844975,1.0,0.0073260074,1.0,,,1.0
17957,23.282707,1.0,0.008547009,1.0,,,1.0
17958,30.162825,1.0,0.002375297,1.0,,,1.0
17959,29.834888,1.0,0.0049261083,1.0,,,1.0
17960,52.905174,1.0,0.008658009,1.0,,,1.0
17961,25.499916,1.0,0.014705882,1.0,,,1.0
17962,44.186485,1.0,0.014084507,1.0,,,1.0
17963,31.881863,1.0,0.006289308,1.0,,,1.0
17964,65.5214,1.0,0.0019157088,1.0,,,1.0
17965,66.80831,1.0,0.0,1.0,,,1.0
17966,2.8394516,1.0,0.0031948881,1.0,,,1.0
17967,9.10712,1.0,0.005235602,1.0,,,1.0
17968,79.519646,1.0,0.003937008,1.0,,,1.0
17969,62.44687,1.0,0.0,1.0,,,1.0
17970,42.433804,1.0,0.0,1.0,,,1.0
17971,72.048134,1.0,0.0051282053,1.0,,,1.0
17972,10.667179,1.0,0.0,1.0,,,1.0
17973,17.030436,1.0,0.0,1.0,,,1.0
17974,16.129063,1.0,0.008695652,1.0,,,1.0
17975,17.363848,1.0,0.0088495575,1.0,,,1.0
17976,65.98681,1.0,0.01183432,1.0,,,1.0
17977,5.477582,1.0,0.006688963,1.0,,,1.0
17978,5.358102,1.0,0.0070921984,1.0,,,1.0
17979,122.87542,1.0,0.0062111802,1.0,,,1.0
17980,40.885918,1.0,0.0,1.0,,,1.0
17981,34.18848,1.0,0.03508772,1.0,,,1.0
17982,49.443634,1.0,0.007633588,1.0,,,1.0
17983,10.2789545,1.0,0.0,1.0,,,1.0
17984,9.2435875,1.0,0.0,1.0,,,1.0
17985,22.823423,1.0,0.0,1.0,,,1.0
17986,15.532078,1.0,0.0039525693,1.0,,,1.0
17987,28.813293,1.0,0.0,1.0,,,1.0
17988,89.88506,1.0,0.0047393367,1.0,,,1.0
17989,70.29139,1.0,0.006153846,1.0,,,1.0
17990,25.639994,1.0,0.010989011,1.0,,,1.0
17991,18.874765,1.0,0.0,1.0,,,1.0
17992,25.524605,1.0,0.0,1.0,,,1.0
17993,78.47665,1.0,0.005988024,1.0,,,1.0
17994,25.12367,1.0,0.0,1.0,,,1.0
17995,47.81233,1.0,0.004514673,1.0,,,1.0
17996,17.255814,1.0,0.0,1.0,,,1.0
17997,20.995932,1.0,0.0,1.0,,,1.0
17998,39.791824,1.0,0.0053475937,1.0,,,1.0
17999,14.619476,1.0,0.0,1.0,,,1.0
18000,31.83337,1.0,0.00456621,1.0,,,1.0
18001,23.80188,1.0,0.009433962,1.0,,,1.0
18002,70.53568,1.0,0.008032128,1.0,,,1.0
18003,41.740307,1.0,0.004115226,1.0,,,1.0
18004,14.321273,1.0,0.005524862,1.0,,,1.0
18005,19.033974,1.0,0.007352941,1.0,,,1.0
18006,49.443634,1.0,0.008888889,1.0,,,1.0
18007,75.79938,1.0,0.00486618,1.0,,,1.0
18008,5.3780937,1.0,0.0,1.0,,,1.0
18009,45.266838,1.0,0.0,1.0,,,1.0
18010,68.449905,1.0,0.011428571,1.0,,,1.0
18011,19.165085,1.0,0.0,1.0,,,1.0
18012,20.987047,1.0,0.012987013,1.0,,,1.0
18013,70.53568,1.0,0.014925373,1.0,,,1.0
18014,13.667544,1.0,0.014492754,1.0,,,1.0
18015,13.35724,1.0,0.007246377,1.0,,,1.0
18016,20.907057,1.0,0.02,1.0,,,1.0
18017,20.738213,1.0,0.024390243,1.0,,,1.0
18018,40.121902,1.0,0.0,1.0,,,1.0
18019,3.9106367,1.0,0.0,1.0,,,1.0
18020,20.203737,1.0,0.0,1.0,,,1.0
18021,13.611353,1.0,0.015625,1.0,,,1.0
18022,15.907417,1.0,0.0062111802,1.0,,,1.0
18023,49.618633,1.0,0.0,1.0,,,1.0
18024,73.504425,1.0,0.0,1.0,,,1.0
18025,57.024723,1.0,0.008403362,1.0,,,1.0
18026,26.28679,1.0,0.013513514,1.0,,,1.0
18027,4.743122,1.0,0.0,1.0,,,1.0
18028,23.282707,1.0,0.0121951215,1.0,,,1.0
18029,48.97928,1.0,0.0,1.0,,,1.0
18030,6.3099027,1.0,0.04347826,1.0,,,1.0
18031,32.000538,1.0,0.008032128,1.0,,,1.0
18032,9.154886,1.0,0.010869565,1.0,,,1.0
18033,55.27203,1.0,0.011299435,1.0,,,1.0
18034,116.13675,1.0,0.0043010754,1.0,,,1.0
18035,60.27323,1.0,0.0,1.0,,,1.0
18036,34.019657,1.0,0.0040816325,1.0,,,1.0
18037,55.130615,1.0,0.012578616,1.0,,,1.0
18038,19.263567,1.0,0.0,1.0,,,1.0
18039,55.942783,1.0,0.007380074,1.0,,,1.0
18040,65.23029,1.0,0.003960396,1.0,,,1.0
18041,14.943771,1.0,0.008130081,1.0,,,1.0
18042,13.4593525,1.0,0.003003003,1.0,,,1.0
18043,8.715234,1.0,0.0015408321,1.0,,,1.0
18044,34.131897,1.0,0.008547009,1.0,,,1.0
18045,102.72474,1.0,0.005063291,1.0,,,1.0
18046,24.162432,1.0,0.010204081,1.0,,,1.0
18047,60.665062,1.0,0.004464286,1.0,,,1.0
18048,26.17626,1.0,0.0016528926,1.0,,,1.0
18049,42.433804,1.0,0.008264462,1.0,,,1.0
18050,10.050139,1.0,0.01980198,1.0,,,1.0
18051,21.967447,1.0,0.0,1.0,,,1.0
18052,19.294971,1.0,0.008403362,1.0,,,1.0
18053,11.892638,1.0,0.0,1.0,,,1.0
18054,13.552916,1.0,0.0,1.0,,,1.0
18055,66.482666,1.0,0.003773585,1.0,,,1.0
18056,77.04232,1.0,0.007633588,1.0,,,1.0
18057,63.311985,1.0,0.0069204154,1.0,,,1.0
18058,6.9491467,1.0,0.0,1.0,,,1.0
18059,44.898033,1.0,0.0,1.0,,,1.0
18060,37.33346,1.0,0.011976048,1.0,,,1.0
18061,17.570662,1.0,0.016806724,1.0,,,1.0
18062,7.090699,1.0,0.0,1.0,,,1.0
18063,8.046663,1.0,0.0,1.0,,,1.0
18064,14.057926,1.0,0.009302326,1.0,,,1.0
18065,15.642115,1.0,0.011235955,1.0,,,1.0
18066,10.015001,1.0,0.0,1.0,,,1.0
18067,31.98157,1.0,0.009708738,1.0,,,1.0
18068,57.10216,1.0,0.0033444816,1.0,,,1.0
18069,35.419224,1.0,0.007874016,1.0,,,1.0
18070,51.34904,1.0,0.00921659,1.0,,,1.0
18071,42.885136,1.0,0.0034602077,1.0,,,1.0
18072,85.52886,1.0,0.018867925,1.0,,,1.0
18073,16.333164,1.0,0.0,1.0,,,1.0
18074,9.86974,1.0,0.035714287,1.0,,,1.0
18075,66.482666,1.0,0.0036764706,1.0,,,1.0
18076,55.27203,1.0,0.032258064,1.0,,,1.0
18077,52.333042,1.0,0.003960396,1.0,,,1.0
18078,46.634182,1.0,0.005882353,1.0,,,1.0
18079,21.47009,1.0,0.014184397,1.0,,,1.0
18080,70.28568,1.0,0.0070921984,1.0,,,1.0
18081,55.052856,1.0,0.0054054055,1.0,,,1.0
18082,11.396992,1.0,0.0053475937,1.0,,,1.0
18083,8.298295,1.0,0.0,1.0,,,1.0
18084,8.191839,1.0,0.026666667,1.0,,,1.0
18085,21.070078,1.0,0.006369427,1.0,,,1.0
18086,16.333164,1.0,0.0,1.0,,,1.0
18087,14.448611,1.0,0.0,1.0,,,1.0
18088,19.744022,1.0,0.0032573289,1.0,,,1.0
18089,34.50466,1.0,0.0,1.0,,,1.0
18090,43.452435,1.0,0.007142857,1.0,,,1.0
18091,7.7965994,1.0,0.0,1.0,,,1.0
18092,67.70754,1.0,0.004524887,1.0,,,1.0
18093,71.66708,1.0,0.0,1.0,,,1.0
18094,60.27323,1.0,0.0,1.0,,,1.0
18095,36.736385,1.0,0.026666667,1.0,,,1.0
18096,31.612772,1.0,0.0078125,1.0,,,1.0
18097,26.05628,1.0,0.023529412,1.0,,,1.0
18098,13.081677,1.0,0.0,1.0,,,1.0
18099,45.196953,1.0,0.0028571428,1.0,,,1.0
18100,19.323217,1.0,0.0,1.0,,,1.0
18101,10.400546,1.0,0.015384615,1.0,,,1.0
18102,47.841343,1.0,0.0054644807,1.0,,,1.0
18103,19.027676,1.0,0.0,1.0,,,1.0
18104,9.187961,1.0,0.0088495575,1.0,,,1.0
18105,25.42217,1.0,0.03076923,1.0,,,1.0
18106,1.7419293,1.0,0.0,1.0,,,1.0
18107,96.54093,1.0,0.0,1.0,,,1.0
18108,7.464337,1.0,0.019607844,1.0,,,1.0
18109,42.958508,1.0,0.0,1.0,,,1.0
18110,22.508457,1.0,0.0,1.0,,,1.0
18111,36.030533,1.0,0.0068965517,1.0,,,1.0
18112,117.691864,1.0,0.004032258,1.0,,,1.0
18113,21.894993,1.0,0.0064935065,1.0,,,1.0
18114,23.155792,1.0,0.0,1.0,,,1.0
18115,97.03738,1.0,0.0037950664,1.0,,,1.0
18116,15.445959,1.0,0.0,1.0,,,1.0
18117,40.580776,1.0,0.0,1.0,,,1.0
18118,27.515274,1.0,0.008403362,1.0,,,1.0
18119,9.793483,1.0,0.0,1.0,,,1.0
18120,82.42183,1.0,0.0057471264,1.0,,,1.0
18121,23.413406,1.0,0.0,1.0,,,1.0
18122,58.774593,1.0,0.008368201,1.0,,,1.0
18123,64.76018,1.0,0.006472492,1.0,,,1.0
18124,7.014473,1.0,0.0062111802,1.0,,,1.0
18125,29.822569,1.0,0.008474576,1.0,,,1.0
18126,20.723194,1.0,0.0,1.0,,,1.0
18127,7.7378626,1.0,0.0,1.0,,,1.0
18128,19.954283,1.0,0.0,1.0,,,1.0
18129,88.882866,1.0,0.0069204154,1.0,,,1.0
18130,29.222048,1.0,0.0121951215,1.0,,,1.0
18131,18.7715,1.0,0.02,1.0,,,1.0
18132,25.232107,1.0,0.00952381,1.0,,,1.0
18133,57.555965,1.0,0.0029761905,1.0,,,1.0
18134,29.339872,1.0,0.015384615,1.0,,,1.0
18135,23.432644,1.0,0.011111111,1.0,,,1.0
18136,31.557035,1.0,0.0,1.0,,,1.0
18137,18.26184,1.0,0.0,1.0,,,1.0
18138,13.83599,1.0,0.0,1.0,,,1.0
18139,17.026337,1.0,0.0,1.0,,,1.0
18140,37.615612,1.0,0.003868472,1.0,,,1.0
18141,29.00706,1.0,0.021276595,1.0,,,1.0
18142,36.40106,1.0,0.0038910506,1.0,,,1.0
18143,9.562602,1.0,0.0,1.0,,,1.0
18144,32.361317,1.0,0.0,1.0,,,1.0
18145,39.80065,1.0,0.012269938,1.0,,,1.0
18146,55.130615,1.0,0.012345679,1.0,,,1.0
18147,62.159447,1.0,0.007518797,1.0,,,1.0
18148,13.625435,1.0,0.027777778,1.0,,,1.0
18149,61.184177,1.0,0.018691588,1.0,,,1.0
18150,66.76958,1.0,0.00625,1.0,,,1.0
18151,33.09114,1.0,0.0038986355,1.0,,,1.0
18152,11.37688,1.0,0.0,1.0,,,1.0
18153,38.57096,1.0,0.011560693,1.0,,,1.0
18154,46.33236,1.0,0.00390625,1.0,,,1.0
18155,32.939407,1.0,0.003215434,1.0,,,1.0
18156,10.170442,1.0,0.016,1.0,,,1.0
18157,124.35362,1.0,0.0019305019,1.0,,,1.0
18158,32.835667,1.0,0.0,1.0,,,1.0
18159,15.792369,1.0,0.0,1.0,,,1.0
18160,6.9751444,1.0,0.0,1.0,,,1.0
18161,31.816439,1.0,0.011173184,1.0,,,1.0
18162,6.2155867,1.0,0.0,1.0,,,1.0
18163,79.90929,1.0,0.014285714,1.0,,,1.0
18164,3.7969692,1.0,0.0,1.0,,,1.0
18165,25.002401,1.0,0.016260162,1.0,,,1.0
18166,33.97899,1.0,0.0031948881,1.0,,,1.0
18167,42.8121,1.0,0.0,1.0,,,1.0
18168,17.995464,1.0,0.0054644807,1.0,,,1.0
18169,14.759366,1.0,0.004796163,1.0,,,1.0
18170,21.964874,1.0,0.011235955,1.0,,,1.0
18171,45.2774,1.0,0.0049261083,1.0,,,1.0
18172,58.165905,1.0,0.003267974,1.0,,,1.0
18173,95.84354,1.0,0.007518797,1.0,,,1.0
18174,12.456635,1.0,0.0,1.0,,,1.0
18175,49.520912,1.0,0.0038986355,1.0,,,1.0
18176,10.941774,1.0,0.0,1.0,,,1.0
18177,21.3083,1.0,0.0,1.0,,,1.0
18178,27.010498,1.0,0.009708738,1.0,,,1.0
18179,20.647205,1.0,0.0,1.0,,,1.0
18180,45.1424,1.0,0.013333334,1.0,,,1.0
18181,41.22983,1.0,0.010989011,1.0,,,1.0
18182,46.33236,1.0,0.037037037,1.0,,,1.0
18183,100.17136,1.0,0.0046189376,1.0,,,1.0
18184,21.373446,1.0,0.011904762,1.0,,,1.0
18185,29.293152,1.0,0.027027028,1.0,,,1.0
18186,7.7331,1.0,0.014705882,1.0,,,1.0
18187,17.573599,1.0,0.018691588,1.0,,,1.0
18188,33.70337,1.0,0.0039138943,1.0,,,1.0
18189,101.899734,1.0,0.005602241,1.0,,,1.0
18190,39.850513,1.0,0.0,1.0,,,1.0
18191,13.823573,1.0,0.0072727273,1.0,,,1.0
18192,52.333042,1.0,0.004705882,1.0,,,1.0
18193,75.916,1.0,0.005952381,1.0,,,1.0
18194,55.130615,1.0,0.029411765,1.0,,,1.0
18195,94.40702,1.0,0.0042283298,1.0,,,1.0
18196,8.895109,1.0,0.0,1.0,,,1.0
18197,14.225011,1.0,0.02,1.0,,,1.0
18198,33.380035,1.0,0.0027100272,1.0,,,1.0
18199,28.966385,1.0,0.0,1.0,,,1.0
18200,44.199844,1.0,0.0070921984,1.0,,,1.0
18201,16.552006,1.0,0.0,1.0,,,1.0
18202,64.76018,1.0,0.0,1.0,,,1.0
18203,36.261368,1.0,0.007936508,1.0,,,1.0
18204,13.199777,1.0,0.016393442,1.0,,,1.0
18205,77.84169,1.0,0.0091743115,1.0,,,1.0
18206,117.691864,1.0,0.005249344,1.0,,,1.0
18207,57.155567,1.0,0.011494253,1.0,,,1.0
18208,83.36918,1.0,0.009708738,1.0,,,1.0
18209,114.3943,1.0,0.003868472,1.0,,,1.0
18210,22.502605,1.0,0.0,1.0,,,1.0
18211,55.378963,1.0,0.007751938,1.0,,,1.0
18212,10.253294,1.0,0.08695652,1.0,,,1.0
18213,33.298798,1.0,0.0050251256,1.0,,,1.0
18214,13.940593,1.0,0.0099502485,1.0,,,1.0
18215,10.600574,1.0,0.015873017,1.0,,,1.0
18216,26.076529,1.0,0.0,1.0,,,1.0
18217,6.600048,1.0,0.0,1.0,,,1.0
18218,26.183805,1.0,0.0,1.0,,,1.0
18219,56.3599,1.0,0.008438818,1.0,,,1.0
18220,50.108963,1.0,0.0038535646,1.0,,,1.0
18221,66.482666,1.0,0.008810572,1.0,,,1.0
18222,3.778564,1.0,0.009345794,1.0,,,1.0
18223,25.137053,1.0,0.0,1.0,,,1.0
18224,102.72474,1.0,0.0046838406,1.0,,,1.0
18225,98.70822,1.0,0.037037037,1.0,,,1.0
18226,47.06475,1.0,0.009345794,1.0,,,1.0
18227,54.69655,1.0,0.009852217,1.0,,,1.0
18228,8.966346,1.0,0.0024096386,1.0,,,1.0
18229,35.310802,1.0,0.0,1.0,,,1.0
18230,10.164588,1.0,0.007751938,1.0,,,1.0
18231,22.450285,1.0,0.011235955,1.0,,,1.0
18232,35.326077,1.0,0.0074074073,1.0,,,1.0
18233,43.452435,1.0,0.015037594,1.0,,,1.0
18234,19.909224,1.0,0.03125,1.0,,,1.0
18235,57.51592,1.0,0.018518519,1.0,,,1.0
18236,9.8535385,1.0,0.0062111802,1.0,,,1.0
18237,19.912394,1.0,0.0027100272,1.0,,,1.0
18238,11.431673,1.0,0.0,1.0,,,1.0
18239,49.687374,1.0,0.008510638,1.0,,,1.0
18240,8.709013,1.0,0.005540166,1.0,,,1.0
18241,39.538147,1.0,0.008888889,1.0,,,1.0
18242,38.589554,1.0,0.0033557047,1.0,,,1.0
18243,14.024209,1.0,0.0,1.0,,,1.0
18244,36.056908,1.0,0.007874016,1.0,,,1.0
18245,20.660381,1.0,0.008403362,1.0,,,1.0
18246,8.872246,1.0,0.0,1.0,,,1.0
18247,18.097738,1.0,0.0,1.0,,,1.0
18248,11.506767,1.0,0.011494253,1.0,,,1.0
18249,44.9093,1.0,0.014285714,1.0,,,1.0
18250,10.207986,1.0,0.0,1.0,,,1.0
18251,31.267408,1.0,0.0,1.0,,,1.0
18252,33.16621,1.0,0.011235955,1.0,,,1.0
18253,4.973032,1.0,0.0,1.0,,,1.0
18254,28.436258,1.0,0.0,1.0,,,1.0
18255,22.417389,1.0,0.0046948357,1.0,,,1.0
18256,16.909649,1.0,0.007434944,1.0,,,1.0
18257,39.309826,1.0,0.06666667,1.0,,,1.0
18258,43.066597,1.0,0.0,1.0,,,1.0
18259,69.42076,1.0,0.012658228,1.0,,,1.0
18260,47.056965,1.0,0.009302326,1.0,,,1.0
18261,14.956273,1.0,0.0061919503,1.0,,,1.0
18262,32.141705,1.0,0.0,1.0,,,1.0
18263,108.342125,1.0,0.008163265,1.0,,,1.0
18264,33.60434,1.0,0.027777778,1.0,,,1.0
18265,33.197285,1.0,0.0,1.0,,,1.0
18266,25.703411,1.0,0.009803922,1.0,,,1.0
18267,78.47665,1.0,0.0068965517,1.0,,,1.0
18268,20.885994,1.0,0.0036231885,1.0,,,1.0
18269,17.056261,1.0,0.006289308,1.0,,,1.0
18270,31.08243,1.0,0.0021141649,1.0,,,1.0
18271,8.955486,1.0,0.0044444446,1.0,,,1.0
18272,29.806673,1.0,0.027027028,1.0,,,1.0
18273,37.80578,1.0,0.008333334,1.0,,,1.0
18274,12.313015,1.0,0.026666667,1.0,,,1.0
18275,10.868231,1.0,0.0,1.0,,,1.0
18276,16.288054,1.0,0.0,1.0,,,1.0
18277,30.41263,1.0,0.04,1.0,,,1.0
18278,18.447407,1.0,0.0,1.0,,,1.0
18279,11.123927,1.0,0.0,1.0,,,1.0
18280,45.556755,1.0,0.006451613,1.0,,,1.0
18281,64.32761,1.0,0.016393442,1.0,,,1.0
18282,10.377088,1.0,0.0028169013,1.0,,,1.0
18283,9.154886,1.0,0.008264462,1.0,,,1.0
18284,3.2434387,1.0,0.0,1.0,,,1.0
18285,60.52878,1.0,0.011111111,1.0,,,1.0
18286,46.33236,1.0,0.0058139535,1.0,,,1.0
18287,7.261006,1.0,0.0,1.0,,,1.0
18288,48.40148,1.0,0.012987013,1.0,,,1.0
18289,115.46164,1.0,0.005,1.0,,,1.0
18290,37.615612,1.0,0.0038910506,1.0,,,1.0
18291,32.153214,1.0,0.0,1.0,,,1.0
18292,7.543212,1.0,0.011111111,1.0,,,1.0
18293,46.33236,1.0,0.03076923,1.0,,,1.0
18294,83.855774,1.0,0.0068728523,1.0,,,1.0
18295,5.390044,1.0,0.0,1.0,,,1.0
18296,16.108477,1.0,0.010752688,1.0,,,1.0
18297,17.825897,1.0,0.004854369,1.0,,,1.0
18298,25.040873,1.0,0.014084507,1.0,,,1.0
18299,34.136044,1.0,0.010928961,1.0,,,1.0
18300,27.080961,1.0,0.024390243,1.0,,,1.0
18301,30.256107,1.0,0.0,1.0,,,1.0
18302,20.500952,1.0,0.0013071896,1.0,,,1.0
18303,14.294573,1.0,0.012345679,1.0,,,1.0
18304,13.316573,1.0,0.003773585,1.0,,,1.0
18305,49.5323,1.0,0.004597701,1.0,,,1.0
18306,45.986446,1.0,0.008733625,1.0,,,1.0
18307,72.048134,1.0,0.015151516,1.0,,,1.0
18308,24.433,1.0,0.024390243,1.0,,,1.0
18309,9.255322,1.0,0.027777778,1.0,,,1.0
18310,23.818201,1.0,0.025641026,1.0,,,1.0
18311,34.440834,1.0,0.0,1.0,,,1.0
18312,44.081623,1.0,0.009090909,1.0,,,1.0
18313,7.655095,1.0,0.0,1.0,,,1.0
18314,12.29934,1.0,0.0068965517,1.0,,,1.0
18315,14.083892,1.0,0.011494253,1.0,,,1.0
18316,51.52145,1.0,0.012048192,1.0,,,1.0
18317,20.178383,1.0,0.004555809,1.0,,,1.0
18318,5.643752,1.0,0.0,1.0,,,1.0
18319,25.193737,1.0,0.017094018,1.0,,,1.0
18320,3.778564,1.0,0.01724138,1.0,,,1.0
18321,92.609,1.0,0.008,1.0,,,1.0
18322,95.84354,1.0,0.0021505377,1.0,,,1.0
18323,33.391533,1.0,0.0,1.0,,,1.0
18324,16.709906,1.0,0.0066006603,1.0,,,1.0
18325,13.70112,1.0,0.033333335,1.0,,,1.0
18326,46.237328,1.0,0.0068728523,1.0,,,1.0
18327,80.007515,1.0,0.026666667,1.0,,,1.0
18328,29.293152,1.0,0.02020202,1.0,,,1.0
18329,85.39203,1.0,0.0019455253,1.0,,,1.0
18330,23.567036,1.0,0.0065789474,1.0,,,1.0
18331,19.949017,1.0,0.0032786885,1.0,,,1.0
18332,3.415228,1.0,0.011428571,1.0,,,1.0
18333,15.154933,1.0,0.0,1.0,,,1.0
18334,23.871683,1.0,0.008333334,1.0,,,1.0
18335,21.765255,1.0,0.0054644807,1.0,,,1.0
18336,5.890259,1.0,0.0,1.0,,,1.0
18337,45.692894,1.0,0.005952381,1.0,,,1.0
18338,59.740917,1.0,0.0,1.0,,,1.0
18339,15.773402,1.0,0.0,1.0,,,1.0
18340,20.553225,1.0,0.006451613,1.0,,,1.0
18341,36.739883,1.0,0.0,1.0,,,1.0
18342,45.026672,1.0,0.0074074073,1.0,,,1.0
18343,102.72474,1.0,0.007843138,1.0,,,1.0
18344,78.61112,1.0,0.010416667,1.0,,,1.0
18345,46.917625,1.0,0.008474576,1.0,,,1.0
18346,8.716848,1.0,0.0,1.0,,,1.0
18347,50.841656,1.0,0.0,1.0,,,1.0
18348,6.3301706,1.0,0.0,1.0,,,1.0
18349,57.45109,1.0,0.007518797,1.0,,,1.0
18350,47.056965,1.0,0.01438849,1.0,,,1.0
18351,37.521385,1.0,0.007936508,1.0,,,1.0
18352,60.712387,1.0,0.0,1.0,,,1.0
18353,12.6280365,1.0,0.0,1.0,,,1.0
18354,78.47665,1.0,0.013071896,1.0,,,1.0
18355,58.397694,1.0,0.011494253,1.0,,,1.0
18356,10.2914295,1.0,0.021978023,1.0,,,1.0
18357,7.2507772,1.0,0.0,1.0,,,1.0
18358,17.81931,1.0,0.005076142,1.0,,,1.0
18359,117.37837,1.0,0.0025252525,1.0,,,1.0
18360,12.786204,1.0,0.0,1.0,,,1.0
18361,15.159405,1.0,0.0,1.0,,,1.0
18362,57.155567,1.0,0.013986014,1.0,,,1.0
18363,37.1636,1.0,0.044444446,1.0,,,1.0
18364,41.752445,1.0,0.0,1.0,,,1.0
18365,75.32171,1.0,0.008333334,1.0,,,1.0
18366,46.28599,1.0,0.0,1.0,,,1.0
18367,14.573719,1.0,0.0,1.0,,,1.0
18368,12.498829,1.0,0.0,1.0,,,1.0
18369,12.892947,1.0,0.0,1.0,,,1.0
18370,1.8973421,1.0,0.0,1.0,,,1.0
18371,25.703411,1.0,0.032258064,1.0,,,1.0
18372,5.336957,1.0,0.0,1.0,,,1.0
18373,40.818283,1.0,0.0051282053,1.0,,,1.0
18374,30.686073,1.0,0.0016863407,1.0,,,1.0
18375,10.031765,1.0,0.0,1.0,,,1.0
18376,77.30586,1.0,0.015267176,1.0,,,1.0
18377,61.175056,1.0,0.0069444445,1.0,,,1.0
18378,16.475462,1.0,0.0025188916,1.0,,,1.0
18379,21.333494,1.0,0.0,1.0,,,1.0
18380,37.1636,1.0,0.02,1.0,,,1.0
18381,4.7988963,1.0,0.012987013,1.0,,,1.0
18382,64.03762,1.0,0.011976048,1.0,,,1.0
18383,109.534454,1.0,0.0,1.0,,,1.0
18384,106.4167,1.0,0.010869565,1.0,,,1.0
18385,11.545447,1.0,0.025641026,1.0,,,1.0
18386,20.569935,1.0,0.0,1.0,,,1.0
18387,55.875946,1.0,0.0029498525,1.0,,,1.0
18388,55.66456,1.0,0.0,1.0,,,1.0
18389,5.88627,1.0,0.04761905,1.0,,,1.0
18390,68.12054,1.0,0.012738854,1.0,,,1.0
18391,23.970488,1.0,0.008547009,1.0,,,1.0
18392,50.85755,1.0,0.006042296,1.0,,,1.0
18393,20.600653,1.0,0.0025252525,1.0,,,1.0
18394,16.1528,1.0,0.0070921984,1.0,,,1.0
18395,19.789963,1.0,0.0,1.0,,,1.0
18396,9.885792,1.0,0.0,1.0,,,1.0
18397,22.060228,1.0,0.010204081,1.0,,,1.0
18398,59.4938,1.0,0.011428571,1.0,,,1.0
18399,22.24649,1.0,0.013888889,1.0,,,1.0
18400,29.730177,1.0,0.0,1.0,,,1.0
18401,45.803352,1.0,0.0054644807,1.0,,,1.0
18402,57.282772,1.0,0.010152284,1.0,,,1.0
18403,59.89199,1.0,0.0,1.0,,,1.0
18404,22.350677,1.0,0.008130081,1.0,,,1.0
18405,1.3900268,1.0,0.02631579,1.0,,,1.0
18406,13.034598,1.0,0.0,1.0,,,1.0
18407,38.589554,1.0,0.0,1.0,,,1.0
18408,14.272099,1.0,0.0,1.0,,,1.0
18409,5.5062194,1.0,0.0,1.0,,,1.0
18410,117.691864,1.0,0.0047281324,1.0,,,1.0
18411,57.788727,1.0,0.00754717,1.0,,,1.0
18412,14.943771,1.0,0.0037313432,1.0,,,1.0
18413,34.363632,1.0,0.0,1.0,,,1.0
18414,4.745665,1.0,0.008403362,1.0,,,1.0
18415,22.681335,1.0,0.0032573289,1.0,,,1.0
18416,26.023561,1.0,0.0036764706,1.0,,,1.0
18417,59.643055,1.0,0.0029411765,1.0,,,1.0
18418,2.9192054,1.0,0.0,1.0,,,1.0
18419,8.312594,1.0,0.0,1.0,,,1.0
18420,40.141743,1.0,0.0,1.0,,,1.0
18421,31.527805,1.0,0.013422819,1.0,,,1.0
18422,61.45962,1.0,0.0,1.0,,,1.0
18423,44.54079,1.0,0.015037594,1.0,,,1.0
18424,48.698395,1.0,0.007490637,1.0,,,1.0
18425,50.49319,1.0,0.03125,1.0,,,1.0
18426,20.125309,1.0,0.0034965035,1.0,,,1.0
18427,92.71285,1.0,0.0061728396,1.0,,,1.0
18428,21.389751,1.0,0.0,1.0,,,1.0
18429,6.6538606,1.0,0.0,1.0,,,1.0
18430,36.90138,1.0,0.0,1.0,,,1.0
18431,31.992453,1.0,0.0044444446,1.0,,,1.0
18432,39.27086,1.0,0.007874016,1.0,,,1.0
18433,19.743355,1.0,0.0,1.0,,,1.0
18434,44.186485,1.0,0.005263158,1.0,,,1.0
18435,13.310556,1.0,0.032786883,1.0,,,1.0
18436,94.0619,1.0,0.0030395137,1.0,,,1.0
18437,35.51589,1.0,0.00877193,1.0,,,1.0
18438,29.806673,1.0,0.0,1.0,,,1.0
18439,16.566917,1.0,0.03846154,1.0,,,1.0
18440,18.777561,1.0,0.0,1.0,,,1.0
18441,77.22009,1.0,0.008097166,1.0,,,1.0
18442,9.699382,1.0,0.0,1.0,,,1.0
18443,13.975289,1.0,0.0,1.0,,,1.0
18444,39.850513,1.0,0.0,1.0,,,1.0
18445,26.583462,1.0,0.008888889,1.0,,,1.0
18446,10.545829,1.0,0.0,1.0,,,1.0
18447,43.09123,1.0,0.008368201,1.0,,,1.0
18448,35.23551,1.0,0.010050251,1.0,,,1.0
18449,49.98421,1.0,0.009049774,1.0,,,1.0
18450,45.776028,1.0,0.0058651026,1.0,,,1.0
18451,1.0913335,1.0,0.007194245,1.0,,,1.0
18452,25.681833,1.0,0.011363637,1.0,,,1.0
18453,36.89859,1.0,0.0,1.0,,,1.0
18454,21.996717,1.0,0.003533569,1.0,,,1.0
18455,23.435476,1.0,0.014814815,1.0,,,1.0
18456,36.515694,1.0,0.010204081,1.0,,,1.0
18457,14.1179695,1.0,0.0,1.0,,,1.0
18458,12.122321,1.0,0.019417476,1.0,,,1.0
18459,24.321795,1.0,0.0,1.0,,,1.0
18460,32.32401,1.0,0.0,1.0,,,1.0
18461,21.230251,1.0,0.0,1.0,,,1.0
18462,18.164762,1.0,0.0038022813,1.0,,,1.0
18463,30.728693,1.0,0.005540166,1.0,,,1.0
18464,20.268408,1.0,0.0,1.0,,,1.0
18465,8.6673565,1.0,0.0054347827,1.0,,,1.0
18466,22.43067,1.0,0.017391304,1.0,,,1.0
18467,38.739883,1.0,0.010869565,1.0,,,1.0
18468,114.3943,1.0,0.004514673,1.0,,,1.0
18469,13.947905,1.0,0.004878049,1.0,,,1.0
18470,18.271942,1.0,0.023255814,1.0,,,1.0
18471,50.20582,1.0,0.008298756,1.0,,,1.0
18472,15.620313,1.0,0.0,1.0,,,1.0
18473,88.475075,1.0,0.028571429,1.0,,,1.0
18474,50.058445,1.0,0.009345794,1.0,,,1.0
18475,25.896713,1.0,0.0,1.0,,,1.0
18476,48.698395,1.0,0.003649635,1.0,,,1.0
18477,78.47665,1.0,0.007142857,1.0,,,1.0
18478,29.616846,1.0,0.0,1.0,,,1.0
18479,15.433346,1.0,0.01754386,1.0,,,1.0
18480,19.767784,1.0,0.0,1.0,,,1.0
18481,115.54238,1.0,0.0042643924,1.0,,,1.0
18482,12.663508,1.0,0.0,1.0,,,1.0
18483,30.649261,1.0,0.0,1.0,,,1.0
18484,61.175056,1.0,0.005141388,1.0,,,1.0
18485,44.19484,1.0,0.0,1.0,,,1.0
18486,7.6768646,1.0,0.0071174377,1.0,,,1.0
18487,9.180887,1.0,0.024691358,1.0,,,1.0
18488,35.744644,1.0,0.010526316,1.0,,,1.0
18489,51.82656,1.0,0.01724138,1.0,,,1.0
18490,19.19951,1.0,0.022222223,1.0,,,1.0
18491,43.2561,1.0,0.005291005,1.0,,,1.0
18492,7.070825,1.0,0.0,1.0,,,1.0
18493,28.216385,1.0,0.0,1.0,,,1.0
18494,13.667544,1.0,0.0033557047,1.0,,,1.0
18495,21.601793,1.0,0.01369863,1.0,,,1.0
18496,8.35318,1.0,0.022222223,1.0,,,1.0
18497,9.50374,1.0,0.001980198,1.0,,,1.0
18498,21.68584,1.0,0.013793103,1.0,,,1.0
18499,3.367893,1.0,0.005524862,1.0,,,1.0
18500,55.130615,1.0,0.05,1.0,,,1.0
18501,35.90444,1.0,0.0,1.0,,,1.0
18502,37.328815,1.0,0.01010101,1.0,,,1.0
18503,35.51589,1.0,0.022988506,1.0,,,1.0
18504,67.75076,1.0,0.0,1.0,,,1.0
18505,63.03454,1.0,0.02739726,1.0,,,1.0
18506,105.86188,1.0,0.0059701493,1.0,,,1.0
18507,33.504845,1.0,0.0,1.0,,,1.0
18508,14.956273,1.0,0.004784689,1.0,,,1.0
18509,3.8891659,1.0,0.0,1.0,,,1.0
18510,50.636543,1.0,0.007633588,1.0,,,1.0
18511,11.564387,1.0,0.004830918,1.0,,,1.0
18512,7.2191586,1.0,0.024390243,1.0,,,1.0
18513,3.0146163,1.0,0.0,1.0,,,1.0
18514,117.691864,1.0,0.005882353,1.0,,,1.0
18515,63.247498,1.0,0.003787879,1.0,,,1.0
18516,38.940258,1.0,0.0,1.0,,,1.0
18517,104.3949,1.0,0.009708738,1.0,,,1.0
18518,40.51056,1.0,0.008695652,1.0,,,1.0
18519,32.21631,1.0,0.015384615,1.0,,,1.0
18520,41.92771,1.0,0.020618556,1.0,,,1.0
18521,47.81233,1.0,0.0052083335,1.0,,,1.0
18522,56.862095,1.0,0.0064102565,1.0,,,1.0
18523,18.53049,1.0,0.004889976,1.0,,,1.0
18524,65.62722,1.0,0.004901961,1.0,,,1.0
18525,14.91896,1.0,0.0,1.0,,,1.0
18526,12.8208685,1.0,0.007142857,1.0,,,1.0
18527,46.554455,1.0,0.0036101083,1.0,,,1.0
18528,17.819391,1.0,0.006060606,1.0,,,1.0
18529,11.517596,1.0,0.0,1.0,,,1.0
18530,7.4244523,1.0,0.0,1.0,,,1.0
18531,2.739709,1.0,0.0026809652,1.0,,,1.0
18532,20.2618,1.0,0.0,1.0,,,1.0
18533,50.381348,1.0,0.0034013605,1.0,,,1.0
18534,49.070187,1.0,0.011111111,1.0,,,1.0
18535,92.882454,1.0,0.0,1.0,,,1.0
18536,7.557565,1.0,0.018867925,1.0,,,1.0
18537,16.47135,1.0,0.0,1.0,,,1.0
18538,6.782314,1.0,0.0,1.0,,,1.0
18539,71.856064,1.0,0.0054054055,1.0,,,1.0
18540,46.693943,1.0,0.0,1.0,,,1.0
18541,42.33811,1.0,0.0,1.0,,,1.0
18542,50.85755,1.0,0.0,1.0,,,1.0
18543,26.583462,1.0,0.010362694,1.0,,,1.0
18544,32.72477,1.0,0.015151516,1.0,,,1.0
18545,3.322279,1.0,0.0,1.0,,,1.0
18546,12.705334,1.0,0.0,1.0,,,1.0
18547,20.619097,1.0,0.004651163,1.0,,,1.0
18548,6.5391574,1.0,0.0,1.0,,,1.0
18549,29.832024,1.0,0.0,1.0,,,1.0
18550,75.51869,1.0,0.014705882,1.0,,,1.0
18551,18.680769,1.0,0.0,1.0,,,1.0
18552,30.460304,1.0,0.0065789474,1.0,,,1.0
18553,50.95393,1.0,0.0,1.0,,,1.0
18554,33.258663,1.0,0.0,1.0,,,1.0
18555,4.9103484,1.0,0.005586592,1.0,,,1.0
18556,19.784513,1.0,0.0031545742,1.0,,,1.0
18557,8.116765,1.0,0.0,1.0,,,1.0
18558,13.195289,1.0,0.009708738,1.0,,,1.0
18559,115.54238,1.0,0.0066006603,1.0,,,1.0
18560,5.722762,1.0,0.05263158,1.0,,,1.0
18561,41.22983,1.0,0.007575758,1.0,,,1.0
18562,10.937942,1.0,0.0053475937,1.0,,,1.0
18563,14.225011,1.0,0.0062695923,1.0,,,1.0
18564,6.2458153,1.0,0.0074074073,1.0,,,1.0
18565,98.476326,1.0,0.0056818184,1.0,,,1.0
18566,25.474762,1.0,0.0,1.0,,,1.0
18567,19.082546,1.0,0.0,1.0,,,1.0
18568,28.377846,1.0,0.0071174377,1.0,,,1.0
18569,29.325878,1.0,0.0,1.0,,,1.0
18570,51.34904,1.0,0.012578616,1.0,,,1.0
18571,23.80188,1.0,0.009708738,1.0,,,1.0
18572,80.376945,1.0,0.002754821,1.0,,,1.0
18573,54.970505,1.0,0.005830904,1.0,,,1.0
18574,2.5109603,1.0,0.0,1.0,,,1.0
18575,3.6634693,1.0,0.004608295,1.0,,,1.0
18576,78.47665,1.0,0.00591716,1.0,,,1.0
18577,22.45595,1.0,0.01923077,1.0,,,1.0
18578,11.686213,1.0,0.001984127,1.0,,,1.0
18579,15.142514,1.0,0.0,1.0,,,1.0
18580,61.159466,1.0,0.0,1.0,,,1.0
18581,102.72474,1.0,0.0042643924,1.0,,,1.0
18582,60.70733,1.0,0.013333334,1.0,,,1.0
18583,55.130615,1.0,0.04,1.0,,,1.0
18584,13.199777,1.0,0.015748031,1.0,,,1.0
18585,45.2774,1.0,0.004962779,1.0,,,1.0
18586,4.211302,1.0,0.004115226,1.0,,,1.0
18587,40.93188,1.0,0.011363637,1.0,,,1.0
18588,20.58874,1.0,0.0,1.0,,,1.0
18589,18.877449,1.0,0.0,1.0,,,1.0
18590,44.352646,1.0,0.015873017,1.0,,,1.0
18591,9.954104,1.0,0.010416667,1.0,,,1.0
18592,14.013071,1.0,0.0038022813,1.0,,,1.0
18593,4.112691,1.0,0.004761905,1.0,,,1.0
18594,23.114315,1.0,0.016,1.0,,,1.0
18595,30.30466,1.0,0.0074626864,1.0,,,1.0
18596,4.233447,1.0,0.0,1.0,,,1.0
18597,22.53248,1.0,0.008547009,1.0,,,1.0
18598,36.7077,1.0,0.009345794,1.0,,,1.0
18599,13.872756,1.0,0.018181818,1.0,,,1.0
18600,0.7500784,1.0,0.001984127,1.0,,,1.0
18601,14.228147,1.0,0.017094018,1.0,,,1.0
18602,68.44961,1.0,0.015037594,1.0,,,1.0
18603,7.920257,1.0,0.009259259,1.0,,,1.0
18604,59.164825,1.0,0.0,1.0,,,1.0
18605,40.31641,1.0,0.007968128,1.0,,,1.0
18606,13.451951,1.0,0.0,1.0,,,1.0
18607,81.40033,1.0,0.013605442,1.0,,,1.0
18608,56.425014,1.0,0.007874016,1.0,,,1.0
18609,29.915373,1.0,0.04,1.0,,,1.0
18610,36.229965,1.0,0.008658009,1.0,,,1.0
18611,8.485377,1.0,0.0,1.0,,,1.0
18612,10.168755,1.0,0.0032786885,1.0,,,1.0
18613,2.7406304,1.0,0.0,1.0,,,1.0
18614,47.121517,1.0,0.0,1.0,,,1.0
18615,11.7739,1.0,0.0,1.0,,,1.0
18616,22.303013,1.0,0.0,1.0,,,1.0
18617,33.70337,1.0,0.0038535646,1.0,,,1.0
18618,9.248672,1.0,0.028169014,1.0,,,1.0
18619,94.0619,1.0,0.0065789474,1.0,,,1.0
18620,9.629583,1.0,0.0,1.0,,,1.0
18621,59.01623,1.0,0.012345679,1.0,,,1.0
18622,137.15147,1.0,0.007067138,1.0,,,1.0
18623,39.65617,1.0,0.0,1.0,,,1.0
18624,24.124987,1.0,0.0,1.0,,,1.0
18625,20.80696,1.0,0.008888889,1.0,,,1.0
18626,46.401623,1.0,0.005449591,1.0,,,1.0
18627,45.725292,1.0,0.016528925,1.0,,,1.0
18628,9.759953,1.0,0.0,1.0,,,1.0
18629,24.430996,1.0,0.041666668,1.0,,,1.0
18630,35.22399,1.0,0.00952381,1.0,,,1.0
18631,43.21256,1.0,0.011560693,1.0,,,1.0
18632,125.9227,1.0,0.005882353,1.0,,,1.0
18633,59.80664,1.0,0.0,1.0,,,1.0
18634,14.75162,1.0,0.0038022813,1.0,,,1.0
18635,11.867704,1.0,0.0041841003,1.0,,,1.0
18636,6.00776,1.0,0.0,1.0,,,1.0
18637,7.76649,1.0,0.011363637,1.0,,,1.0
18638,19.767784,1.0,0.005899705,1.0,,,1.0
18639,49.069714,1.0,0.007518797,1.0,,,1.0
18640,67.70754,1.0,0.005235602,1.0,,,1.0
18641,40.258865,1.0,0.029411765,1.0,,,1.0
18642,109.534454,1.0,0.012903226,1.0,,,1.0
18643,61.27212,1.0,0.0035842294,1.0,,,1.0
18644,29.421946,1.0,0.009803922,1.0,,,1.0
18645,6.0663266,1.0,0.0,1.0,,,1.0
18646,102.88374,1.0,0.0034542314,1.0,,,1.0
18647,28.372871,1.0,0.0043290043,1.0,,,1.0
18648,42.670406,1.0,0.004901961,1.0,,,1.0
18649,12.01318,1.0,0.03448276,1.0,,,1.0
18650,24.78873,1.0,0.0049261083,1.0,,,1.0
18651,29.293152,1.0,0.018348623,1.0,,,1.0
18652,31.928665,1.0,0.0,1.0,,,1.0
18653,13.980244,1.0,0.0078125,1.0,,,1.0
18654,16.129063,1.0,0.0,1.0,,,1.0
18655,55.549763,1.0,0.004405286,1.0,,,1.0
18656,41.897247,1.0,0.0027100272,1.0,,,1.0
18657,78.47665,1.0,0.0093896715,1.0,,,1.0
18658,53.449894,1.0,0.0,1.0,,,1.0
18659,5.7127542,1.0,0.0,1.0,,,1.0
18660,53.686928,1.0,0.00862069,1.0,,,1.0
18661,17.255814,1.0,0.0056497175,1.0,,,1.0
18662,73.267296,1.0,0.0,1.0,,,1.0
18663,10.934993,1.0,0.0,1.0,,,1.0
18664,34.06485,1.0,0.009090909,1.0,,,1.0
18665,73.33114,1.0,0.009708738,1.0,,,1.0
18666,16.725319,1.0,0.0,1.0,,,1.0
18667,7.5131583,1.0,0.008,1.0,,,1.0
18668,89.88506,1.0,0.016666668,1.0,,,1.0
18669,27.521982,1.0,0.005952381,1.0,,,1.0
18670,7.1101513,1.0,0.0,1.0,,,1.0
18671,29.339872,1.0,0.006369427,1.0,,,1.0
18672,57.555965,1.0,0.006116208,1.0,,,1.0
18673,23.168713,1.0,0.0,1.0,,,1.0
18674,31.527805,1.0,0.006993007,1.0,,,1.0
18675,7.9676228,1.0,0.01,1.0,,,1.0
18676,98.70822,1.0,0.008583691,1.0,,,1.0
18677,57.51592,1.0,0.0,1.0,,,1.0
18678,135.82352,1.0,0.013333334,1.0,,,1.0
18679,16.885338,1.0,0.0015037594,1.0,,,1.0
18680,21.68927,1.0,0.0,1.0,,,1.0
18681,38.739883,1.0,0.00952381,1.0,,,1.0
18682,23.625849,1.0,0.006644518,1.0,,,1.0
18683,56.425014,1.0,0.013605442,1.0,,,1.0
18684,51.71784,1.0,0.004338395,1.0,,,1.0
18685,14.789574,1.0,0.0,1.0,,,1.0
18686,19.592306,1.0,0.0045045046,1.0,,,1.0
18687,44.905537,1.0,0.008403362,1.0,,,1.0
18688,39.971397,1.0,0.008264462,1.0,,,1.0
18689,31.57911,1.0,0.012658228,1.0,,,1.0
18690,36.662014,1.0,0.004651163,1.0,,,1.0
18691,42.90579,1.0,0.0057471264,1.0,,,1.0
18692,59.268677,1.0,0.005586592,1.0,,,1.0
18693,16.909649,1.0,0.0,1.0,,,1.0
18694,15.332224,1.0,0.0091743115,1.0,,,1.0
18695,80.54764,1.0,0.007168459,1.0,,,1.0
18696,51.034954,1.0,0.0029761905,1.0,,,1.0
18697,26.931501,1.0,0.0,1.0,,,1.0
18698,6.0252705,1.0,0.0040816325,1.0,,,1.0
18699,14.3829975,1.0,0.013071896,1.0,,,1.0
18700,43.2561,1.0,0.0116959065,1.0,,,1.0
18701,14.790887,1.0,0.0,1.0,,,1.0
18702,67.420876,1.0,0.0017391305,1.0,,,1.0
18703,34.06485,1.0,0.0077220076,1.0,,,1.0
18704,30.375296,1.0,0.009569378,1.0,,,1.0
18705,15.423067,1.0,0.0,1.0,,,1.0
18706,7.4076166,1.0,0.007490637,1.0,,,1.0
18707,70.82233,1.0,0.007575758,1.0,,,1.0
18708,51.705837,1.0,0.009302326,1.0,,,1.0
18709,47.223,1.0,0.0,1.0,,,1.0
18710,25.534002,1.0,0.0019455253,1.0,,,1.0
18711,24.566587,1.0,0.005586592,1.0,,,1.0
18712,36.127247,1.0,0.0064102565,1.0,,,1.0
18713,6.837694,1.0,0.04255319,1.0,,,1.0
18714,32.191402,1.0,0.0,1.0,,,1.0
18715,81.40033,1.0,0.013793103,1.0,,,1.0
18716,47.086132,1.0,0.007352941,1.0,,,1.0
18717,8.959865,1.0,0.02020202,1.0,,,1.0
18718,40.885918,1.0,0.0070422534,1.0,,,1.0
18719,24.016008,1.0,0.008230452,1.0,,,1.0
18720,2.8927066,1.0,0.0,1.0,,,1.0
18721,32.561844,1.0,0.007168459,1.0,,,1.0
18722,80.49888,1.0,0.005063291,1.0,,,1.0
18723,41.30865,1.0,0.006116208,1.0,,,1.0
18724,8.255786,1.0,0.008403362,1.0,,,1.0
18725,30.067924,1.0,0.0,1.0,,,1.0
18726,57.09135,1.0,0.012121212,1.0,,,1.0
18727,0.8239106,1.0,0.0,1.0,,,1.0
18728,40.589947,1.0,0.004132231,1.0,,,1.0
18729,56.376305,1.0,0.0019379845,1.0,,,1.0
18730,12.825125,1.0,0.011976048,1.0,,,1.0
18731,25.829971,1.0,0.006451613,1.0,,,1.0
18732,92.882454,1.0,0.0057971017,1.0,,,1.0
18733,77.30586,1.0,0.009478673,1.0,,,1.0
18734,39.850513,1.0,0.011764706,1.0,,,1.0
18735,115.54238,1.0,0.004048583,1.0,,,1.0
18736,81.40033,1.0,0.003076923,1.0,,,1.0
18737,10.189563,1.0,0.0,1.0,,,1.0
18738,24.504705,1.0,0.032258064,1.0,,,1.0
18739,96.54093,1.0,0.003921569,1.0,,,1.0
18740,6.102046,1.0,0.0,1.0,,,1.0
18741,21.909512,1.0,0.016949153,1.0,,,1.0
18742,31.527805,1.0,0.0033112583,1.0,,,1.0
18743,36.565575,1.0,0.011764706,1.0,,,1.0
18744,73.267296,1.0,0.025,1.0,,,1.0
18745,80.49888,1.0,0.005221932,1.0,,,1.0
18746,0.9179031,1.0,0.0,1.0,,,1.0
18747,35.85142,1.0,0.0,1.0,,,1.0
18748,30.157398,1.0,0.020408163,1.0,,,1.0
18749,44.186485,1.0,0.0,1.0,,,1.0
18750,40.15603,1.0,0.01010101,1.0,,,1.0
18751,13.620841,1.0,0.004830918,1.0,,,1.0
18752,44.306957,1.0,0.01010101,1.0,,,1.0
18753,25.225454,1.0,0.015503876,1.0,,,1.0
18754,8.235971,1.0,0.0027855153,1.0,,,1.0
18755,19.170162,1.0,0.004640371,1.0,,,1.0
18756,18.076748,1.0,0.00625,1.0,,,1.0
18757,61.164234,1.0,0.0,1.0,,,1.0
18758,6.8070326,1.0,0.0,1.0,,,1.0
18759,33.391533,1.0,0.0,1.0,,,1.0
18760,37.789955,1.0,0.006557377,1.0,,,1.0
18761,55.00309,1.0,0.0,1.0,,,1.0
18762,16.824463,1.0,0.024390243,1.0,,,1.0
18763,51.332123,1.0,0.007662835,1.0,,,1.0
18764,20.71445,1.0,0.005263158,1.0,,,1.0
18765,13.854166,1.0,0.010526316,1.0,,,1.0
18766,56.13945,1.0,0.0,1.0,,,1.0
18767,22.060228,1.0,0.032786883,1.0,,,1.0
18768,99.924126,1.0,0.008064516,1.0,,,1.0
18769,65.94888,1.0,0.0054347827,1.0,,,1.0
18770,4.320789,1.0,0.00952381,1.0,,,1.0
18771,14.592158,1.0,0.0056818184,1.0,,,1.0
18772,38.98328,1.0,0.027027028,1.0,,,1.0
18773,19.968933,1.0,0.02631579,1.0,,,1.0
18774,9.197278,1.0,0.0,1.0,,,1.0
18775,17.851648,1.0,0.0,1.0,,,1.0
18776,10.483236,1.0,0.003984064,1.0,,,1.0
18777,16.83459,1.0,0.00729927,1.0,,,1.0
18778,27.398245,1.0,0.0,1.0,,,1.0
18779,8.708469,1.0,0.004784689,1.0,,,1.0
18780,11.95074,1.0,0.014705882,1.0,,,1.0
18781,22.30381,1.0,0.019607844,1.0,,,1.0
18782,9.195616,1.0,0.0,1.0,,,1.0
18783,1.3087301,1.0,0.0020283975,1.0,,,1.0
18784,69.323784,1.0,0.01369863,1.0,,,1.0
18785,73.267296,1.0,0.011494253,1.0,,,1.0
18786,58.676807,1.0,0.011363637,1.0,,,1.0
18787,13.177577,1.0,0.0,1.0,,,1.0
18788,48.210796,1.0,0.01754386,1.0,,,1.0
18789,14.703046,1.0,0.003921569,1.0,,,1.0
18790,49.064255,1.0,0.017857144,1.0,,,1.0
18791,33.197285,1.0,0.008032128,1.0,,,1.0
18792,13.366613,1.0,0.0066225166,1.0,,,1.0
18793,17.45658,1.0,0.0,1.0,,,1.0
18794,56.02844,1.0,0.0,1.0,,,1.0
18795,20.125309,1.0,0.0017331023,1.0,,,1.0
18796,30.068943,1.0,0.0064102565,1.0,,,1.0
18797,49.489002,1.0,0.0027247956,1.0,,,1.0
18798,21.765255,1.0,0.0,1.0,,,1.0
18799,46.634182,1.0,0.018691588,1.0,,,1.0
18800,98.70822,1.0,0.02173913,1.0,,,1.0
18801,22.211855,1.0,0.0057471264,1.0,,,1.0
18802,40.257923,1.0,0.003875969,1.0,,,1.0
18803,8.910841,1.0,0.0062111802,1.0,,,1.0
18804,43.934277,1.0,0.0028735632,1.0,,,1.0
18805,84.767075,1.0,0.008196721,1.0,,,1.0
18806,10.031765,1.0,0.0032894737,1.0,,,1.0
18807,54.60893,1.0,0.007633588,1.0,,,1.0
18808,24.27063,1.0,0.0,1.0,,,1.0
18809,29.207186,1.0,0.014492754,1.0,,,1.0
18810,77.22009,1.0,0.0039525693,1.0,,,1.0
18811,21.78978,1.0,0.012987013,1.0,,,1.0
18812,37.615612,1.0,0.013513514,1.0,,,1.0
18813,72.048134,1.0,0.0045871558,1.0,,,1.0
18814,37.243046,1.0,0.013422819,1.0,,,1.0
18815,29.537066,1.0,0.0,1.0,,,1.0
18816,29.944487,1.0,0.0124223605,1.0,,,1.0
18817,21.133913,1.0,0.0,1.0,,,1.0
18818,25.788816,1.0,0.0,1.0,,,1.0
18819,8.65001,1.0,0.0,1.0,,,1.0
18820,79.26367,1.0,0.010152284,1.0,,,1.0
18821,23.733425,1.0,0.037037037,1.0,,,1.0
18822,16.201483,1.0,0.015151516,1.0,,,1.0
18823,19.640997,1.0,0.0,1.0,,,1.0
18824,8.498866,1.0,0.0,1.0,,,1.0
18825,37.080826,1.0,0.0,1.0,,,1.0
18826,26.661173,1.0,0.0044444446,1.0,,,1.0
18827,27.398245,1.0,0.0,1.0,,,1.0
18828,75.32171,1.0,0.0061728396,1.0,,,1.0
18829,51.628166,1.0,0.012903226,1.0,,,1.0
18830,49.97481,1.0,0.0036363637,1.0,,,1.0
18831,36.766438,1.0,0.0015797789,1.0,,,1.0
18832,15.050165,1.0,0.014705882,1.0,,,1.0
18833,94.0619,1.0,0.010256411,1.0,,,1.0
18834,62.506805,1.0,0.0,1.0,,,1.0
18835,24.016485,1.0,0.0,1.0,,,1.0
18836,70.53568,1.0,0.011627907,1.0,,,1.0
18837,37.68468,1.0,0.01183432,1.0,,,1.0
18838,63.4572,1.0,0.024096385,1.0,,,1.0
18839,22.060228,1.0,0.0088495575,1.0,,,1.0
18840,8.596173,1.0,0.0,1.0,,,1.0
18841,56.591736,1.0,0.010309278,1.0,,,1.0
18842,115.54238,1.0,0.006756757,1.0,,,1.0
18843,7.2088675,1.0,0.0,1.0,,,1.0
18844,46.561718,1.0,0.0125,1.0,,,1.0
18845,69.73952,1.0,0.011976048,1.0,,,1.0
18846,14.09412,1.0,0.007490637,1.0,,,1.0
18847,6.2062025,1.0,0.04,1.0,,,1.0
18848,38.836533,1.0,0.019417476,1.0,,,1.0
18849,7.123525,1.0,0.0,1.0,,,1.0
18850,51.34904,1.0,0.02631579,1.0,,,1.0
18851,51.705837,1.0,0.008510638,1.0,,,1.0
18852,56.85838,1.0,0.0,1.0,,,1.0
18853,10.282589,1.0,0.010752688,1.0,,,1.0
18854,59.60921,1.0,0.006042296,1.0,,,1.0
18855,54.970505,1.0,0.0038910506,1.0,,,1.0
18856,7.107679,1.0,0.0,1.0,,,1.0
18857,12.426409,1.0,0.00990099,1.0,,,1.0
18858,8.366706,1.0,0.0,1.0,,,1.0
18859,42.433804,1.0,0.009345794,1.0,,,1.0
18860,34.591675,1.0,0.014705882,1.0,,,1.0
18861,29.478361,1.0,0.0027777778,1.0,,,1.0
18862,64.99272,1.0,0.0,1.0,,,1.0
18863,62.159447,1.0,0.015748031,1.0,,,1.0
18864,75.65525,1.0,0.023529412,1.0,,,1.0
18865,9.371926,1.0,0.0,1.0,,,1.0
18866,51.877476,1.0,0.003773585,1.0,,,1.0
18867,37.10791,1.0,0.011627907,1.0,,,1.0
18868,41.939907,1.0,0.006329114,1.0,,,1.0
18869,29.832024,1.0,0.0,1.0,,,1.0
18870,57.555965,1.0,0.0058139535,1.0,,,1.0
18871,17.474966,1.0,0.012269938,1.0,,,1.0
18872,38.605515,1.0,0.008264462,1.0,,,1.0
18873,18.223118,1.0,0.04347826,1.0,,,1.0
18874,75.79938,1.0,0.0060790274,1.0,,,1.0
18875,33.95981,1.0,0.008333334,1.0,,,1.0
18876,69.375046,1.0,0.00754717,1.0,,,1.0
18877,23.523422,1.0,0.0,1.0,,,1.0
18878,38.281216,1.0,0.0044444446,1.0,,,1.0
18879,55.29369,1.0,0.008130081,1.0,,,1.0
18880,66.482666,1.0,0.0032051282,1.0,,,1.0
18881,45.692894,1.0,0.0038387715,1.0,,,1.0
18882,7.782147,1.0,0.016,1.0,,,1.0
18883,55.3534,1.0,0.020833334,1.0,,,1.0
18884,23.818201,1.0,0.0,1.0,,,1.0
18885,23.054749,1.0,0.004576659,1.0,,,1.0
18886,12.294084,1.0,0.027027028,1.0,,,1.0
18887,98.14051,1.0,0.00390625,1.0,,,1.0
18888,81.40033,1.0,0.0091743115,1.0,,,1.0
18889,41.493618,1.0,0.0,1.0,,,1.0
18890,15.642115,1.0,0.0074074073,1.0,,,1.0
18891,42.433804,1.0,0.0,1.0,,,1.0
18892,40.98041,1.0,0.039215688,1.0,,,1.0
18893,61.175056,1.0,0.004282655,1.0,,,1.0
18894,29.944387,1.0,0.009615385,1.0,,,1.0
18895,50.154015,1.0,0.0,1.0,,,1.0
18896,3.5276558,1.0,0.003984064,1.0,,,1.0
18897,27.192417,1.0,0.021978023,1.0,,,1.0
18898,26.122358,1.0,0.0,1.0,,,1.0
18899,30.726236,1.0,0.0,1.0,,,1.0
18900,40.982872,1.0,0.0018975332,1.0,,,1.0
18901,54.375217,1.0,0.008928572,1.0,,,1.0
18902,79.2343,1.0,0.008547009,1.0,,,1.0
18903,32.148567,1.0,0.004672897,1.0,,,1.0
18904,18.651497,1.0,0.0,1.0,,,1.0
18905,14.3829975,1.0,0.0,1.0,,,1.0
18906,4.219512,1.0,0.0033898305,1.0,,,1.0
18907,18.867495,1.0,0.0,1.0,,,1.0
18908,4.1233807,1.0,0.0,1.0,,,1.0
18909,26.906616,1.0,0.0054644807,1.0,,,1.0
18910,33.35456,1.0,0.0,1.0,,,1.0
18911,21.373446,1.0,0.00729927,1.0,,,1.0
18912,65.0937,1.0,0.0038022813,1.0,,,1.0
18913,30.702269,1.0,0.008547009,1.0,,,1.0
18914,25.91251,1.0,0.0,1.0,,,1.0
18915,39.850513,1.0,0.004524887,1.0,,,1.0
18916,18.0773,1.0,0.014492754,1.0,,,1.0
18917,16.058558,1.0,0.0,1.0,,,1.0
18918,39.850513,1.0,0.0,1.0,,,1.0
18919,66.482666,1.0,0.016528925,1.0,,,1.0
18920,57.10216,1.0,0.0,1.0,,,1.0
18921,52.905174,1.0,0.0065789474,1.0,,,1.0
18922,8.709013,1.0,0.018867925,1.0,,,1.0
18923,25.076338,1.0,0.0,1.0,,,1.0
18924,25.127378,1.0,0.0,1.0,,,1.0
18925,21.015255,1.0,0.006329114,1.0,,,1.0
18926,89.88506,1.0,0.0034542314,1.0,,,1.0
18927,31.442572,1.0,0.008695652,1.0,,,1.0
18928,31.563461,1.0,0.0052083335,1.0,,,1.0
18929,34.368298,1.0,0.0047393367,1.0,,,1.0
18930,0.9056803,1.0,0.0,1.0,,,1.0
18931,73.42956,1.0,0.0034965035,1.0,,,1.0
18932,12.918375,1.0,0.0051282053,1.0,,,1.0
18933,27.44689,1.0,0.00390625,1.0,,,1.0
18934,38.739883,1.0,0.0038535646,1.0,,,1.0
18935,31.391384,1.0,0.03846154,1.0,,,1.0
18936,25.32306,1.0,0.0,1.0,,,1.0
18937,7.454945,1.0,0.0038610038,1.0,,,1.0
18938,81.40033,1.0,0.014084507,1.0,,,1.0
18939,25.222961,1.0,0.005988024,1.0,,,1.0
18940,102.05991,1.0,0.0034364262,1.0,,,1.0
18941,20.090929,1.0,0.017857144,1.0,,,1.0
18942,80.59756,1.0,0.006779661,1.0,,,1.0
18943,48.02623,1.0,0.0,1.0,,,1.0
18944,13.345075,1.0,0.012578616,1.0,,,1.0
18945,8.621121,1.0,0.0054054055,1.0,,,1.0
18946,81.40033,1.0,0.0054945056,1.0,,,1.0
18947,44.186485,1.0,0.023529412,1.0,,,1.0
18948,40.680386,1.0,0.0,1.0,,,1.0
18949,47.31656,1.0,0.005076142,1.0,,,1.0
18950,51.636326,1.0,0.0034602077,1.0,,,1.0
18951,7.214145,1.0,0.014184397,1.0,,,1.0
18952,17.77052,1.0,0.008130081,1.0,,,1.0
18953,17.76012,1.0,0.0054054055,1.0,,,1.0
18954,26.936724,1.0,0.0125,1.0,,,1.0
18955,26.589474,1.0,0.021276595,1.0,,,1.0
18956,25.445288,1.0,0.02631579,1.0,,,1.0
18957,32.73865,1.0,0.0,1.0,,,1.0
18958,49.00136,1.0,0.004784689,1.0,,,1.0
18959,44.83272,1.0,0.007905139,1.0,,,1.0
18960,28.392302,1.0,0.0078125,1.0,,,1.0
18961,8.806855,1.0,0.022222223,1.0,,,1.0
18962,56.20208,1.0,0.014492754,1.0,,,1.0
18963,17.060587,1.0,0.016949153,1.0,,,1.0
18964,31.183592,1.0,0.0625,1.0,,,1.0
18965,56.447887,1.0,0.0,1.0,,,1.0
18966,25.177465,1.0,0.0,1.0,,,1.0
18967,14.505625,1.0,0.0049261083,1.0,,,1.0
18968,44.094337,1.0,0.0,1.0,,,1.0
18969,25.443016,1.0,0.008928572,1.0,,,1.0
18970,11.04254,1.0,0.019607844,1.0,,,1.0
18971,67.39132,1.0,0.010752688,1.0,,,1.0
18972,35.421356,1.0,0.0043668123,1.0,,,1.0
18973,79.481445,1.0,0.0056980057,1.0,,,1.0
18974,40.240288,1.0,0.017857144,1.0,,,1.0
18975,13.551765,1.0,0.012987013,1.0,,,1.0
18976,81.40033,1.0,0.015384615,1.0,,,1.0
18977,115.54238,1.0,0.016393442,1.0,,,1.0
18978,13.012477,1.0,0.004464286,1.0,,,1.0
18979,66.90731,1.0,0.0044444446,1.0,,,1.0
18980,54.78728,1.0,0.008032128,1.0,,,1.0
18981,7.6232038,1.0,0.0057142857,1.0,,,1.0
18982,41.83559,1.0,0.006535948,1.0,,,1.0
18983,9.789427,1.0,0.013245033,1.0,,,1.0
18984,33.841957,1.0,0.004385965,1.0,,,1.0
18985,3.6799703,1.0,0.0,1.0,,,1.0
18986,21.77913,1.0,0.0039138943,1.0,,,1.0
18987,16.084032,1.0,0.012987013,1.0,,,1.0
18988,21.251211,1.0,0.004255319,1.0,,,1.0
18989,15.433346,1.0,0.006802721,1.0,,,1.0
18990,43.52566,1.0,0.014285714,1.0,,,1.0
18991,38.96952,1.0,0.012738854,1.0,,,1.0
18992,32.648952,1.0,0.0,1.0,,,1.0
18993,58.550465,1.0,0.0019047619,1.0,,,1.0
18994,94.55113,1.0,0.008264462,1.0,,,1.0
18995,69.440056,1.0,0.00456621,1.0,,,1.0
18996,28.149693,1.0,0.0125,1.0,,,1.0
18997,32.06525,1.0,0.018348623,1.0,,,1.0
18998,50.100582,1.0,0.004651163,1.0,,,1.0
18999,12.699268,1.0,0.015384615,1.0,,,1.0
19000,50.445942,1.0,0.0,1.0,,,1.0
19001,17.76012,1.0,0.009615385,1.0,,,1.0
19002,29.348307,1.0,0.0,1.0,,,1.0
19003,14.083892,1.0,0.006153846,1.0,,,1.0
19004,14.433712,1.0,0.023255814,1.0,,,1.0
19005,72.68554,1.0,0.010416667,1.0,,,1.0
19006,15.972096,1.0,0.01923077,1.0,,,1.0
19007,48.93671,1.0,0.006644518,1.0,,,1.0
19008,15.328496,1.0,0.0,1.0,,,1.0
19009,20.907137,1.0,0.0,1.0,,,1.0
19010,30.785923,1.0,0.0,1.0,,,1.0
19011,57.07793,1.0,0.0,1.0,,,1.0
19012,17.45658,1.0,0.0063091484,1.0,,,1.0
19013,51.705837,1.0,0.018348623,1.0,,,1.0
19014,4.5843477,1.0,0.0,1.0,,,1.0
19015,9.351691,1.0,0.012048192,1.0,,,1.0
19016,41.542747,1.0,0.004115226,1.0,,,1.0
19017,21.087172,1.0,0.011764706,1.0,,,1.0
19018,48.93671,1.0,0.0,1.0,,,1.0
19019,5.4896626,1.0,0.016949153,1.0,,,1.0
19020,16.851448,1.0,0.0,1.0,,,1.0
19021,21.146269,1.0,0.0017452007,1.0,,,1.0
19022,21.353092,1.0,0.0,1.0,,,1.0
19023,6.5886116,1.0,0.0,1.0,,,1.0
19024,56.72165,1.0,0.00913242,1.0,,,1.0
19025,23.168713,1.0,0.012345679,1.0,,,1.0
19026,29.944387,1.0,0.005586592,1.0,,,1.0
19027,20.667814,1.0,0.012903226,1.0,,,1.0
19028,60.70733,1.0,0.0,1.0,,,1.0
19029,25.412148,1.0,0.00990099,1.0,,,1.0
19030,24.143202,1.0,0.0,1.0,,,1.0
19031,11.274718,1.0,0.0,1.0,,,1.0
19032,11.425827,1.0,0.009259259,1.0,,,1.0
19033,29.606997,1.0,0.0,1.0,,,1.0
19034,66.482666,1.0,0.010416667,1.0,,,1.0
19035,23.667639,1.0,0.007194245,1.0,,,1.0
19036,58.31122,1.0,0.006289308,1.0,,,1.0
19037,33.038593,1.0,0.0051020407,1.0,,,1.0
19038,31.694244,1.0,0.0,1.0,,,1.0
19039,3.573567,1.0,0.0,1.0,,,1.0
19040,63.177364,1.0,0.012048192,1.0,,,1.0
19041,71.64439,1.0,0.013793103,1.0,,,1.0
19042,109.3226,1.0,0.0042283298,1.0,,,1.0
19043,7.356774,1.0,0.025641026,1.0,,,1.0
19044,9.529341,1.0,0.0,1.0,,,1.0
19045,6.828002,1.0,0.018867925,1.0,,,1.0
19046,15.472821,1.0,0.0,1.0,,,1.0
19047,24.27063,1.0,0.0049261083,1.0,,,1.0
19048,20.923363,1.0,0.0061919503,1.0,,,1.0
19049,33.804516,1.0,0.0,1.0,,,1.0
19050,8.397615,1.0,0.0,1.0,,,1.0
19051,40.68799,1.0,0.0,1.0,,,1.0
19052,49.789387,1.0,0.0056179776,1.0,,,1.0
19053,20.090929,1.0,0.012820513,1.0,,,1.0
19054,12.935847,1.0,0.030303031,1.0,,,1.0
19055,69.13106,1.0,0.0053333333,1.0,,,1.0
19056,16.951982,1.0,0.0042918455,1.0,,,1.0
19057,30.705864,1.0,0.0,1.0,,,1.0
19058,105.24458,1.0,0.0040241447,1.0,,,1.0
19059,98.70822,1.0,0.01754386,1.0,,,1.0
19060,15.525259,1.0,0.025641026,1.0,,,1.0
19061,100.17136,1.0,0.0055710305,1.0,,,1.0
19062,63.4572,1.0,0.0072727273,1.0,,,1.0
19063,42.2408,1.0,0.0074074073,1.0,,,1.0
19064,11.382668,1.0,0.0,1.0,,,1.0
19065,26.411087,1.0,0.0,1.0,,,1.0
19066,117.691864,1.0,0.008510638,1.0,,,1.0
19067,27.946663,1.0,0.010416667,1.0,,,1.0
19068,38.487034,1.0,0.0065789474,1.0,,,1.0
19069,48.833973,1.0,0.020408163,1.0,,,1.0
19070,63.311985,1.0,0.007380074,1.0,,,1.0
19071,21.059755,1.0,0.039215688,1.0,,,1.0
19072,30.431122,1.0,0.005319149,1.0,,,1.0
19073,32.14655,1.0,0.0060975607,1.0,,,1.0
19074,39.64233,1.0,0.0028409092,1.0,,,1.0
19075,23.450548,1.0,0.004255319,1.0,,,1.0
19076,5.3147993,1.0,0.007662835,1.0,,,1.0
19077,37.22533,1.0,0.0,1.0,,,1.0
19078,62.705486,1.0,0.0121951215,1.0,,,1.0
19079,32.973198,1.0,0.0,1.0,,,1.0
19080,51.743202,1.0,0.014492754,1.0,,,1.0
19081,66.481125,1.0,0.0061728396,1.0,,,1.0
19082,115.54238,1.0,0.0044345898,1.0,,,1.0
19083,42.751625,1.0,0.0044444446,1.0,,,1.0
19084,30.149088,1.0,0.01754386,1.0,,,1.0
19085,7.616522,1.0,0.03448276,1.0,,,1.0
19086,42.305992,1.0,0.008230452,1.0,,,1.0
19087,46.32421,1.0,0.0,1.0,,,1.0
19088,27.49867,1.0,0.006756757,1.0,,,1.0
19089,9.610887,1.0,0.0,1.0,,,1.0
19090,28.392302,1.0,0.01754386,1.0,,,1.0
19091,77.059265,1.0,0.017094018,1.0,,,1.0
19092,66.69815,1.0,0.0033670033,1.0,,,1.0
19093,7.977949,1.0,0.012820513,1.0,,,1.0
19094,69.440056,1.0,0.0066006603,1.0,,,1.0
19095,8.016957,1.0,0.01459854,1.0,,,1.0
19096,17.654335,1.0,0.007518797,1.0,,,1.0
19097,30.802313,1.0,0.016393442,1.0,,,1.0
19098,85.70176,1.0,0.0054054055,1.0,,,1.0
19099,71.00416,1.0,0.0045351475,1.0,,,1.0
19100,89.88506,1.0,0.019607844,1.0,,,1.0
19101,29.616846,1.0,0.018181818,1.0,,,1.0
19102,78.61112,1.0,0.011627907,1.0,,,1.0
19103,108.342125,1.0,0.0042735045,1.0,,,1.0
19104,22.441177,1.0,0.0,1.0,,,1.0
19105,46.28599,1.0,0.011764706,1.0,,,1.0
19106,23.560694,1.0,0.008064516,1.0,,,1.0
19107,37.873116,1.0,0.013245033,1.0,,,1.0
19108,8.770361,1.0,0.01754386,1.0,,,1.0
19109,10.120346,1.0,0.0049751243,1.0,,,1.0
19110,35.731823,1.0,0.001459854,1.0,,,1.0
19111,16.268894,1.0,0.0037593986,1.0,,,1.0
19112,72.75066,1.0,0.035714287,1.0,,,1.0
19113,73.267296,1.0,0.004149378,1.0,,,1.0
19114,11.835332,1.0,0.0078125,1.0,,,1.0
19115,7.440184,1.0,0.02247191,1.0,,,1.0
19116,54.494526,1.0,0.008474576,1.0,,,1.0
19117,29.832024,1.0,0.005524862,1.0,,,1.0
19118,37.984512,1.0,0.0,1.0,,,1.0
19119,78.11516,1.0,0.016528925,1.0,,,1.0
19120,34.06485,1.0,0.003787879,1.0,,,1.0
19121,24.699356,1.0,0.0,1.0,,,1.0
19122,24.06789,1.0,0.012658228,1.0,,,1.0
19123,62.3884,1.0,0.006451613,1.0,,,1.0
19124,29.528275,1.0,0.013513514,1.0,,,1.0
19125,38.739883,1.0,0.0038910506,1.0,,,1.0
19126,7.986339,1.0,0.0,1.0,,,1.0
19127,14.603435,1.0,0.0,1.0,,,1.0
19128,31.90026,1.0,0.006134969,1.0,,,1.0
19129,14.378158,1.0,0.0,1.0,,,1.0
19130,84.1685,1.0,0.035714287,1.0,,,1.0
19131,75.53186,1.0,0.0020618557,1.0,,,1.0
19132,78.46972,1.0,0.01459854,1.0,,,1.0
19133,40.818283,1.0,0.007142857,1.0,,,1.0
19134,22.45595,1.0,0.008547009,1.0,,,1.0
19135,44.55214,1.0,0.0078125,1.0,,,1.0
19136,18.582874,1.0,0.009433962,1.0,,,1.0
19137,11.450143,1.0,0.0,1.0,,,1.0
19138,57.42195,1.0,0.0,1.0,,,1.0
19139,11.980225,1.0,0.01724138,1.0,,,1.0
19140,39.310253,1.0,0.04255319,1.0,,,1.0
19141,21.840466,1.0,0.0,1.0,,,1.0
19142,15.9191,1.0,0.017094018,1.0,,,1.0
19143,105.86188,1.0,0.0052083335,1.0,,,1.0
19144,24.051332,1.0,0.009009009,1.0,,,1.0
19145,89.88506,1.0,0.004016064,1.0,,,1.0
19146,9.147334,1.0,0.021505376,1.0,,,1.0
19147,31.183592,1.0,0.0049261083,1.0,,,1.0
19148,11.376244,1.0,0.004016064,1.0,,,1.0
19149,47.376976,1.0,0.009433962,1.0,,,1.0
19150,12.777648,1.0,0.0017152659,1.0,,,1.0
19151,17.614965,1.0,0.0,1.0,,,1.0
19152,17.008892,1.0,0.001270648,1.0,,,1.0
19153,5.2473593,1.0,0.06666667,1.0,,,1.0
19154,26.53885,1.0,0.014285714,1.0,,,1.0
19155,6.9333034,1.0,0.0,1.0,,,1.0
19156,112.21493,1.0,0.014084507,1.0,,,1.0
19157,21.765255,1.0,0.0054945056,1.0,,,1.0
19158,32.322285,1.0,0.0033444816,1.0,,,1.0
19159,26.427929,1.0,0.006802721,1.0,,,1.0
19160,33.63226,1.0,0.010050251,1.0,,,1.0
19161,71.00416,1.0,0.00729927,1.0,,,1.0
19162,76.71228,1.0,0.012903226,1.0,,,1.0
19163,70.53568,1.0,0.004784689,1.0,,,1.0
19164,40.680386,1.0,0.0032258064,1.0,,,1.0
19165,40.109795,1.0,0.0030395137,1.0,,,1.0
19166,36.229965,1.0,0.003921569,1.0,,,1.0
19167,72.75066,1.0,0.0,1.0,,,1.0
19168,56.98617,1.0,0.013513514,1.0,,,1.0
19169,18.044977,1.0,0.0,1.0,,,1.0
19170,16.129063,1.0,0.0,1.0,,,1.0
19171,15.433346,1.0,0.011764706,1.0,,,1.0
19172,41.469353,1.0,0.0,1.0,,,1.0
19173,29.293152,1.0,0.014084507,1.0,,,1.0
19174,60.91268,1.0,0.0,1.0,,,1.0
19175,20.348982,1.0,0.0,1.0,,,1.0
19176,47.056965,1.0,0.013513514,1.0,,,1.0
19177,115.54238,1.0,0.006666667,1.0,,,1.0
19178,24.882086,1.0,0.0,1.0,,,1.0
19179,32.148567,1.0,0.0031847134,1.0,,,1.0
19180,43.67976,1.0,0.007142857,1.0,,,1.0
19181,11.7739,1.0,0.0,1.0,,,1.0
19182,35.419224,1.0,0.006024096,1.0,,,1.0
19183,33.91107,1.0,0.0,1.0,,,1.0
19184,51.501766,1.0,0.008547009,1.0,,,1.0
19185,109.534454,1.0,0.0045454544,1.0,,,1.0
19186,8.726288,1.0,0.0,1.0,,,1.0
19187,31.98157,1.0,0.0,1.0,,,1.0
19188,33.05386,1.0,0.04347826,1.0,,,1.0
19189,31.992453,1.0,0.048780486,1.0,,,1.0
19190,1.4233406,1.0,0.0,1.0,,,1.0
19191,68.33606,1.0,0.008,1.0,,,1.0
19192,59.907425,1.0,0.007246377,1.0,,,1.0
19193,22.662592,1.0,0.0,1.0,,,1.0
19194,22.852303,1.0,0.0,1.0,,,1.0
19195,62.188293,1.0,0.0044444446,1.0,,,1.0
19196,17.264677,1.0,0.011049724,1.0,,,1.0
19197,37.1636,1.0,0.007194245,1.0,,,1.0
19198,47.253952,1.0,0.0,1.0,,,1.0
19199,19.47356,1.0,0.0,1.0,,,1.0
19200,81.40033,1.0,0.020833334,1.0,,,1.0
19201,39.065548,1.0,0.0,1.0,,,1.0
19202,39.3626,1.0,0.0,1.0,,,1.0
19203,43.869236,1.0,0.0066006603,1.0,,,1.0
19204,45.181282,1.0,0.004484305,1.0,,,1.0
19205,56.72165,1.0,0.013245033,1.0,,,1.0
19206,36.74984,1.0,0.021978023,1.0,,,1.0
19207,10.011621,1.0,0.0,1.0,,,1.0
19208,99.924126,1.0,0.0121951215,1.0,,,1.0
19209,16.7215,1.0,0.0,1.0,,,1.0
19210,80.30114,1.0,0.0076923077,1.0,,,1.0
19211,26.10566,1.0,0.0,1.0,,,1.0
19212,25.829971,1.0,0.016,1.0,,,1.0
19213,20.823248,1.0,0.013605442,1.0,,,1.0
19214,26.361643,1.0,0.0,1.0,,,1.0
19215,17.005579,1.0,0.0022271716,1.0,,,1.0
19216,8.350828,1.0,0.0,1.0,,,1.0
19217,14.592158,1.0,0.00591716,1.0,,,1.0
19218,100.17136,1.0,0.012345679,1.0,,,1.0
19219,3.3529599,1.0,0.010752688,1.0,,,1.0
19220,125.9227,1.0,0.007874016,1.0,,,1.0
19221,51.034954,1.0,0.013513514,1.0,,,1.0
19222,27.416014,1.0,0.011627907,1.0,,,1.0
19223,12.7195215,1.0,0.0,1.0,,,1.0
19224,37.243046,1.0,0.0074074073,1.0,,,1.0
19225,21.77913,1.0,0.0039138943,1.0,,,1.0
19226,27.44689,1.0,0.0036630037,1.0,,,1.0
19227,14.431294,1.0,0.0065789474,1.0,,,1.0
19228,31.898031,1.0,0.008264462,1.0,,,1.0
19229,47.376976,1.0,0.0,1.0,,,1.0
19230,29.806673,1.0,0.0,1.0,,,1.0
19231,21.9352,1.0,0.010471204,1.0,,,1.0
19232,96.54093,1.0,0.004255319,1.0,,,1.0
19233,34.523567,1.0,0.0037313432,1.0,,,1.0
19234,88.20392,1.0,0.005076142,1.0,,,1.0
19235,42.726074,1.0,0.005524862,1.0,,,1.0
19236,34.392437,1.0,0.011494253,1.0,,,1.0
19237,6.987042,1.0,0.0,1.0,,,1.0
19238,32.283226,1.0,0.005524862,1.0,,,1.0
19239,17.887897,1.0,0.004854369,1.0,,,1.0
19240,44.905537,1.0,0.0,1.0,,,1.0
19241,1.7574688,1.0,0.0,1.0,,,1.0
19242,87.37963,1.0,0.009661836,1.0,,,1.0
19243,23.441055,1.0,0.0040816325,1.0,,,1.0
19244,29.052896,1.0,0.010309278,1.0,,,1.0
19245,53.168434,1.0,0.004282655,1.0,,,1.0
19246,73.57952,1.0,0.007751938,1.0,,,1.0
19247,37.615612,1.0,0.025974026,1.0,,,1.0
19248,25.27463,1.0,0.0,1.0,,,1.0
19249,22.211855,1.0,0.004158004,1.0,,,1.0
19250,24.755785,1.0,0.006060606,1.0,,,1.0
19251,38.741913,1.0,0.0078125,1.0,,,1.0
19252,31.961271,1.0,0.0088495575,1.0,,,1.0
19253,44.209,1.0,0.006557377,1.0,,,1.0
19254,32.000538,1.0,0.004405286,1.0,,,1.0
19255,78.47665,1.0,0.0012062726,1.0,,,1.0
19256,37.24939,1.0,0.0,1.0,,,1.0
19257,4.1602416,1.0,0.0,1.0,,,1.0
19258,56.356277,1.0,0.019607844,1.0,,,1.0
19259,64.85589,1.0,0.004338395,1.0,,,1.0
19260,56.22824,1.0,0.033898305,1.0,,,1.0
19261,59.80664,1.0,0.027027028,1.0,,,1.0
19262,44.19484,1.0,0.0,1.0,,,1.0
19263,64.32761,1.0,0.006849315,1.0,,,1.0
19264,56.72165,1.0,0.006535948,1.0,,,1.0
19265,15.31476,1.0,0.0,1.0,,,1.0
19266,34.966843,1.0,0.0,1.0,,,1.0
19267,59.80664,1.0,0.0,1.0,,,1.0
19268,15.577655,1.0,0.0,1.0,,,1.0
19269,37.1636,1.0,0.010752688,1.0,,,1.0
19270,51.792812,1.0,0.011627907,1.0,,,1.0
19271,23.154726,1.0,0.0,1.0,,,1.0
19272,36.211853,1.0,0.0064935065,1.0,,,1.0
19273,106.4167,1.0,0.010362694,1.0,,,1.0
19274,50.562813,1.0,0.008438818,1.0,,,1.0
19275,12.99733,1.0,0.0049751243,1.0,,,1.0
19276,19.56064,1.0,0.004878049,1.0,,,1.0
19277,44.186485,1.0,0.007352941,1.0,,,1.0
19278,14.319442,1.0,0.006849315,1.0,,,1.0
19279,21.180332,1.0,0.010309278,1.0,,,1.0
19280,11.55931,1.0,0.0,1.0,,,1.0
19281,20.080896,1.0,0.004672897,1.0,,,1.0
19282,64.32761,1.0,0.021978023,1.0,,,1.0
19283,24.016008,1.0,0.004784689,1.0,,,1.0
19284,78.61112,1.0,0.0056179776,1.0,,,1.0
19285,99.924126,1.0,0.015873017,1.0,,,1.0
19286,71.0438,1.0,0.014285714,1.0,,,1.0
19287,7.6232004,1.0,0.03508772,1.0,,,1.0
19288,35.866894,1.0,0.0071174377,1.0,,,1.0
19289,15.311348,1.0,0.0,1.0,,,1.0
19290,50.381348,1.0,0.014925373,1.0,,,1.0
19291,26.987051,1.0,0.0,1.0,,,1.0
19292,17.424686,1.0,0.0,1.0,,,1.0
19293,86.611275,1.0,0.006472492,1.0,,,1.0
19294,20.673845,1.0,0.004032258,1.0,,,1.0
19295,37.1636,1.0,0.025641026,1.0,,,1.0
19296,38.96952,1.0,0.01724138,1.0,,,1.0
19297,8.601975,1.0,0.011299435,1.0,,,1.0
19298,47.224655,1.0,0.006756757,1.0,,,1.0
19299,23.065699,1.0,0.004672897,1.0,,,1.0
19300,66.482666,1.0,0.0038095238,1.0,,,1.0
19301,75.51869,1.0,0.011363637,1.0,,,1.0
19302,10.614885,1.0,0.006993007,1.0,,,1.0
19303,47.018696,1.0,0.01438849,1.0,,,1.0
19304,45.592983,1.0,0.009756098,1.0,,,1.0
19305,1.7031188,1.0,0.0,1.0,,,1.0
19306,36.191307,1.0,0.006644518,1.0,,,1.0
19307,54.076473,1.0,0.0,1.0,,,1.0
19308,29.011908,1.0,0.015151516,1.0,,,1.0
19309,9.618927,1.0,0.0,1.0,,,1.0
19310,108.2672,1.0,0.0056657223,1.0,,,1.0
19311,3.075062,1.0,0.0,1.0,,,1.0
19312,16.159159,1.0,0.012820513,1.0,,,1.0
19313,9.516846,1.0,0.0,1.0,,,1.0
19314,8.45845,1.0,0.071428575,1.0,,,1.0
19315,58.97087,1.0,0.0,1.0,,,1.0
19316,30.668852,1.0,0.0065789474,1.0,,,1.0
19317,23.85222,1.0,0.0,1.0,,,1.0
19318,38.53968,1.0,0.00990099,1.0,,,1.0
19319,17.172716,1.0,0.0,1.0,,,1.0
19320,8.803052,1.0,0.0,1.0,,,1.0
19321,8.04345,1.0,0.0,1.0,,,1.0
19322,77.30586,1.0,0.0,1.0,,,1.0
19323,34.591675,1.0,0.009478673,1.0,,,1.0
19324,29.388395,1.0,0.006329114,1.0,,,1.0
19325,59.106697,1.0,0.0043290043,1.0,,,1.0
19326,28.603367,1.0,0.0,1.0,,,1.0
19327,20.231709,1.0,0.0,1.0,,,1.0
19328,78.47665,1.0,0.018867925,1.0,,,1.0
19329,28.149693,1.0,0.015384615,1.0,,,1.0
19330,14.797875,1.0,0.0,1.0,,,1.0
19331,2.7631173,1.0,0.0,1.0,,,1.0
19332,23.777552,1.0,0.0,1.0,,,1.0
19333,25.355108,1.0,0.017857144,1.0,,,1.0
19334,13.806932,1.0,0.0,1.0,,,1.0
19335,38.739883,1.0,0.0038240917,1.0,,,1.0
19336,34.83241,1.0,0.010050251,1.0,,,1.0
19337,38.219822,1.0,0.006134969,1.0,,,1.0
19338,3.9497902,1.0,0.0,1.0,,,1.0
19339,3.652048,1.0,0.0,1.0,,,1.0
19340,37.615612,1.0,0.0,1.0,,,1.0
19341,50.381268,1.0,0.003921569,1.0,,,1.0
19342,10.758566,1.0,0.0,1.0,,,1.0
19343,2.8941739,1.0,0.0,1.0,,,1.0
19344,58.016228,1.0,0.0051020407,1.0,,,1.0
19345,41.740307,1.0,0.008097166,1.0,,,1.0
19346,42.800453,1.0,0.07692308,1.0,,,1.0
19347,73.267296,1.0,0.0037593986,1.0,,,1.0
19348,48.698395,1.0,0.0043956046,1.0,,,1.0
19349,15.376227,1.0,0.008,1.0,,,1.0
19350,6.3975325,1.0,0.0,1.0,,,1.0
19351,1.3951682,1.0,0.0,1.0,,,1.0
19352,46.681614,1.0,0.009259259,1.0,,,1.0
19353,31.793327,1.0,0.0,1.0,,,1.0
19354,17.991966,1.0,0.0,1.0,,,1.0
19355,30.223225,1.0,0.00456621,1.0,,,1.0
19356,25.127378,1.0,0.0,1.0,,,1.0
19357,86.02153,1.0,0.007017544,1.0,,,1.0
19358,32.865112,1.0,0.010256411,1.0,,,1.0
19359,102.05991,1.0,0.003717472,1.0,,,1.0
19360,8.369714,1.0,0.0,1.0,,,1.0
19361,3.1216736,1.0,0.0,1.0,,,1.0
19362,34.240128,1.0,0.0,1.0,,,1.0
19363,21.09312,1.0,0.0064102565,1.0,,,1.0
19364,28.556574,1.0,0.0072727273,1.0,,,1.0
19365,46.941566,1.0,0.02631579,1.0,,,1.0
19366,25.298908,1.0,0.006802721,1.0,,,1.0
19367,20.51376,1.0,0.013888889,1.0,,,1.0
19368,24.504705,1.0,0.0066006603,1.0,,,1.0
19369,56.005455,1.0,0.007067138,1.0,,,1.0
19370,25.355108,1.0,0.010869565,1.0,,,1.0
19371,10.313864,1.0,0.0,1.0,,,1.0
19372,27.19665,1.0,0.010204081,1.0,,,1.0
19373,55.522114,1.0,0.007751938,1.0,,,1.0
19374,30.398499,1.0,0.0,1.0,,,1.0
19375,48.237305,1.0,0.0,1.0,,,1.0
19376,100.17136,1.0,0.0,1.0,,,1.0
19377,72.048134,1.0,0.0,1.0,,,1.0
19378,35.419224,1.0,0.0036363637,1.0,,,1.0
19379,43.27725,1.0,0.016393442,1.0,,,1.0
19380,17.053886,1.0,0.0,1.0,,,1.0
19381,66.482666,1.0,0.005249344,1.0,,,1.0
19382,31.527805,1.0,0.0039525693,1.0,,,1.0
19383,34.06485,1.0,0.004201681,1.0,,,1.0
19384,11.078908,1.0,0.0,1.0,,,1.0
19385,55.443703,1.0,0.012345679,1.0,,,1.0
19386,66.76958,1.0,0.004830918,1.0,,,1.0
19387,23.432644,1.0,0.010416667,1.0,,,1.0
19388,26.494371,1.0,0.0,1.0,,,1.0
19389,65.544975,1.0,0.01980198,1.0,,,1.0
19390,39.496872,1.0,0.028571429,1.0,,,1.0
19391,21.930483,1.0,0.04761905,1.0,,,1.0
19392,50.94985,1.0,0.0,1.0,,,1.0
19393,2.6679688,1.0,0.006369427,1.0,,,1.0
19394,10.387223,1.0,0.025316456,1.0,,,1.0
19395,69.86706,1.0,0.004784689,1.0,,,1.0
19396,14.15976,1.0,0.008583691,1.0,,,1.0
19397,68.777306,1.0,0.0060975607,1.0,,,1.0
19398,52.401676,1.0,0.0018726592,1.0,,,1.0
19399,24.465464,1.0,0.01904762,1.0,,,1.0
19400,9.319388,1.0,0.0,1.0,,,1.0
19401,36.196194,1.0,0.004219409,1.0,,,1.0
19402,7.8634524,1.0,0.0,1.0,,,1.0
19403,43.690777,1.0,0.0,1.0,,,1.0
19404,42.90579,1.0,0.0040650405,1.0,,,1.0
19405,46.094574,1.0,0.014084507,1.0,,,1.0
19406,54.219826,1.0,0.006756757,1.0,,,1.0
19407,30.074759,1.0,0.009090909,1.0,,,1.0
19408,44.306957,1.0,0.005830904,1.0,,,1.0
19409,25.20799,1.0,0.014492754,1.0,,,1.0
19410,125.9227,1.0,0.0063091484,1.0,,,1.0
19411,94.0619,1.0,0.006006006,1.0,,,1.0
19412,24.78873,1.0,0.008130081,1.0,,,1.0
19413,24.433,1.0,0.010638298,1.0,,,1.0
19414,11.433941,1.0,0.006430868,1.0,,,1.0
19415,16.21698,1.0,0.0,1.0,,,1.0
19416,36.122364,1.0,0.0,1.0,,,1.0
19417,7.8611703,1.0,0.018181818,1.0,,,1.0
19418,28.143562,1.0,0.014492754,1.0,,,1.0
19419,30.742558,1.0,0.0,1.0,,,1.0
19420,115.54238,1.0,0.00896861,1.0,,,1.0
19421,69.375046,1.0,0.0066225166,1.0,,,1.0
19422,105.86188,1.0,0.02173913,1.0,,,1.0
19423,47.869267,1.0,0.0,1.0,,,1.0
19424,19.895615,1.0,0.0,1.0,,,1.0
19425,16.088812,1.0,0.0,1.0,,,1.0
19426,22.170992,1.0,0.022222223,1.0,,,1.0
19427,11.530082,1.0,0.008196721,1.0,,,1.0
19428,13.019581,1.0,0.0,1.0,,,1.0
19429,7.604075,1.0,0.0,1.0,,,1.0
19430,10.620987,1.0,0.0,1.0,,,1.0
19431,57.282772,1.0,0.0056338026,1.0,,,1.0
19432,25.848986,1.0,0.0056497175,1.0,,,1.0
19433,34.08593,1.0,0.011494253,1.0,,,1.0
19434,61.175056,1.0,0.01010101,1.0,,,1.0
19435,22.847815,1.0,0.016260162,1.0,,,1.0
19436,13.37858,1.0,0.003937008,1.0,,,1.0
19437,40.91332,1.0,0.071428575,1.0,,,1.0
19438,45.776028,1.0,0.005952381,1.0,,,1.0
19439,74.01742,1.0,0.0021691974,1.0,,,1.0
19440,37.8393,1.0,0.0027247956,1.0,,,1.0
19441,12.527373,1.0,0.0,1.0,,,1.0
19442,22.30381,1.0,0.0,1.0,,,1.0
19443,27.376534,1.0,0.007843138,1.0,,,1.0
19444,18.51942,1.0,0.0,1.0,,,1.0
19445,39.663345,1.0,0.0,1.0,,,1.0
19446,4.094155,1.0,0.004255319,1.0,,,1.0
19447,17.886536,1.0,0.05,1.0,,,1.0
19448,36.1022,1.0,0.0,1.0,,,1.0
19449,10.07655,1.0,0.0,1.0,,,1.0
19450,5.591207,1.0,0.0,1.0,,,1.0
19451,14.328065,1.0,0.0,1.0,,,1.0
19452,6.5122466,1.0,0.0,1.0,,,1.0
19453,25.412148,1.0,0.008403362,1.0,,,1.0
19454,32.082397,1.0,0.0056179776,1.0,,,1.0
19455,28.84534,1.0,0.02247191,1.0,,,1.0
19456,35.293827,1.0,0.019607844,1.0,,,1.0
19457,98.14051,1.0,0.007905139,1.0,,,1.0
19458,35.39015,1.0,0.011494253,1.0,,,1.0
19459,14.364363,1.0,0.0,1.0,,,1.0
19460,46.63388,1.0,0.0,1.0,,,1.0
19461,15.947119,1.0,0.02,1.0,,,1.0
19462,60.324165,1.0,0.006369427,1.0,,,1.0
19463,37.760296,1.0,0.007194245,1.0,,,1.0
19464,41.410217,1.0,0.0116959065,1.0,,,1.0
19465,14.539723,1.0,0.004048583,1.0,,,1.0
19466,42.83321,1.0,0.012269938,1.0,,,1.0
19467,64.01263,1.0,0.005602241,1.0,,,1.0
19468,15.117869,1.0,0.028571429,1.0,,,1.0
19469,13.690767,1.0,0.015384615,1.0,,,1.0
19470,22.812983,1.0,0.0,1.0,,,1.0
19471,72.75066,1.0,0.0030959751,1.0,,,1.0
19472,38.6258,1.0,0.0,1.0,,,1.0
19473,37.66821,1.0,0.018018018,1.0,,,1.0
19474,29.216015,1.0,0.012987013,1.0,,,1.0
19475,57.919827,1.0,0.004484305,1.0,,,1.0
19476,23.155792,1.0,0.0,1.0,,,1.0
19477,14.359159,1.0,0.010526316,1.0,,,1.0
19478,66.09364,1.0,0.0030959751,1.0,,,1.0
19479,11.474044,1.0,0.0,1.0,,,1.0
19480,23.861872,1.0,0.018348623,1.0,,,1.0
19481,24.440407,1.0,0.002915452,1.0,,,1.0
19482,66.72058,1.0,0.016,1.0,,,1.0
19483,6.8313193,1.0,0.0,1.0,,,1.0
19484,48.93671,1.0,0.006060606,1.0,,,1.0
19485,9.392143,1.0,0.03846154,1.0,,,1.0
19486,50.30594,1.0,0.0019723866,1.0,,,1.0
19487,64.03762,1.0,0.004555809,1.0,,,1.0
19488,2.1506066,1.0,0.010471204,1.0,,,1.0
19489,23.168713,1.0,0.00862069,1.0,,,1.0
19490,15.988094,1.0,0.0,1.0,,,1.0
19491,36.900036,1.0,0.0,1.0,,,1.0
19492,56.376305,1.0,0.003929273,1.0,,,1.0
19493,20.913042,1.0,0.0,1.0,,,1.0
19494,53.371506,1.0,0.016393442,1.0,,,1.0
19495,78.47665,1.0,0.008547009,1.0,,,1.0
19496,56.691032,1.0,0.004524887,1.0,,,1.0
19497,25.499916,1.0,0.020833334,1.0,,,1.0
19498,6.445253,1.0,0.0,1.0,,,1.0
19499,69.440056,1.0,0.003984064,1.0,,,1.0
19500,28.049229,1.0,0.004484305,1.0,,,1.0
19501,20.80803,1.0,0.0091743115,1.0,,,1.0
19502,56.71575,1.0,0.0,1.0,,,1.0
19503,30.266438,1.0,0.004048583,1.0,,,1.0
19504,33.263226,1.0,0.015151516,1.0,,,1.0
19505,1.4234114,1.0,0.0,1.0,,,1.0
19506,15.972746,1.0,0.0,1.0,,,1.0
19507,13.673128,1.0,0.008695652,1.0,,,1.0
19508,23.532372,1.0,0.006006006,1.0,,,1.0
19509,11.499545,1.0,0.01724138,1.0,,,1.0
19510,11.65145,1.0,0.0,1.0,,,1.0
19511,26.254536,1.0,0.008403362,1.0,,,1.0
19512,73.504425,1.0,0.006024096,1.0,,,1.0
19513,29.516747,1.0,0.014925373,1.0,,,1.0
19514,54.60575,1.0,0.0,1.0,,,1.0
19515,10.050139,1.0,0.0,1.0,,,1.0
19516,17.966253,1.0,0.0,1.0,,,1.0
19517,45.776028,1.0,0.006779661,1.0,,,1.0
19518,60.079163,1.0,0.0,1.0,,,1.0
19519,18.061148,1.0,0.017857144,1.0,,,1.0
19520,28.845955,1.0,0.014492754,1.0,,,1.0
19521,78.61112,1.0,0.025974026,1.0,,,1.0
19522,5.719546,1.0,0.0,1.0,,,1.0
19523,36.037426,1.0,0.02247191,1.0,,,1.0
19524,15.854267,1.0,0.003267974,1.0,,,1.0
19525,27.416014,1.0,0.011976048,1.0,,,1.0
19526,5.898325,1.0,0.015625,1.0,,,1.0
19527,84.1685,1.0,0.009569378,1.0,,,1.0
19528,26.287113,1.0,0.006134969,1.0,,,1.0
19529,9.147334,1.0,0.022222223,1.0,,,1.0
19530,25.717285,1.0,0.00729927,1.0,,,1.0
19531,2.3942304,1.0,0.0,1.0,,,1.0
19532,28.601927,1.0,0.012987013,1.0,,,1.0
19533,8.591312,1.0,0.0049751243,1.0,,,1.0
19534,79.05693,1.0,0.010204081,1.0,,,1.0
19535,20.869246,1.0,0.015037594,1.0,,,1.0
19536,15.852527,1.0,0.022988506,1.0,,,1.0
19537,14.511759,1.0,0.0,1.0,,,1.0
19538,46.506874,1.0,0.0,1.0,,,1.0
19539,56.75114,1.0,0.01369863,1.0,,,1.0
19540,5.078409,1.0,0.015037594,1.0,,,1.0
19541,33.718445,1.0,0.005899705,1.0,,,1.0
19542,41.412525,1.0,0.0033898305,1.0,,,1.0
19543,70.53568,1.0,0.0067114094,1.0,,,1.0
19544,57.51592,1.0,0.0069444445,1.0,,,1.0
19545,57.155567,1.0,0.009615385,1.0,,,1.0
19546,30.074759,1.0,0.016949153,1.0,,,1.0
19547,65.5214,1.0,0.006557377,1.0,,,1.0
19548,20.268154,1.0,0.0,1.0,,,1.0
19549,75.79938,1.0,0.0,1.0,,,1.0
19550,36.74984,1.0,0.0033333334,1.0,,,1.0
19551,15.334364,1.0,0.008547009,1.0,,,1.0
19552,4.6222067,1.0,0.024096385,1.0,,,1.0
19553,15.497237,1.0,0.0049261083,1.0,,,1.0
19554,80.49888,1.0,0.005063291,1.0,,,1.0
19555,27.401033,1.0,0.0,1.0,,,1.0
19556,25.512716,1.0,0.0,1.0,,,1.0
19557,9.550285,1.0,0.0,1.0,,,1.0
19558,22.508457,1.0,0.001754386,1.0,,,1.0
19559,80.45577,1.0,0.005524862,1.0,,,1.0
19560,3.837535,1.0,0.0051282053,1.0,,,1.0
19561,61.374542,1.0,0.0,1.0,,,1.0
19562,21.069475,1.0,0.0074074073,1.0,,,1.0
19563,51.69999,1.0,0.0,1.0,,,1.0
19564,6.3975325,1.0,0.0054054055,1.0,,,1.0
19565,9.540214,1.0,0.0,1.0,,,1.0
19566,85.39203,1.0,0.0,1.0,,,1.0
19567,112.634705,1.0,0.005934718,1.0,,,1.0
19568,57.10216,1.0,0.0,1.0,,,1.0
19569,17.032051,1.0,0.0,1.0,,,1.0
19570,31.664566,1.0,0.0,1.0,,,1.0
19571,6.7592654,1.0,0.04761905,1.0,,,1.0
19572,14.692457,1.0,0.032258064,1.0,,,1.0
19573,40.66883,1.0,0.0043290043,1.0,,,1.0
19574,66.737206,1.0,0.009478673,1.0,,,1.0
19575,15.480892,1.0,0.0,1.0,,,1.0
19576,9.356902,1.0,0.044444446,1.0,,,1.0
19577,19.32307,1.0,0.005037783,1.0,,,1.0
19578,42.33811,1.0,0.0,1.0,,,1.0
19579,0.32432252,1.0,0.0,1.0,,,1.0
19580,73.267296,1.0,0.004385965,1.0,,,1.0
19581,2.9574397,1.0,0.0,1.0,,,1.0
19582,75.79938,1.0,0.0041067763,1.0,,,1.0
19583,78.44947,1.0,0.016129032,1.0,,,1.0
19584,99.97798,1.0,0.010638298,1.0,,,1.0
19585,20.441555,1.0,0.0,1.0,,,1.0
19586,10.095781,1.0,0.0049261083,1.0,,,1.0
19587,14.581324,1.0,0.0,1.0,,,1.0
19588,91.68036,1.0,0.0067114094,1.0,,,1.0
19589,18.089514,1.0,0.0,1.0,,,1.0
19590,32.43548,1.0,0.011363637,1.0,,,1.0
19591,36.18135,1.0,0.005952381,1.0,,,1.0
19592,9.493647,1.0,0.046511628,1.0,,,1.0
19593,37.789955,1.0,0.009708738,1.0,,,1.0
19594,18.384838,1.0,0.00486618,1.0,,,1.0
19595,9.638202,1.0,0.041666668,1.0,,,1.0
19596,19.031137,1.0,0.006134969,1.0,,,1.0
19597,70.227974,1.0,0.011560693,1.0,,,1.0
19598,57.155567,1.0,0.0,1.0,,,1.0
19599,62.82736,1.0,0.0043196543,1.0,,,1.0
19600,21.024792,1.0,0.008438818,1.0,,,1.0
19601,8.916566,1.0,0.016260162,1.0,,,1.0
19602,7.09665,1.0,0.01754386,1.0,,,1.0
19603,29.381933,1.0,0.008695652,1.0,,,1.0
19604,42.61417,1.0,0.004889976,1.0,,,1.0
19605,43.2561,1.0,0.005319149,1.0,,,1.0
19606,56.591736,1.0,0.020618556,1.0,,,1.0
19607,6.823083,1.0,0.009090909,1.0,,,1.0
19608,23.38713,1.0,0.007194245,1.0,,,1.0
19609,31.125488,1.0,0.01369863,1.0,,,1.0
19610,49.22563,1.0,0.0,1.0,,,1.0
19611,102.88374,1.0,0.004842615,1.0,,,1.0
19612,6.70244,1.0,0.0,1.0,,,1.0
19613,23.329958,1.0,0.0091743115,1.0,,,1.0
19614,18.549337,1.0,0.0,1.0,,,1.0
19615,15.346339,1.0,0.06896552,1.0,,,1.0
19616,66.482666,1.0,0.03125,1.0,,,1.0
19617,22.211855,1.0,0.017391304,1.0,,,1.0
19618,5.2473593,1.0,0.0,1.0,,,1.0
19619,15.952163,1.0,0.010471204,1.0,,,1.0
19620,83.93299,1.0,0.0057803467,1.0,,,1.0
19621,86.45003,1.0,0.003875969,1.0,,,1.0
19622,23.818201,1.0,0.01438849,1.0,,,1.0
19623,2.411014,1.0,0.0,1.0,,,1.0
19624,18.607048,1.0,0.006993007,1.0,,,1.0
19625,34.24777,1.0,0.0,1.0,,,1.0
19626,27.253378,1.0,0.008333334,1.0,,,1.0
19627,19.251577,1.0,0.006849315,1.0,,,1.0
19628,6.7994285,1.0,0.0,1.0,,,1.0
19629,10.012004,1.0,0.0,1.0,,,1.0
19630,53.83871,1.0,0.003267974,1.0,,,1.0
19631,84.75115,1.0,0.0,1.0,,,1.0
19632,2.7832558,1.0,0.0028169013,1.0,,,1.0
19633,33.16621,1.0,0.017094018,1.0,,,1.0
19634,63.79785,1.0,0.025,1.0,,,1.0
19635,50.20582,1.0,0.0,1.0,,,1.0
19636,7.0940337,1.0,0.0,1.0,,,1.0
19637,6.0993004,1.0,0.004115226,1.0,,,1.0
19638,27.44689,1.0,0.001980198,1.0,,,1.0
19639,9.154886,1.0,0.0045454544,1.0,,,1.0
19640,33.16621,1.0,0.008,1.0,,,1.0
19641,24.102648,1.0,0.0028653296,1.0,,,1.0
19642,15.162818,1.0,0.0,1.0,,,1.0
19643,17.240332,1.0,0.026666667,1.0,,,1.0
19644,57.766075,1.0,0.023809524,1.0,,,1.0
19645,24.044283,1.0,0.0,1.0,,,1.0
19646,86.611275,1.0,0.0068259384,1.0,,,1.0
19647,24.051332,1.0,0.0,1.0,,,1.0
19648,68.1871,1.0,0.006557377,1.0,,,1.0
19649,1.2538544,1.0,0.0,1.0,,,1.0
19650,16.709906,1.0,0.0037313432,1.0,,,1.0
19651,28.149693,1.0,0.009259259,1.0,,,1.0
19652,28.814049,1.0,0.0,1.0,,,1.0
19653,26.590586,1.0,0.0,1.0,,,1.0
19654,41.22983,1.0,0.007352941,1.0,,,1.0
19655,20.293552,1.0,0.011235955,1.0,,,1.0
19656,6.608009,1.0,0.0,1.0,,,1.0
19657,46.634182,1.0,0.00862069,1.0,,,1.0
19658,54.884457,1.0,0.0022573364,1.0,,,1.0
19659,14.956273,1.0,0.0,1.0,,,1.0
19660,6.614722,1.0,0.0,1.0,,,1.0
19661,11.019859,1.0,0.01754386,1.0,,,1.0
19662,117.691864,1.0,0.0035211267,1.0,,,1.0
19663,74.35532,1.0,0.0027027028,1.0,,,1.0
19664,7.408424,1.0,0.011235955,1.0,,,1.0
19665,7.999964,1.0,0.006060606,1.0,,,1.0
19666,29.348307,1.0,0.0025445293,1.0,,,1.0
19667,92.05475,1.0,0.006993007,1.0,,,1.0
19668,13.444399,1.0,0.013513514,1.0,,,1.0
19669,27.825312,1.0,0.006329114,1.0,,,1.0
19670,19.68865,1.0,0.015384615,1.0,,,1.0
19671,88.313065,1.0,0.00990099,1.0,,,1.0
19672,19.011799,1.0,0.0045454544,1.0,,,1.0
19673,15.338991,1.0,0.007874016,1.0,,,1.0
19674,12.847843,1.0,0.01904762,1.0,,,1.0
19675,43.676426,1.0,0.015384615,1.0,,,1.0
19676,28.625896,1.0,0.018867925,1.0,,,1.0
19677,13.554882,1.0,0.01754386,1.0,,,1.0
19678,7.782147,1.0,0.010526316,1.0,,,1.0
19679,60.758087,1.0,0.009090909,1.0,,,1.0
19680,18.596783,1.0,0.0,1.0,,,1.0
19681,7.0601068,1.0,0.0,1.0,,,1.0
19682,66.64688,1.0,0.032258064,1.0,,,1.0
19683,32.77146,1.0,0.01724138,1.0,,,1.0
19684,39.760925,1.0,0.01923077,1.0,,,1.0
19685,16.814556,1.0,0.05,1.0,,,1.0
19686,24.933973,1.0,0.0,1.0,,,1.0
19687,16.708004,1.0,0.006451613,1.0,,,1.0
19688,2.7590349,1.0,0.0,1.0,,,1.0
19689,63.744118,1.0,0.007518797,1.0,,,1.0
19690,14.519232,1.0,0.0,1.0,,,1.0
19691,18.223118,1.0,0.02631579,1.0,,,1.0
19692,52.681015,1.0,0.0052083335,1.0,,,1.0
19693,23.652605,1.0,0.0,1.0,,,1.0
19694,40.818283,1.0,0.012048192,1.0,,,1.0
19695,27.44689,1.0,0.003937008,1.0,,,1.0
19696,44.71084,1.0,0.003690037,1.0,,,1.0
19697,32.24062,1.0,0.0057803467,1.0,,,1.0
19698,25.388958,1.0,0.0,1.0,,,1.0
19699,6.409159,1.0,0.0,1.0,,,1.0
19700,17.324987,1.0,0.0,1.0,,,1.0
19701,117.691864,1.0,0.004889976,1.0,,,1.0
19702,20.47764,1.0,0.009302326,1.0,,,1.0
19703,30.674402,1.0,0.0,1.0,,,1.0
19704,34.06485,1.0,0.0068965517,1.0,,,1.0
19705,26.67058,1.0,0.014084507,1.0,,,1.0
19706,36.617287,1.0,0.0030395137,1.0,,,1.0
19707,16.740967,1.0,0.0,1.0,,,1.0
19708,25.829971,1.0,0.008695652,1.0,,,1.0
19709,8.6557255,1.0,0.023809524,1.0,,,1.0
19710,26.618895,1.0,0.0,1.0,,,1.0
19711,21.551798,1.0,0.011494253,1.0,,,1.0
19712,31.174076,1.0,0.009009009,1.0,,,1.0
19713,59.164825,1.0,0.011764706,1.0,,,1.0
19714,28.68378,1.0,0.012987013,1.0,,,1.0
19715,39.581684,1.0,0.0,1.0,,,1.0
19716,30.882236,1.0,0.018691588,1.0,,,1.0
19717,32.979847,1.0,0.0,1.0,,,1.0
19718,29.014412,1.0,0.012987013,1.0,,,1.0
19719,9.881717,1.0,0.05,1.0,,,1.0
19720,30.3462,1.0,0.01923077,1.0,,,1.0
19721,14.810439,1.0,0.007194245,1.0,,,1.0
19722,13.551765,1.0,0.010309278,1.0,,,1.0
19723,54.456646,1.0,0.0,1.0,,,1.0
19724,38.271603,1.0,0.004201681,1.0,,,1.0
19725,6.8348255,1.0,0.0,1.0,,,1.0
19726,32.561844,1.0,0.004474273,1.0,,,1.0
19727,29.944487,1.0,0.0050251256,1.0,,,1.0
19728,32.14655,1.0,0.0,1.0,,,1.0
19729,78.47665,1.0,0.0046189376,1.0,,,1.0
19730,17.636772,1.0,0.0016366612,1.0,,,1.0
19731,16.058558,1.0,0.011235955,1.0,,,1.0
19732,54.494526,1.0,0.011904762,1.0,,,1.0
19733,22.554703,1.0,0.00625,1.0,,,1.0
19734,27.870028,1.0,0.012903226,1.0,,,1.0
19735,76.26888,1.0,0.021276595,1.0,,,1.0
19736,27.056065,1.0,0.0,1.0,,,1.0
19737,41.231495,1.0,0.011235955,1.0,,,1.0
19738,40.618332,1.0,0.009756098,1.0,,,1.0
19739,23.114315,1.0,0.0065789474,1.0,,,1.0
19740,49.915157,1.0,0.009803922,1.0,,,1.0
19741,23.667639,1.0,0.0,1.0,,,1.0
19742,22.555075,1.0,0.007751938,1.0,,,1.0
19743,46.693943,1.0,0.005037783,1.0,,,1.0
19744,48.857628,1.0,0.011764706,1.0,,,1.0
19745,26.254536,1.0,0.010526316,1.0,,,1.0
19746,5.1247597,1.0,0.0,1.0,,,1.0
19747,55.288162,1.0,0.007352941,1.0,,,1.0
19748,44.55214,1.0,0.0,1.0,,,1.0
19749,14.185007,1.0,0.037037037,1.0,,,1.0
19750,9.574669,1.0,0.010928961,1.0,,,1.0
19751,15.854267,1.0,0.010869565,1.0,,,1.0
19752,13.214611,1.0,0.008474576,1.0,,,1.0
19753,8.402881,1.0,0.0,1.0,,,1.0
19754,36.013435,1.0,0.0018975332,1.0,,,1.0
19755,30.30466,1.0,0.011764706,1.0,,,1.0
19756,4.3022337,1.0,0.0,1.0,,,1.0
19757,47.841343,1.0,0.006289308,1.0,,,1.0
19758,17.64685,1.0,0.0,1.0,,,1.0
19759,67.26428,1.0,0.013245033,1.0,,,1.0
19760,50.058445,1.0,0.016666668,1.0,,,1.0
19761,49.520912,1.0,0.0031496063,1.0,,,1.0
19762,28.509724,1.0,0.009009009,1.0,,,1.0
19763,37.640266,1.0,0.0,1.0,,,1.0
19764,14.367986,1.0,0.005882353,1.0,,,1.0
19765,17.056261,1.0,0.012345679,1.0,,,1.0
19766,21.986092,1.0,0.0056179776,1.0,,,1.0
19767,0.49879628,1.0,0.0,1.0,,,1.0
19768,93.04912,1.0,0.014925373,1.0,,,1.0
19769,12.873835,1.0,0.009615385,1.0,,,1.0
19770,39.458687,1.0,0.016949153,1.0,,,1.0
19771,12.71005,1.0,0.018518519,1.0,,,1.0
19772,28.922672,1.0,0.00591716,1.0,,,1.0
19773,37.1636,1.0,0.020833334,1.0,,,1.0
19774,9.286369,1.0,0.010526316,1.0,,,1.0
19775,8.332664,1.0,0.0,1.0,,,1.0
19776,8.734139,1.0,0.0,1.0,,,1.0
19777,30.952517,1.0,0.004878049,1.0,,,1.0
19778,34.18867,1.0,0.006644518,1.0,,,1.0
19779,41.92771,1.0,0.0,1.0,,,1.0
19780,67.00446,1.0,0.0017152659,1.0,,,1.0
19781,41.74904,1.0,0.004830918,1.0,,,1.0
19782,10.898963,1.0,0.007874016,1.0,,,1.0
19783,69.3278,1.0,0.006535948,1.0,,,1.0
19784,48.857628,1.0,0.0,1.0,,,1.0
19785,23.640724,1.0,0.0020120724,1.0,,,1.0
19786,28.70533,1.0,0.0,1.0,,,1.0
19787,16.733389,1.0,0.0065789474,1.0,,,1.0
19788,47.841343,1.0,0.0035971224,1.0,,,1.0
19789,8.93778,1.0,0.0034129692,1.0,,,1.0
19790,78.46972,1.0,0.0057636886,1.0,,,1.0
19791,26.910463,1.0,0.01459854,1.0,,,1.0
19792,99.413185,1.0,0.006688963,1.0,,,1.0
19793,26.936724,1.0,0.0,1.0,,,1.0
19794,66.76958,1.0,0.0036764706,1.0,,,1.0
19795,63.247498,1.0,0.0039525693,1.0,,,1.0
19796,51.433937,1.0,0.008097166,1.0,,,1.0
19797,115.54238,1.0,0.011363637,1.0,,,1.0
19798,8.192663,1.0,0.0,1.0,,,1.0
19799,8.41848,1.0,0.003984064,1.0,,,1.0
19800,53.054295,1.0,0.0030395137,1.0,,,1.0
19801,70.53568,1.0,0.013888889,1.0,,,1.0
19802,38.07671,1.0,0.0,1.0,,,1.0
19803,13.538914,1.0,0.0036101083,1.0,,,1.0
19804,115.46164,1.0,0.0028328612,1.0,,,1.0
19805,13.120991,1.0,0.014492754,1.0,,,1.0
19806,27.745441,1.0,0.00877193,1.0,,,1.0
19807,29.71264,1.0,0.006849315,1.0,,,1.0
19808,21.069475,1.0,0.0068965517,1.0,,,1.0
19809,42.447838,1.0,0.0033670033,1.0,,,1.0
19810,0.0,1.0,0.0,1.0,,,1.0
19811,25.177137,1.0,0.005524862,1.0,,,1.0
19812,4.8576274,1.0,0.0,1.0,,,1.0
19813,38.605515,1.0,0.006472492,1.0,,,1.0
19814,60.76915,1.0,0.014285714,1.0,,,1.0
19815,5.4087434,1.0,0.0,1.0,,,1.0
19816,55.27203,1.0,0.00862069,1.0,,,1.0
19817,12.1292095,1.0,0.020408163,1.0,,,1.0
19818,27.44689,1.0,0.0,1.0,,,1.0
19819,3.7037048,1.0,0.0,1.0,,,1.0
19820,8.01796,1.0,0.071428575,1.0,,,1.0
19821,20.71445,1.0,0.0,1.0,,,1.0
19822,69.440056,1.0,0.008298756,1.0,,,1.0
19823,1.0900767,1.0,0.0,1.0,,,1.0
19824,6.3347664,1.0,0.00456621,1.0,,,1.0
19825,52.18484,1.0,0.00754717,1.0,,,1.0
19826,55.3534,1.0,0.033898305,1.0,,,1.0
19827,43.2561,1.0,0.005524862,1.0,,,1.0
19828,66.525536,1.0,0.0099502485,1.0,,,1.0
19829,18.445578,1.0,0.0,1.0,,,1.0
19830,46.63584,1.0,0.006993007,1.0,,,1.0
19831,88.882866,1.0,0.014814815,1.0,,,1.0
19832,41.959114,1.0,0.0074626864,1.0,,,1.0
19833,16.855282,1.0,0.021505376,1.0,,,1.0
19834,7.3435664,1.0,0.00921659,1.0,,,1.0
19835,6.103481,1.0,0.0,1.0,,,1.0
19836,17.862709,1.0,0.018867925,1.0,,,1.0
19837,21.745846,1.0,0.0,1.0,,,1.0
19838,26.105045,1.0,0.009708738,1.0,,,1.0
19839,26.529806,1.0,0.03448276,1.0,,,1.0
19840,9.154886,1.0,0.008658009,1.0,,,1.0
19841,55.27203,1.0,0.014814815,1.0,,,1.0
19842,37.243046,1.0,0.014814815,1.0,,,1.0
19843,13.282939,1.0,0.023255814,1.0,,,1.0
19844,51.966015,1.0,0.0,1.0,,,1.0
19845,63.4572,1.0,0.006666667,1.0,,,1.0
19846,85.70176,1.0,0.006116208,1.0,,,1.0
19847,41.441708,1.0,0.0057803467,1.0,,,1.0
19848,48.22787,1.0,0.008130081,1.0,,,1.0
19849,96.56541,1.0,0.0,1.0,,,1.0
19850,49.504684,1.0,0.008,1.0,,,1.0
19851,2.3737597,1.0,0.0,1.0,,,1.0
19852,43.21256,1.0,0.0,1.0,,,1.0
19853,11.4425,1.0,0.0,1.0,,,1.0
19854,42.670406,1.0,0.0045045046,1.0,,,1.0
19855,18.908812,1.0,0.0,1.0,,,1.0
19856,30.713911,1.0,0.0014265336,1.0,,,1.0
19857,67.24342,1.0,0.005076142,1.0,,,1.0
19858,26.105045,1.0,0.004149378,1.0,,,1.0
19859,54.036522,1.0,0.00625,1.0,,,1.0
19860,74.48423,1.0,0.009569378,1.0,,,1.0
19861,59.60921,1.0,0.0060975607,1.0,,,1.0
19862,7.014473,1.0,0.0,1.0,,,1.0
19863,23.995049,1.0,0.0,1.0,,,1.0
19864,36.1022,1.0,0.010204081,1.0,,,1.0
19865,43.2561,1.0,0.009345794,1.0,,,1.0
19866,5.144836,1.0,0.005235602,1.0,,,1.0
19867,4.127514,1.0,0.0,1.0,,,1.0
19868,40.46492,1.0,0.0047393367,1.0,,,1.0
19869,17.475508,1.0,0.0,1.0,,,1.0
19870,14.6236315,1.0,0.0,1.0,,,1.0
19871,52.79923,1.0,0.0050251256,1.0,,,1.0
19872,22.11434,1.0,0.014705882,1.0,,,1.0
19873,48.068512,1.0,0.0072727273,1.0,,,1.0
19874,8.959865,1.0,0.014705882,1.0,,,1.0
19875,65.94888,1.0,0.037037037,1.0,,,1.0
19876,20.71445,1.0,0.02173913,1.0,,,1.0
19877,14.1179695,1.0,0.0,1.0,,,1.0
19878,98.58889,1.0,0.0035906644,1.0,,,1.0
19879,16.733389,1.0,0.006430868,1.0,,,1.0
19880,88.42269,1.0,0.0,1.0,,,1.0
19881,16.571545,1.0,0.0,1.0,,,1.0
19882,47.21923,1.0,0.0025062656,1.0,,,1.0
19883,51.027836,1.0,0.006644518,1.0,,,1.0
19884,20.212414,1.0,0.0,1.0,,,1.0
19885,26.936724,1.0,0.0033898305,1.0,,,1.0
19886,40.818283,1.0,0.014492754,1.0,,,1.0
19887,49.994923,1.0,0.00243309,1.0,,,1.0
19888,17.760895,1.0,0.008403362,1.0,,,1.0
19889,44.309174,1.0,0.0,1.0,,,1.0
19890,12.908982,1.0,0.0,1.0,,,1.0
19891,60.64076,1.0,0.0,1.0,,,1.0
19892,11.55931,1.0,0.009569378,1.0,,,1.0
19893,86.234726,1.0,0.01183432,1.0,,,1.0
19894,59.60921,1.0,0.004338395,1.0,,,1.0
19895,42.09108,1.0,0.005602241,1.0,,,1.0
19896,45.948986,1.0,0.0,1.0,,,1.0
19897,50.154015,1.0,0.0037950664,1.0,,,1.0
19898,41.690716,1.0,0.009852217,1.0,,,1.0
19899,41.83559,1.0,0.01,1.0,,,1.0
19900,44.706028,1.0,0.009708738,1.0,,,1.0
19901,37.0466,1.0,0.0,1.0,,,1.0
19902,79.2343,1.0,0.0,1.0,,,1.0
19903,5.4758754,1.0,0.0,1.0,,,1.0
19904,21.203588,1.0,0.0,1.0,,,1.0
19905,50.91552,1.0,0.004901961,1.0,,,1.0
19906,43.056564,1.0,0.004016064,1.0,,,1.0
19907,15.433346,1.0,0.032258064,1.0,,,1.0
19908,1.9344538,1.0,0.0015698588,1.0,,,1.0
19909,82.18427,1.0,0.0063897762,1.0,,,1.0
19910,33.68018,1.0,0.011494253,1.0,,,1.0
19911,17.570662,1.0,0.017699115,1.0,,,1.0
19912,32.261528,1.0,0.0054945056,1.0,,,1.0
19913,13.113857,1.0,0.0,1.0,,,1.0
19914,85.54174,1.0,0.0029239766,1.0,,,1.0
19915,78.763336,1.0,0.016528925,1.0,,,1.0
19916,9.910228,1.0,0.0125,1.0,,,1.0
19917,23.260303,1.0,0.05882353,1.0,,,1.0
19918,3.3114903,1.0,0.0,1.0,,,1.0
19919,8.061707,1.0,0.0,1.0,,,1.0
19920,40.740463,1.0,0.009259259,1.0,,,1.0
19921,6.953991,1.0,0.011627907,1.0,,,1.0
19922,48.93671,1.0,0.0051282053,1.0,,,1.0
19923,13.573182,1.0,0.0,1.0,,,1.0
19924,38.739883,1.0,0.0,1.0,,,1.0
19925,21.396473,1.0,0.00591716,1.0,,,1.0
19926,33.75764,1.0,0.0,1.0,,,1.0
19927,95.84354,1.0,0.004347826,1.0,,,1.0
19928,65.50862,1.0,0.0037593986,1.0,,,1.0
19929,18.53049,1.0,0.0068259384,1.0,,,1.0
19930,16.289019,1.0,0.0,1.0,,,1.0
19931,34.654606,1.0,0.0057803467,1.0,,,1.0
19932,98.70822,1.0,0.0038910506,1.0,,,1.0
19933,29.528275,1.0,0.006688963,1.0,,,1.0
19934,19.689762,1.0,0.011494253,1.0,,,1.0
19935,28.779104,1.0,0.006993007,1.0,,,1.0
19936,23.168713,1.0,0.009615385,1.0,,,1.0
19937,66.482666,1.0,0.0060790274,1.0,,,1.0
19938,33.60434,1.0,0.013333334,1.0,,,1.0
19939,38.991196,1.0,0.013888889,1.0,,,1.0
19940,60.46111,1.0,0.007936508,1.0,,,1.0
19941,29.348307,1.0,0.004901961,1.0,,,1.0
19942,98.70822,1.0,0.0067114094,1.0,,,1.0
19943,3.1495826,1.0,0.006451613,1.0,,,1.0
19944,22.706106,1.0,0.016949153,1.0,,,1.0
19945,68.1871,1.0,0.004672897,1.0,,,1.0
19946,14.321273,1.0,0.005540166,1.0,,,1.0
19947,25.180721,1.0,0.0,1.0,,,1.0
19948,17.043123,1.0,0.0,1.0,,,1.0
19949,99.57553,1.0,0.0058139535,1.0,,,1.0
19950,14.607169,1.0,0.0,1.0,,,1.0
19951,11.95074,1.0,0.0,1.0,,,1.0
19952,68.363335,1.0,0.011904762,1.0,,,1.0
19953,21.178944,1.0,0.002967359,1.0,,,1.0
19954,7.936435,1.0,0.0,1.0,,,1.0
19955,7.787756,1.0,0.0,1.0,,,1.0
19956,126.36123,1.0,0.006289308,1.0,,,1.0
19957,98.70822,1.0,0.009615385,1.0,,,1.0
19958,31.448364,1.0,0.0072202166,1.0,,,1.0
19959,32.250946,1.0,0.011428571,1.0,,,1.0
19960,66.482666,1.0,0.00877193,1.0,,,1.0
19961,62.159447,1.0,0.014084507,1.0,,,1.0
19962,43.313755,1.0,0.0056818184,1.0,,,1.0
19963,36.7077,1.0,0.0,1.0,,,1.0
19964,34.294315,1.0,0.009009009,1.0,,,1.0
19965,8.255786,1.0,0.0,1.0,,,1.0
19966,22.469261,1.0,0.00295858,1.0,,,1.0
19967,59.64038,1.0,0.010416667,1.0,,,1.0
19968,15.391268,1.0,0.010204081,1.0,,,1.0
19969,24.844992,1.0,0.016,1.0,,,1.0
19970,13.013516,1.0,0.0,1.0,,,1.0
19971,102.72474,1.0,0.0060975607,1.0,,,1.0
19972,3.8962755,1.0,0.019607844,1.0,,,1.0
19973,40.818283,1.0,0.011235955,1.0,,,1.0
19974,37.873116,1.0,0.0,1.0,,,1.0
19975,76.96835,1.0,0.008298756,1.0,,,1.0
19976,23.818201,1.0,0.016393442,1.0,,,1.0
19977,30.507854,1.0,0.010989011,1.0,,,1.0
19978,11.745169,1.0,0.030303031,1.0,,,1.0
19979,17.653147,1.0,0.0,1.0,,,1.0
19980,33.63226,1.0,0.011299435,1.0,,,1.0
19981,3.1538448,1.0,0.0,1.0,,,1.0
19982,33.70337,1.0,0.003717472,1.0,,,1.0
19983,58.646927,1.0,0.017699115,1.0,,,1.0
19984,16.346838,1.0,0.008,1.0,,,1.0
19985,15.747494,1.0,0.0,1.0,,,1.0
19986,27.44689,1.0,0.0,1.0,,,1.0
19987,30.353115,1.0,0.0,1.0,,,1.0
19988,43.80384,1.0,0.0099502485,1.0,,,1.0
19989,32.919163,1.0,0.027777778,1.0,,,1.0
19990,39.92449,1.0,0.016666668,1.0,,,1.0
19991,17.524662,1.0,0.055555556,1.0,,,1.0
19992,51.147472,1.0,0.02,1.0,,,1.0
19993,22.72388,1.0,0.014492754,1.0,,,1.0
19994,32.842327,1.0,0.006042296,1.0,,,1.0
19995,16.058558,1.0,0.016949153,1.0,,,1.0
19996,13.2846575,1.0,0.0,1.0,,,1.0
19997,25.20799,1.0,0.010050251,1.0,,,1.0
19998,108.342125,1.0,0.004672897,1.0,,,1.0
19999,5.0830026,1.0,0.0056497175,1.0,,,1.0
20000,39.993114,1.0,0.006369427,1.0,,,1.0
20001,70.000336,1.0,0.0029850747,1.0,,,1.0
20002,12.708925,1.0,0.0028089888,1.0,,,1.0
20003,33.175777,1.0,0.0015128592,1.0,,,1.0
20004,24.990395,1.0,0.0053908355,1.0,,,1.0
20005,23.06417,1.0,0.006369427,1.0,,,1.0
20006,11.507326,1.0,0.0,1.0,,,1.0
20007,2.9636548,1.0,0.0,1.0,,,1.0
20008,8.953476,1.0,0.0,1.0,,,1.0
20009,46.32421,1.0,0.009090909,1.0,,,1.0
20010,23.575352,1.0,0.014492754,1.0,,,1.0
20011,42.497894,1.0,0.0041841003,1.0,,,1.0
20012,16.529776,1.0,0.018518519,1.0,,,1.0
20013,24.378965,1.0,0.004878049,1.0,,,1.0
20014,23.779348,1.0,0.0057471264,1.0,,,1.0
20015,38.605515,1.0,0.006116208,1.0,,,1.0
20016,63.5304,1.0,0.004166667,1.0,,,1.0
20017,44.199844,1.0,0.0,1.0,,,1.0
20018,4.3801904,1.0,0.0,1.0,,,1.0
20019,26.583462,1.0,0.010638298,1.0,,,1.0
20020,12.665917,1.0,0.011627907,1.0,,,1.0
20021,33.59411,1.0,0.017857144,1.0,,,1.0
20022,13.624444,1.0,0.0,1.0,,,1.0
20023,62.3884,1.0,0.0074626864,1.0,,,1.0
20024,29.095964,1.0,0.0,1.0,,,1.0
20025,11.129735,1.0,0.0,1.0,,,1.0
20026,24.888832,1.0,0.020833334,1.0,,,1.0
20027,8.916566,1.0,0.018518519,1.0,,,1.0
20028,68.1871,1.0,0.0048076925,1.0,,,1.0
20029,40.258747,1.0,0.003690037,1.0,,,1.0
20030,114.3943,1.0,0.017391304,1.0,,,1.0
20031,66.482666,1.0,0.011363637,1.0,,,1.0
20032,15.36048,1.0,0.015625,1.0,,,1.0
20033,23.054749,1.0,0.004464286,1.0,,,1.0
20034,16.851448,1.0,0.0024875621,1.0,,,1.0
20035,55.052856,1.0,0.0043290043,1.0,,,1.0
20036,0.0,1.0,0.0,1.0,,,1.0
20037,22.626179,1.0,0.019607844,1.0,,,1.0
20038,73.85746,1.0,0.0057142857,1.0,,,1.0
20039,59.164825,1.0,0.023255814,1.0,,,1.0
20040,36.266056,1.0,0.0,1.0,,,1.0
20041,21.516426,1.0,0.0,1.0,,,1.0
20042,70.256454,1.0,0.007633588,1.0,,,1.0
20043,4.5681276,1.0,0.0,1.0,,,1.0
20044,60.86778,1.0,0.0,1.0,,,1.0
20045,32.07225,1.0,0.015151516,1.0,,,1.0
20046,75.48593,1.0,0.009569378,1.0,,,1.0
20047,10.5129595,1.0,0.016260162,1.0,,,1.0
20048,69.440056,1.0,0.0054644807,1.0,,,1.0
20049,85.39203,1.0,0.011627907,1.0,,,1.0
20050,23.98402,1.0,0.0,1.0,,,1.0
20051,47.869267,1.0,0.006849315,1.0,,,1.0
20052,56.39387,1.0,0.008695652,1.0,,,1.0
20053,14.267914,1.0,0.024390243,1.0,,,1.0
20054,66.09364,1.0,0.018518519,1.0,,,1.0
20055,80.03177,1.0,0.014492754,1.0,,,1.0
20056,26.62647,1.0,0.014084507,1.0,,,1.0
20057,45.405006,1.0,0.02020202,1.0,,,1.0
20058,32.623985,1.0,0.0,1.0,,,1.0
20059,9.137723,1.0,0.008547009,1.0,,,1.0
20060,4.88499,1.0,0.0,1.0,,,1.0
20061,27.434822,1.0,0.008333334,1.0,,,1.0
20062,29.943281,1.0,0.0068965517,1.0,,,1.0
20063,19.986782,1.0,0.0062695923,1.0,,,1.0
20064,35.744644,1.0,0.00862069,1.0,,,1.0
20065,22.232927,1.0,0.014084507,1.0,,,1.0
20066,59.556683,1.0,0.0025316456,1.0,,,1.0
20067,28.336777,1.0,0.004149378,1.0,,,1.0
20068,16.416662,1.0,0.011235955,1.0,,,1.0
20069,54.036522,1.0,0.016,1.0,,,1.0
20070,15.947119,1.0,0.009259259,1.0,,,1.0
20071,12.71005,1.0,0.03448276,1.0,,,1.0
20072,104.04593,1.0,0.0065146578,1.0,,,1.0
20073,22.554703,1.0,0.0,1.0,,,1.0
20074,11.9744835,1.0,0.00913242,1.0,,,1.0
20075,6.6751437,1.0,0.018518519,1.0,,,1.0
20076,41.401646,1.0,0.009708738,1.0,,,1.0
20077,59.872826,1.0,0.00877193,1.0,,,1.0
20078,16.422731,1.0,0.0032573289,1.0,,,1.0
20079,85.98801,1.0,0.0043290043,1.0,,,1.0
20080,31.275248,1.0,0.010416667,1.0,,,1.0
20081,9.5881605,1.0,0.0060790274,1.0,,,1.0
20082,12.50173,1.0,0.020618556,1.0,,,1.0
20083,46.002415,1.0,0.022222223,1.0,,,1.0
20084,38.72717,1.0,0.006060606,1.0,,,1.0
20085,5.740128,1.0,0.005,1.0,,,1.0
20086,57.10216,1.0,0.0,1.0,,,1.0
20087,52.905174,1.0,0.0,1.0,,,1.0
20088,74.82495,1.0,0.0,1.0,,,1.0
20089,42.670406,1.0,0.01010101,1.0,,,1.0
20090,25.512716,1.0,0.020833334,1.0,,,1.0
20091,51.565613,1.0,0.004962779,1.0,,,1.0
20092,14.722085,1.0,0.007518797,1.0,,,1.0
20093,51.554848,1.0,0.0065146578,1.0,,,1.0
20094,12.021933,1.0,0.0,1.0,,,1.0
20095,34.06485,1.0,0.0049751243,1.0,,,1.0
20096,58.172653,1.0,0.014705882,1.0,,,1.0
20097,41.509296,1.0,0.0,1.0,,,1.0
20098,31.936533,1.0,0.0076923077,1.0,,,1.0
20099,125.9227,1.0,0.006116208,1.0,,,1.0
20100,37.09724,1.0,0.0041841003,1.0,,,1.0
20101,15.314838,1.0,0.004201681,1.0,,,1.0
20102,43.21256,1.0,0.015503876,1.0,,,1.0
20103,7.3903546,1.0,0.0057471264,1.0,,,1.0
20104,26.279182,1.0,0.013422819,1.0,,,1.0
20105,10.696635,1.0,0.008333334,1.0,,,1.0
20106,67.19436,1.0,0.022727273,1.0,,,1.0
20107,21.913712,1.0,0.0011074197,1.0,,,1.0
20108,5.2940693,1.0,0.0050251256,1.0,,,1.0
20109,57.45109,1.0,0.008264462,1.0,,,1.0
20110,37.343773,1.0,0.007518797,1.0,,,1.0
20111,61.210323,1.0,0.013333334,1.0,,,1.0
20112,29.670721,1.0,0.007751938,1.0,,,1.0
20113,48.522827,1.0,0.013513514,1.0,,,1.0
20114,3.336779,1.0,0.0,1.0,,,1.0
20115,4.086251,1.0,0.0,1.0,,,1.0
20116,3.2385278,1.0,0.009756098,1.0,,,1.0
20117,78.2306,1.0,0.0073260074,1.0,,,1.0
20118,47.03406,1.0,0.008403362,1.0,,,1.0
20119,9.74333,1.0,0.002570694,1.0,,,1.0
20120,15.057186,1.0,0.0,1.0,,,1.0
20121,5.971666,1.0,0.016393442,1.0,,,1.0
20122,51.027836,1.0,0.0067340066,1.0,,,1.0
20123,57.282772,1.0,0.004347826,1.0,,,1.0
20124,24.44268,1.0,0.016,1.0,,,1.0
20125,9.549855,1.0,0.0,1.0,,,1.0
20126,102.88374,1.0,0.004201681,1.0,,,1.0
20127,12.915653,1.0,0.0,1.0,,,1.0
20128,16.796303,1.0,0.028571429,1.0,,,1.0
20129,24.102648,1.0,0.005154639,1.0,,,1.0
20130,8.168271,1.0,0.003968254,1.0,,,1.0
20131,21.05598,1.0,0.0,1.0,,,1.0
20132,26.339779,1.0,0.05263158,1.0,,,1.0
20133,75.51869,1.0,0.005181347,1.0,,,1.0
20134,20.172848,1.0,0.0051282053,1.0,,,1.0
20135,8.980813,1.0,0.0,1.0,,,1.0
20136,27.186964,1.0,0.0,1.0,,,1.0
20137,78.47665,1.0,0.0061728396,1.0,,,1.0
20138,70.86064,1.0,0.029411765,1.0,,,1.0
20139,64.03762,1.0,0.0062111802,1.0,,,1.0
20140,12.122778,1.0,0.0,1.0,,,1.0
20141,72.75457,1.0,0.005586592,1.0,,,1.0
20142,26.240759,1.0,0.005037783,1.0,,,1.0
20143,25.780207,1.0,0.014925373,1.0,,,1.0
20144,78.46972,1.0,0.003984064,1.0,,,1.0
20145,9.575319,1.0,0.016666668,1.0,,,1.0
20146,9.643033,1.0,0.009708738,1.0,,,1.0
20147,33.09114,1.0,0.0,1.0,,,1.0
20148,24.066315,1.0,0.0,1.0,,,1.0
20149,18.271093,1.0,0.0,1.0,,,1.0
20150,25.471416,1.0,0.018348623,1.0,,,1.0
20151,40.580776,1.0,0.004950495,1.0,,,1.0
20152,5.479067,1.0,0.0053475937,1.0,,,1.0
20153,47.063587,1.0,0.013071896,1.0,,,1.0
20154,30.902964,1.0,0.0,1.0,,,1.0
20155,42.751625,1.0,0.006993007,1.0,,,1.0
20156,11.431673,1.0,0.0,1.0,,,1.0
20157,51.705837,1.0,0.003690037,1.0,,,1.0
20158,22.038883,1.0,0.017699115,1.0,,,1.0
20159,14.3829975,1.0,0.0,1.0,,,1.0
20160,57.07793,1.0,0.005899705,1.0,,,1.0
20161,46.32421,1.0,0.005319149,1.0,,,1.0
20162,25.534002,1.0,0.0,1.0,,,1.0
20163,45.026672,1.0,0.018348623,1.0,,,1.0
20164,46.808243,1.0,0.0,1.0,,,1.0
20165,49.915157,1.0,0.007380074,1.0,,,1.0
20166,22.554703,1.0,0.006666667,1.0,,,1.0
20167,21.45313,1.0,0.0,1.0,,,1.0
20168,3.1216736,1.0,0.0,1.0,,,1.0
20169,2.308211,1.0,0.0,1.0,,,1.0
20170,15.2047,1.0,0.007352941,1.0,,,1.0
20171,8.179722,1.0,0.0,1.0,,,1.0
20172,56.376305,1.0,0.00896861,1.0,,,1.0
20173,40.31641,1.0,0.004819277,1.0,,,1.0
20174,24.737417,1.0,0.03508772,1.0,,,1.0
20175,35.997684,1.0,0.009615385,1.0,,,1.0
20176,21.09312,1.0,0.0,1.0,,,1.0
20177,39.86334,1.0,0.04,1.0,,,1.0
20178,15.185699,1.0,0.0,1.0,,,1.0
20179,17.617313,1.0,0.013513514,1.0,,,1.0
20180,14.578277,1.0,0.025641026,1.0,,,1.0
20181,33.95981,1.0,0.014492754,1.0,,,1.0
20182,21.566593,1.0,0.01923077,1.0,,,1.0
20183,14.686115,1.0,0.018018018,1.0,,,1.0
20184,20.06328,1.0,0.0036363637,1.0,,,1.0
20185,115.54238,1.0,0.007017544,1.0,,,1.0
20186,63.311985,1.0,0.009615385,1.0,,,1.0
20187,32.79508,1.0,0.008403362,1.0,,,1.0
20188,9.341925,1.0,0.0028735632,1.0,,,1.0
20189,19.968933,1.0,0.029411765,1.0,,,1.0
20190,2.6361423,1.0,0.0,1.0,,,1.0
20191,22.519741,1.0,0.008474576,1.0,,,1.0
20192,94.27873,1.0,0.0036832413,1.0,,,1.0
20193,22.328156,1.0,0.003338898,1.0,,,1.0
20194,37.09724,1.0,0.005154639,1.0,,,1.0
20195,41.30865,1.0,0.012121212,1.0,,,1.0
20196,26.584803,1.0,0.0,1.0,,,1.0
20197,24.750364,1.0,0.01010101,1.0,,,1.0
20198,26.144825,1.0,0.026666667,1.0,,,1.0
20199,9.315821,1.0,0.0,1.0,,,1.0
20200,19.371653,1.0,0.0037453184,1.0,,,1.0
20201,29.317228,1.0,0.031746034,1.0,,,1.0
20202,17.159458,1.0,0.037037037,1.0,,,1.0
20203,10.614885,1.0,0.004405286,1.0,,,1.0
20204,22.458939,1.0,0.0,1.0,,,1.0
20205,58.16378,1.0,0.012658228,1.0,,,1.0
20206,125.9227,1.0,0.004901961,1.0,,,1.0
20207,17.221462,1.0,0.007168459,1.0,,,1.0
20208,29.421946,1.0,0.0055710305,1.0,,,1.0
20209,29.209387,1.0,0.0,1.0,,,1.0
20210,81.40033,1.0,0.010928961,1.0,,,1.0
20211,6.409159,1.0,0.0,1.0,,,1.0
20212,7.090699,1.0,0.0,1.0,,,1.0
20213,5.048007,1.0,0.015625,1.0,,,1.0
20214,29.942463,1.0,0.0,1.0,,,1.0
20215,59.4938,1.0,0.003508772,1.0,,,1.0
20216,15.3407755,1.0,0.0074074073,1.0,,,1.0
20217,23.061047,1.0,0.0061919503,1.0,,,1.0
20218,30.472588,1.0,0.00456621,1.0,,,1.0
20219,14.686115,1.0,0.012048192,1.0,,,1.0
20220,42.751625,1.0,0.02247191,1.0,,,1.0
20221,25.163176,1.0,0.015151516,1.0,,,1.0
20222,21.765255,1.0,0.0054347827,1.0,,,1.0
20223,37.789955,1.0,0.0037950664,1.0,,,1.0
20224,9.261479,1.0,0.01754386,1.0,,,1.0
20225,57.51592,1.0,0.0,1.0,,,1.0
20226,42.433804,1.0,0.007575758,1.0,,,1.0
20227,16.129063,1.0,0.0,1.0,,,1.0
20228,73.187294,1.0,0.028571429,1.0,,,1.0
20229,3.5887449,1.0,0.0,1.0,,,1.0
20230,9.900808,1.0,0.0,1.0,,,1.0
20231,9.838189,1.0,0.0,1.0,,,1.0
20232,13.109597,1.0,0.0066225166,1.0,,,1.0
20233,7.965823,1.0,0.0,1.0,,,1.0
20234,23.667639,1.0,0.01010101,1.0,,,1.0
20235,57.155567,1.0,0.015873017,1.0,,,1.0
20236,15.461559,1.0,0.00625,1.0,,,1.0
20237,24.164724,1.0,0.007874016,1.0,,,1.0
20238,42.46982,1.0,0.0116959065,1.0,,,1.0
20239,18.903006,1.0,0.008547009,1.0,,,1.0
20240,59.662865,1.0,0.007874016,1.0,,,1.0
20241,19.516108,1.0,0.0,1.0,,,1.0
20242,29.339872,1.0,0.006329114,1.0,,,1.0
20243,14.991302,1.0,0.0,1.0,,,1.0
20244,50.300728,1.0,0.0060790274,1.0,,,1.0
20245,18.061148,1.0,0.0,1.0,,,1.0
20246,17.76012,1.0,0.016393442,1.0,,,1.0
20247,16.146418,1.0,0.019417476,1.0,,,1.0
20248,57.788727,1.0,0.005235602,1.0,,,1.0
20249,33.265285,1.0,0.007751938,1.0,,,1.0
20250,37.81681,1.0,0.007246377,1.0,,,1.0
20251,51.027836,1.0,0.004651163,1.0,,,1.0
20252,87.21102,1.0,0.008264462,1.0,,,1.0
20253,8.633557,1.0,0.0,1.0,,,1.0
20254,77.20786,1.0,0.0054054055,1.0,,,1.0
20255,36.493,1.0,0.018691588,1.0,,,1.0
20256,23.097351,1.0,0.0,1.0,,,1.0
20257,54.69655,1.0,0.012345679,1.0,,,1.0
20258,1.9371088,1.0,0.0,1.0,,,1.0
20259,69.73952,1.0,0.007936508,1.0,,,1.0
20260,21.09312,1.0,0.0033557047,1.0,,,1.0
20261,12.28827,1.0,0.017857144,1.0,,,1.0
20262,35.59902,1.0,0.0,1.0,,,1.0
20263,2.5850282,1.0,0.0,1.0,,,1.0
20264,46.634182,1.0,0.014285714,1.0,,,1.0
20265,29.574545,1.0,0.015873017,1.0,,,1.0
20266,21.62871,1.0,0.010204081,1.0,,,1.0
20267,15.640204,1.0,0.0,1.0,,,1.0
20268,22.78582,1.0,0.0,1.0,,,1.0
20269,17.343945,1.0,0.007194245,1.0,,,1.0
20270,15.898286,1.0,0.0,1.0,,,1.0
20271,45.96148,1.0,0.004219409,1.0,,,1.0
20272,31.15603,1.0,0.020618556,1.0,,,1.0
20273,25.465302,1.0,0.0,1.0,,,1.0
20274,4.397769,1.0,0.010309278,1.0,,,1.0
20275,25.250355,1.0,0.0,1.0,,,1.0
20276,10.481378,1.0,0.0031347962,1.0,,,1.0
20277,59.26218,1.0,0.0,1.0,,,1.0
20278,21.406734,1.0,0.0,1.0,,,1.0
20279,29.006056,1.0,0.012345679,1.0,,,1.0
20280,19.623924,1.0,0.006451613,1.0,,,1.0
20281,11.504581,1.0,0.060606062,1.0,,,1.0
20282,31.992453,1.0,0.0024813896,1.0,,,1.0
20283,4.231377,1.0,0.012121212,1.0,,,1.0
20284,73.42956,1.0,0.004115226,1.0,,,1.0
20285,45.776028,1.0,0.0036363637,1.0,,,1.0
20286,50.154434,1.0,0.003533569,1.0,,,1.0
20287,11.0226965,1.0,0.014285714,1.0,,,1.0
20288,75.03355,1.0,0.0058479533,1.0,,,1.0
20289,92.05475,1.0,0.0063897762,1.0,,,1.0
20290,89.88506,1.0,0.008474576,1.0,,,1.0
20291,30.952871,1.0,0.0042918455,1.0,,,1.0
20292,13.106652,1.0,0.0,1.0,,,1.0
20293,14.225011,1.0,0.006535948,1.0,,,1.0
20294,63.79785,1.0,0.0,1.0,,,1.0
20295,11.687971,1.0,0.0,1.0,,,1.0
20296,22.994228,1.0,0.0,1.0,,,1.0
20297,20.261177,1.0,0.0,1.0,,,1.0
20298,39.850513,1.0,0.004950495,1.0,,,1.0
20299,51.743202,1.0,0.010752688,1.0,,,1.0
20300,42.320766,1.0,0.032786883,1.0,,,1.0
20301,30.480837,1.0,0.008230452,1.0,,,1.0
20302,7.499405,1.0,0.0,1.0,,,1.0
20303,20.673845,1.0,0.022222223,1.0,,,1.0
20304,73.267296,1.0,0.0,1.0,,,1.0
20305,50.85755,1.0,0.008888889,1.0,,,1.0
20306,61.45962,1.0,0.0070422534,1.0,,,1.0
20307,9.299442,1.0,0.0,1.0,,,1.0
20308,67.00446,1.0,0.0066225166,1.0,,,1.0
20309,29.834888,1.0,0.010416667,1.0,,,1.0
20310,96.526924,1.0,0.008810572,1.0,,,1.0
20311,11.773384,1.0,0.0,1.0,,,1.0
20312,92.35006,1.0,0.0,1.0,,,1.0
20313,43.871914,1.0,0.016129032,1.0,,,1.0
20314,59.60921,1.0,0.012903226,1.0,,,1.0
20315,56.964108,1.0,0.020833334,1.0,,,1.0
20316,32.0214,1.0,0.01369863,1.0,,,1.0
20317,8.856503,1.0,0.004830918,1.0,,,1.0
20318,25.44528,1.0,0.020618556,1.0,,,1.0
20319,23.284428,1.0,0.008810572,1.0,,,1.0
20320,9.281788,1.0,0.0,1.0,,,1.0
20321,17.26332,1.0,0.0,1.0,,,1.0
20322,53.51324,1.0,0.025,1.0,,,1.0
20323,72.048134,1.0,0.0046838406,1.0,,,1.0
20324,60.079163,1.0,0.006289308,1.0,,,1.0
20325,27.597525,1.0,0.0037593986,1.0,,,1.0
20326,3.006908,1.0,0.015873017,1.0,,,1.0
20327,35.37117,1.0,0.0,1.0,,,1.0
20328,51.424828,1.0,0.01369863,1.0,,,1.0
20329,29.944387,1.0,0.0,1.0,,,1.0
20330,13.226166,1.0,0.013333334,1.0,,,1.0
20331,79.17712,1.0,0.0023041475,1.0,,,1.0
20332,9.248672,1.0,0.017094018,1.0,,,1.0
20333,64.32761,1.0,0.023255814,1.0,,,1.0
20334,107.54991,1.0,0.0,1.0,,,1.0
20335,47.46661,1.0,0.0076923077,1.0,,,1.0
20336,66.37378,1.0,0.002386635,1.0,,,1.0
20337,85.39203,1.0,0.006006006,1.0,,,1.0
20338,52.681015,1.0,0.010869565,1.0,,,1.0
20339,12.300009,1.0,0.0,1.0,,,1.0
20340,49.071426,1.0,0.0,1.0,,,1.0
20341,13.822829,1.0,0.008403362,1.0,,,1.0
20342,48.79064,1.0,0.013422819,1.0,,,1.0
20343,15.182622,1.0,0.0078125,1.0,,,1.0
20344,21.030607,1.0,0.010752688,1.0,,,1.0
20345,74.55923,1.0,0.010752688,1.0,,,1.0
20346,35.48016,1.0,0.0056497175,1.0,,,1.0
20347,41.83559,1.0,0.012903226,1.0,,,1.0
20348,22.389795,1.0,0.01010101,1.0,,,1.0
20349,44.54079,1.0,0.008810572,1.0,,,1.0
20350,7.8280964,1.0,0.022988506,1.0,,,1.0
20351,21.05285,1.0,0.006024096,1.0,,,1.0
20352,65.50862,1.0,0.003968254,1.0,,,1.0
20353,10.811478,1.0,0.0033112583,1.0,,,1.0
20354,21.518686,1.0,0.004750594,1.0,,,1.0
20355,6.7817955,1.0,0.0,1.0,,,1.0
20356,30.551092,1.0,0.0038461538,1.0,,,1.0
20357,8.96554,1.0,0.0,1.0,,,1.0
20358,37.985268,1.0,0.010050251,1.0,,,1.0
20359,11.492666,1.0,0.0,1.0,,,1.0
20360,80.49888,1.0,0.0043290043,1.0,,,1.0
20361,32.574207,1.0,0.025,1.0,,,1.0
20362,26.070076,1.0,0.008403362,1.0,,,1.0
20363,57.155567,1.0,0.012658228,1.0,,,1.0
20364,55.66456,1.0,0.009345794,1.0,,,1.0
20365,16.250355,1.0,0.0,1.0,,,1.0
20366,9.902723,1.0,0.0025445293,1.0,,,1.0
20367,66.207275,1.0,0.016,1.0,,,1.0
20368,39.971397,1.0,0.005235602,1.0,,,1.0
20369,40.31641,1.0,0.0,1.0,,,1.0
20370,32.973198,1.0,0.0046948357,1.0,,,1.0
20371,53.35954,1.0,0.014925373,1.0,,,1.0
20372,23.777042,1.0,0.0,1.0,,,1.0
20373,20.043613,1.0,0.0,1.0,,,1.0
20374,18.867086,1.0,0.0,1.0,,,1.0
20375,10.436022,1.0,0.00877193,1.0,,,1.0
20376,10.327729,1.0,0.003533569,1.0,,,1.0
20377,62.159447,1.0,0.010471204,1.0,,,1.0
20378,11.332186,1.0,0.009090909,1.0,,,1.0
20379,44.090076,1.0,0.0,1.0,,,1.0
20380,6.345237,1.0,0.023255814,1.0,,,1.0
20381,31.928665,1.0,0.024691358,1.0,,,1.0
20382,15.066961,1.0,0.0,1.0,,,1.0
20383,55.378963,1.0,0.006666667,1.0,,,1.0
20384,104.55939,1.0,0.0062111802,1.0,,,1.0
20385,16.4933,1.0,0.002570694,1.0,,,1.0
20386,19.152512,1.0,0.012048192,1.0,,,1.0
20387,51.628166,1.0,0.0,1.0,,,1.0
20388,12.320538,1.0,0.046511628,1.0,,,1.0
20389,61.87459,1.0,0.0,1.0,,,1.0
20390,26.9656,1.0,0.0,1.0,,,1.0
20391,32.803658,1.0,0.007142857,1.0,,,1.0
20392,22.967299,1.0,0.0,1.0,,,1.0
20393,22.170628,1.0,0.007633588,1.0,,,1.0
20394,27.942463,1.0,0.0036363637,1.0,,,1.0
20395,34.591675,1.0,0.018348623,1.0,,,1.0
20396,9.752035,1.0,0.0057803467,1.0,,,1.0
20397,7.1802535,1.0,0.0,1.0,,,1.0
20398,17.636772,1.0,0.0,1.0,,,1.0
20399,94.0619,1.0,0.006666667,1.0,,,1.0
20400,31.905878,1.0,0.0,1.0,,,1.0
20401,13.667544,1.0,0.0032258064,1.0,,,1.0
20402,30.564531,1.0,0.03448276,1.0,,,1.0
20403,35.419224,1.0,0.0093896715,1.0,,,1.0
20404,10.641207,1.0,0.0,1.0,,,1.0
20405,4.973444,1.0,0.006451613,1.0,,,1.0
20406,25.57826,1.0,0.01183432,1.0,,,1.0
20407,31.428375,1.0,0.0,1.0,,,1.0
20408,10.801,1.0,0.006369427,1.0,,,1.0
20409,91.68036,1.0,0.0041753654,1.0,,,1.0
20410,17.45658,1.0,0.0032258064,1.0,,,1.0
20411,35.39015,1.0,0.016393442,1.0,,,1.0
20412,5.666222,1.0,0.010752688,1.0,,,1.0
20413,39.80065,1.0,0.009756098,1.0,,,1.0
20414,30.983198,1.0,0.0,1.0,,,1.0
20415,20.673845,1.0,0.0,1.0,,,1.0
20416,49.75811,1.0,0.010471204,1.0,,,1.0
20417,41.53636,1.0,0.0093896715,1.0,,,1.0
20418,35.29845,1.0,0.004201681,1.0,,,1.0
20419,36.030533,1.0,0.0,1.0,,,1.0
20420,6.815981,1.0,0.0,1.0,,,1.0
20421,31.125488,1.0,0.0,1.0,,,1.0
20422,40.982872,1.0,0.005291005,1.0,,,1.0
20423,3.083501,1.0,0.0,1.0,,,1.0
20424,20.764761,1.0,0.0,1.0,,,1.0
20425,10.527166,1.0,0.0,1.0,,,1.0
20426,27.223204,1.0,0.010695187,1.0,,,1.0
20427,17.246729,1.0,0.0070422534,1.0,,,1.0
20428,109.534454,1.0,0.004405286,1.0,,,1.0
20429,11.474963,1.0,0.0,1.0,,,1.0
20430,8.466821,1.0,0.0049261083,1.0,,,1.0
20431,54.59127,1.0,0.005882353,1.0,,,1.0
20432,62.885365,1.0,0.007936508,1.0,,,1.0
20433,6.0573006,1.0,0.0038461538,1.0,,,1.0
20434,81.59623,1.0,0.012048192,1.0,,,1.0
20435,10.103751,1.0,0.007874016,1.0,,,1.0
20436,15.443169,1.0,0.005586592,1.0,,,1.0
20437,29.648909,1.0,0.0021413276,1.0,,,1.0
20438,20.054337,1.0,0.0027777778,1.0,,,1.0
20439,11.430999,1.0,0.0025445293,1.0,,,1.0
20440,46.634182,1.0,0.005263158,1.0,,,1.0
20441,12.263607,1.0,0.020408163,1.0,,,1.0
20442,62.506805,1.0,0.0068965517,1.0,,,1.0
20443,18.931227,1.0,0.0,1.0,,,1.0
20444,61.175056,1.0,0.004166667,1.0,,,1.0
20445,67.00446,1.0,0.009302326,1.0,,,1.0
20446,56.591736,1.0,0.009708738,1.0,,,1.0
20447,81.40033,1.0,0.015748031,1.0,,,1.0
20448,29.085136,1.0,0.022727273,1.0,,,1.0
20449,100.17136,1.0,0.0046620048,1.0,,,1.0
20450,17.857367,1.0,0.0,1.0,,,1.0
20451,51.840786,1.0,0.0053908355,1.0,,,1.0
20452,63.177364,1.0,0.0,1.0,,,1.0
20453,99.413185,1.0,0.0032573289,1.0,,,1.0
20454,46.437695,1.0,0.005509642,1.0,,,1.0
20455,102.64424,1.0,0.006369427,1.0,,,1.0
20456,76.991905,1.0,0.008368201,1.0,,,1.0
20457,19.22521,1.0,0.0,1.0,,,1.0
20458,9.397729,1.0,0.028571429,1.0,,,1.0
20459,17.710821,1.0,0.0031545742,1.0,,,1.0
20460,53.242424,1.0,0.0,1.0,,,1.0
20461,7.107679,1.0,0.0065789474,1.0,,,1.0
20462,27.434822,1.0,0.009852217,1.0,,,1.0
20463,41.44456,1.0,0.004454343,1.0,,,1.0
20464,19.880505,1.0,0.0,1.0,,,1.0
20465,31.881863,1.0,0.019607844,1.0,,,1.0
20466,52.37834,1.0,0.0,1.0,,,1.0
20467,76.26888,1.0,0.007751938,1.0,,,1.0
20468,15.753719,1.0,0.014285714,1.0,,,1.0
20469,4.5458045,1.0,0.0,1.0,,,1.0
20470,6.499596,1.0,0.0,1.0,,,1.0
20471,94.55113,1.0,0.0056980057,1.0,,,1.0
20472,3.7037048,1.0,0.0,1.0,,,1.0
20473,3.873303,1.0,0.0040816325,1.0,,,1.0
20474,13.226166,1.0,0.015625,1.0,,,1.0
20475,63.230316,1.0,0.0,1.0,,,1.0
20476,50.546425,1.0,0.0078125,1.0,,,1.0
20477,9.886144,1.0,0.006756757,1.0,,,1.0
20478,9.954104,1.0,0.05263158,1.0,,,1.0
20479,109.3226,1.0,0.0024783148,1.0,,,1.0
20480,21.93491,1.0,0.037037037,1.0,,,1.0
20481,12.227819,1.0,0.005181347,1.0,,,1.0
20482,37.080826,1.0,0.007874016,1.0,,,1.0
20483,53.516483,1.0,0.0,1.0,,,1.0
20484,4.1716666,1.0,0.0028735632,1.0,,,1.0
20485,32.648952,1.0,0.010526316,1.0,,,1.0
20486,33.377384,1.0,0.0,1.0,,,1.0
20487,51.792812,1.0,0.006289308,1.0,,,1.0
20488,15.433346,1.0,0.009615385,1.0,,,1.0
20489,21.133986,1.0,0.0,1.0,,,1.0
20490,3.3304343,1.0,0.0,1.0,,,1.0
20491,27.459711,1.0,0.011904762,1.0,,,1.0
20492,64.768616,1.0,0.0,1.0,,,1.0
20493,78.42523,1.0,0.007168459,1.0,,,1.0
20494,6.782314,1.0,0.0,1.0,,,1.0
20495,2.5577996,1.0,0.0,1.0,,,1.0
20496,44.910854,1.0,0.0024213076,1.0,,,1.0
20497,2.7385535,1.0,0.0,1.0,,,1.0
20498,57.07793,1.0,0.004819277,1.0,,,1.0
20499,65.62722,1.0,0.007067138,1.0,,,1.0
20500,67.420876,1.0,0.0,1.0,,,1.0
20501,73.22008,1.0,0.004310345,1.0,,,1.0
20502,13.051129,1.0,0.0,1.0,,,1.0
20503,88.78885,1.0,0.005524862,1.0,,,1.0
20504,33.94671,1.0,0.016,1.0,,,1.0
20505,50.058445,1.0,0.0065789474,1.0,,,1.0
20506,21.074625,1.0,0.013157895,1.0,,,1.0
20507,19.767784,1.0,0.005952381,1.0,,,1.0
20508,4.8444963,1.0,0.0,1.0,,,1.0
20509,13.081677,1.0,0.007434944,1.0,,,1.0
20510,42.497894,1.0,0.0025188916,1.0,,,1.0
20511,10.343806,1.0,0.006134969,1.0,,,1.0
20512,40.08159,1.0,0.01724138,1.0,,,1.0
20513,29.71264,1.0,0.0,1.0,,,1.0
20514,11.112258,1.0,0.0,1.0,,,1.0
20515,33.345943,1.0,0.004716981,1.0,,,1.0
20516,117.37837,1.0,0.0053908355,1.0,,,1.0
20517,26.844906,1.0,0.00862069,1.0,,,1.0
20518,23.282707,1.0,0.0056818184,1.0,,,1.0
20519,51.961277,1.0,0.0,1.0,,,1.0
20520,33.258663,1.0,0.01438849,1.0,,,1.0
20521,3.771657,1.0,0.008438818,1.0,,,1.0
20522,9.3155,1.0,0.0,1.0,,,1.0
20523,71.0438,1.0,0.0050125313,1.0,,,1.0
20524,25.88494,1.0,0.0,1.0,,,1.0
20525,8.769673,1.0,0.0,1.0,,,1.0
20526,41.55243,1.0,0.004310345,1.0,,,1.0
20527,85.39203,1.0,0.0056179776,1.0,,,1.0
20528,80.10159,1.0,0.0056980057,1.0,,,1.0
20529,29.442703,1.0,0.009569378,1.0,,,1.0
20530,35.293827,1.0,0.0,1.0,,,1.0
20531,25.298908,1.0,0.028985508,1.0,,,1.0
20532,14.511202,1.0,0.0,1.0,,,1.0
20533,66.769264,1.0,0.0054644807,1.0,,,1.0
20534,43.67976,1.0,0.0070921984,1.0,,,1.0
20535,80.03177,1.0,0.004149378,1.0,,,1.0
20536,27.74964,1.0,0.0124223605,1.0,,,1.0
20537,34.56524,1.0,0.0067114094,1.0,,,1.0
20538,15.523811,1.0,0.0044345898,1.0,,,1.0
20539,18.178839,1.0,0.006688963,1.0,,,1.0
20540,15.635905,1.0,0.0,1.0,,,1.0
20541,37.204697,1.0,0.007067138,1.0,,,1.0
20542,53.51324,1.0,0.0099502485,1.0,,,1.0
20543,40.68799,1.0,0.0,1.0,,,1.0
20544,33.17813,1.0,0.0,1.0,,,1.0
20545,16.10021,1.0,0.0068965517,1.0,,,1.0
20546,8.373679,1.0,0.0,1.0,,,1.0
20547,58.166348,1.0,0.02020202,1.0,,,1.0
20548,10.856524,1.0,0.0,1.0,,,1.0
20549,85.70176,1.0,0.0,1.0,,,1.0
20550,20.42838,1.0,0.0,1.0,,,1.0
20551,63.108883,1.0,0.0,1.0,,,1.0
20552,11.7185,1.0,0.02,1.0,,,1.0
20553,50.09643,1.0,0.012987013,1.0,,,1.0
20554,86.02153,1.0,0.012048192,1.0,,,1.0
20555,100.17136,1.0,0.008368201,1.0,,,1.0
20556,39.306293,1.0,0.004484305,1.0,,,1.0
20557,38.875538,1.0,0.0,1.0,,,1.0
20558,10.496203,1.0,0.015873017,1.0,,,1.0
20559,21.87458,1.0,0.0,1.0,,,1.0
20560,55.549763,1.0,0.003816794,1.0,,,1.0
20561,37.56037,1.0,0.0065789474,1.0,,,1.0
20562,5.5202394,1.0,0.0,1.0,,,1.0
20563,2.4267132,1.0,0.016666668,1.0,,,1.0
20564,23.667639,1.0,0.0125,1.0,,,1.0
20565,64.03762,1.0,0.0043956046,1.0,,,1.0
20566,92.05475,1.0,0.0069444445,1.0,,,1.0
20567,22.852371,1.0,0.028571429,1.0,,,1.0
20568,48.068512,1.0,0.0036630037,1.0,,,1.0
20569,18.450565,1.0,0.0,1.0,,,1.0
20570,94.40702,1.0,0.0061919503,1.0,,,1.0
20571,84.1685,1.0,0.011976048,1.0,,,1.0
20572,9.902665,1.0,0.0,1.0,,,1.0
20573,4.8448906,1.0,0.0057142857,1.0,,,1.0
20574,55.130615,1.0,0.03125,1.0,,,1.0
20575,14.740848,1.0,0.005181347,1.0,,,1.0
20576,48.740227,1.0,0.013605442,1.0,,,1.0
20577,24.945095,1.0,0.0,1.0,,,1.0
20578,37.936806,1.0,0.0064102565,1.0,,,1.0
20579,2.842902,1.0,0.0062111802,1.0,,,1.0
20580,8.895109,1.0,0.0,1.0,,,1.0
20581,62.83131,1.0,0.0054054055,1.0,,,1.0
20582,53.86719,1.0,0.011764706,1.0,,,1.0
20583,41.713356,1.0,0.0,1.0,,,1.0
20584,28.86178,1.0,0.0016977929,1.0,,,1.0
20585,13.629019,1.0,0.0,1.0,,,1.0
20586,66.481125,1.0,0.0068965517,1.0,,,1.0
20587,7.6939263,1.0,0.0,1.0,,,1.0
20588,29.209387,1.0,0.0,1.0,,,1.0
20589,38.72099,1.0,0.010638298,1.0,,,1.0
20590,30.155367,1.0,0.020833334,1.0,,,1.0
20591,43.460087,1.0,0.008264462,1.0,,,1.0
20592,124.35362,1.0,0.0019011407,1.0,,,1.0
20593,22.275738,1.0,0.006369427,1.0,,,1.0
20594,22.156818,1.0,0.004784689,1.0,,,1.0
20595,38.97548,1.0,0.0057471264,1.0,,,1.0
20596,59.60921,1.0,0.004842615,1.0,,,1.0
20597,84.1685,1.0,0.022222223,1.0,,,1.0
20598,59.01623,1.0,0.010256411,1.0,,,1.0
20599,32.055897,1.0,0.007518797,1.0,,,1.0
20600,76.26888,1.0,0.010050251,1.0,,,1.0
20601,20.347841,1.0,0.005291005,1.0,,,1.0
20602,49.618633,1.0,0.003984064,1.0,,,1.0
20603,27.91127,1.0,0.015267176,1.0,,,1.0
20604,17.995594,1.0,0.0051020407,1.0,,,1.0
20605,37.69992,1.0,0.004255319,1.0,,,1.0
20606,88.78885,1.0,0.008547009,1.0,,,1.0
20607,75.32171,1.0,0.0,1.0,,,1.0
20608,18.316196,1.0,0.0,1.0,,,1.0
20609,60.52878,1.0,0.012269938,1.0,,,1.0
20610,4.6312404,1.0,0.01923077,1.0,,,1.0
20611,12.294084,1.0,0.018348623,1.0,,,1.0
20612,36.557713,1.0,0.006802721,1.0,,,1.0
20613,95.992195,1.0,0.011627907,1.0,,,1.0
20614,33.175777,1.0,0.0058479533,1.0,,,1.0
20615,41.015022,1.0,0.025,1.0,,,1.0
20616,4.545144,1.0,0.018181818,1.0,,,1.0
20617,56.75114,1.0,0.018867925,1.0,,,1.0
20618,7.999671,1.0,0.012345679,1.0,,,1.0
20619,68.33606,1.0,0.005050505,1.0,,,1.0
20620,50.546425,1.0,0.01754386,1.0,,,1.0
20621,66.769264,1.0,0.0031545742,1.0,,,1.0
20622,81.40033,1.0,0.004255319,1.0,,,1.0
20623,64.03762,1.0,0.01,1.0,,,1.0
20624,14.883355,1.0,0.0,1.0,,,1.0
20625,37.328815,1.0,0.0,1.0,,,1.0
20626,9.598059,1.0,0.018181818,1.0,,,1.0
20627,84.34471,1.0,0.0074626864,1.0,,,1.0
20628,22.292868,1.0,0.012738854,1.0,,,1.0
20629,53.51324,1.0,0.0124223605,1.0,,,1.0
20630,47.121517,1.0,0.009302326,1.0,,,1.0
20631,24.788322,1.0,0.0,1.0,,,1.0
20632,19.134565,1.0,0.0,1.0,,,1.0
20633,3.724733,1.0,0.08,1.0,,,1.0
20634,32.648952,1.0,0.018867925,1.0,,,1.0
20635,13.736004,1.0,0.0,1.0,,,1.0
20636,12.138094,1.0,0.015384615,1.0,,,1.0
20637,20.56387,1.0,0.016949153,1.0,,,1.0
20638,26.868,1.0,0.0,1.0,,,1.0
20639,35.39015,1.0,0.008196721,1.0,,,1.0
20640,87.37963,1.0,0.006849315,1.0,,,1.0
20641,21.962276,1.0,0.011111111,1.0,,,1.0
20642,22.008106,1.0,0.0,1.0,,,1.0
20643,34.06485,1.0,0.0017889087,1.0,,,1.0
20644,31.391384,1.0,0.018181818,1.0,,,1.0
20645,5.7442684,1.0,0.0,1.0,,,1.0
20646,53.47464,1.0,0.004555809,1.0,,,1.0
20647,109.534454,1.0,0.004338395,1.0,,,1.0
20648,1.7735065,1.0,0.0,1.0,,,1.0
20649,28.918488,1.0,0.0,1.0,,,1.0
20650,8.882333,1.0,0.0,1.0,,,1.0
20651,46.634182,1.0,0.0625,1.0,,,1.0
20652,2.5141788,1.0,0.016393442,1.0,,,1.0
20653,24.988256,1.0,0.0125,1.0,,,1.0
20654,82.19594,1.0,0.0049875313,1.0,,,1.0
20655,24.43864,1.0,0.0,1.0,,,1.0
20656,34.42337,1.0,0.010309278,1.0,,,1.0
20657,2.918788,1.0,0.0,1.0,,,1.0
20658,6.8300033,1.0,0.0,1.0,,,1.0
20659,102.72474,1.0,0.0057636886,1.0,,,1.0
20660,18.85262,1.0,0.021978023,1.0,,,1.0
20661,13.37858,1.0,0.0061728396,1.0,,,1.0
20662,52.834007,1.0,0.008032128,1.0,,,1.0
20663,35.344078,1.0,0.003690037,1.0,,,1.0
20664,19.37066,1.0,0.0,1.0,,,1.0
20665,109.534454,1.0,0.0065146578,1.0,,,1.0
20666,25.579702,1.0,0.0,1.0,,,1.0
20667,9.948347,1.0,0.0091743115,1.0,,,1.0
20668,18.944054,1.0,0.00862069,1.0,,,1.0
20669,23.818201,1.0,0.016,1.0,,,1.0
20670,62.83131,1.0,0.002739726,1.0,,,1.0
20671,12.040398,1.0,0.0,1.0,,,1.0
20672,96.84659,1.0,0.008547009,1.0,,,1.0
20673,73.85746,1.0,0.0076045627,1.0,,,1.0
20674,36.030533,1.0,0.0,1.0,,,1.0
20675,137.15147,1.0,0.008810572,1.0,,,1.0
20676,29.145634,1.0,0.012269938,1.0,,,1.0
20677,5.9617395,1.0,0.04347826,1.0,,,1.0
20678,70.53568,1.0,0.0054945056,1.0,,,1.0
20679,37.615612,1.0,0.006451613,1.0,,,1.0
20680,13.707141,1.0,0.007518797,1.0,,,1.0
20681,16.46867,1.0,0.008163265,1.0,,,1.0
20682,50.445942,1.0,0.004524887,1.0,,,1.0
20683,4.8624506,1.0,0.0,1.0,,,1.0
20684,53.51324,1.0,0.0037453184,1.0,,,1.0
20685,10.610199,1.0,0.0,1.0,,,1.0
20686,6.47391,1.0,0.03508772,1.0,,,1.0
20687,38.130116,1.0,0.010256411,1.0,,,1.0
20688,86.73833,1.0,0.0,1.0,,,1.0
20689,5.6473055,1.0,0.007751938,1.0,,,1.0
20690,15.461559,1.0,0.011904762,1.0,,,1.0
20691,22.847801,1.0,0.0058479533,1.0,,,1.0
20692,23.198614,1.0,0.028985508,1.0,,,1.0
20693,9.65194,1.0,0.011764706,1.0,,,1.0
20694,47.121517,1.0,0.010204081,1.0,,,1.0
20695,18.406504,1.0,0.0,1.0,,,1.0
20696,15.497971,1.0,0.0,1.0,,,1.0
20697,5.7119327,1.0,0.0,1.0,,,1.0
20698,29.94511,1.0,0.0,1.0,,,1.0
20699,57.155567,1.0,0.008547009,1.0,,,1.0
20700,7.570522,1.0,0.0061728396,1.0,,,1.0
20701,50.651142,1.0,0.0,1.0,,,1.0
20702,36.165085,1.0,0.013513514,1.0,,,1.0
20703,36.127262,1.0,0.006644518,1.0,,,1.0
20704,27.191925,1.0,0.020408163,1.0,,,1.0
20705,26.674435,1.0,0.012987013,1.0,,,1.0
20706,22.45595,1.0,0.0,1.0,,,1.0
20707,54.456646,1.0,0.0042918455,1.0,,,1.0
20708,68.1871,1.0,0.003533569,1.0,,,1.0
20709,46.634182,1.0,0.011904762,1.0,,,1.0
20710,41.30865,1.0,0.0076923077,1.0,,,1.0
20711,21.652164,1.0,0.008333334,1.0,,,1.0
20712,13.144845,1.0,0.0,1.0,,,1.0
20713,105.86188,1.0,0.0055710305,1.0,,,1.0
20714,47.477528,1.0,0.0,1.0,,,1.0
20715,57.555965,1.0,0.009615385,1.0,,,1.0
20716,23.220232,1.0,0.008,1.0,,,1.0
20717,9.875513,1.0,0.0,1.0,,,1.0
20718,27.356604,1.0,0.0067114094,1.0,,,1.0
20719,33.205894,1.0,0.009433962,1.0,,,1.0
20720,33.97899,1.0,0.003322259,1.0,,,1.0
20721,67.00446,1.0,0.0049261083,1.0,,,1.0
20722,23.2515,1.0,0.0049875313,1.0,,,1.0
20723,20.340458,1.0,0.008333334,1.0,,,1.0
20724,76.26888,1.0,0.011560693,1.0,,,1.0
20725,31.961271,1.0,0.00877193,1.0,,,1.0
20726,27.43373,1.0,0.006849315,1.0,,,1.0
20727,26.910463,1.0,0.00862069,1.0,,,1.0
20728,25.875025,1.0,0.0,1.0,,,1.0
20729,69.440056,1.0,0.00921659,1.0,,,1.0
20730,26.279182,1.0,0.0046296297,1.0,,,1.0
20731,102.72474,1.0,0.004796163,1.0,,,1.0
20732,36.253323,1.0,0.010526316,1.0,,,1.0
20733,51.792812,1.0,0.006666667,1.0,,,1.0
20734,10.124292,1.0,0.0,1.0,,,1.0
20735,19.544119,1.0,0.004219409,1.0,,,1.0
20736,3.2204907,1.0,0.0,1.0,,,1.0
20737,64.03762,1.0,0.004484305,1.0,,,1.0
20738,48.72588,1.0,0.010526316,1.0,,,1.0
20739,18.274612,1.0,0.04347826,1.0,,,1.0
20740,49.10451,1.0,0.0049751243,1.0,,,1.0
20741,22.17755,1.0,0.0,1.0,,,1.0
20742,49.648373,1.0,0.004962779,1.0,,,1.0
20743,23.734163,1.0,0.0,1.0,,,1.0
20744,13.783786,1.0,0.002375297,1.0,,,1.0
20745,17.132782,1.0,0.020408163,1.0,,,1.0
20746,10.785391,1.0,0.015503876,1.0,,,1.0
20747,7.756599,1.0,0.0,1.0,,,1.0
20748,35.156918,1.0,0.0,1.0,,,1.0
20749,42.33811,1.0,0.0078125,1.0,,,1.0
20750,19.592306,1.0,0.00921659,1.0,,,1.0
20751,30.445543,1.0,0.0039525693,1.0,,,1.0
20752,10.887883,1.0,0.0,1.0,,,1.0
20753,26.72067,1.0,0.0038834952,1.0,,,1.0
20754,13.928883,1.0,0.0,1.0,,,1.0
20755,15.580753,1.0,0.012345679,1.0,,,1.0
20756,3.644667,1.0,0.0020283975,1.0,,,1.0
20757,55.66456,1.0,0.0070921984,1.0,,,1.0
20758,56.02844,1.0,0.0049261083,1.0,,,1.0
20759,17.995594,1.0,0.0,1.0,,,1.0
20760,36.51394,1.0,0.0,1.0,,,1.0
20761,22.170992,1.0,0.012658228,1.0,,,1.0
20762,11.767868,1.0,0.015873017,1.0,,,1.0
20763,67.00446,1.0,0.0121951215,1.0,,,1.0
20764,41.639072,1.0,0.0036630037,1.0,,,1.0
20765,0.3263631,1.0,0.0,1.0,,,1.0
20766,30.927547,1.0,0.002754821,1.0,,,1.0
20767,67.477745,1.0,0.009345794,1.0,,,1.0
20768,5.511572,1.0,0.023255814,1.0,,,1.0
20769,36.037506,1.0,0.011049724,1.0,,,1.0
20770,9.597986,1.0,0.09090909,1.0,,,1.0
20771,15.862548,1.0,0.011764706,1.0,,,1.0
20772,50.154015,1.0,0.003868472,1.0,,,1.0
20773,51.792812,1.0,0.014925373,1.0,,,1.0
20774,102.88374,1.0,0.0033955858,1.0,,,1.0
20775,56.29079,1.0,0.010204081,1.0,,,1.0
20776,28.593393,1.0,0.0,1.0,,,1.0
20777,30.686073,1.0,0.0,1.0,,,1.0
20778,15.334364,1.0,0.0,1.0,,,1.0
20779,78.47665,1.0,0.00754717,1.0,,,1.0
20780,62.82736,1.0,0.0043010754,1.0,,,1.0
20781,23.667639,1.0,0.009708738,1.0,,,1.0
20782,3.2562957,1.0,0.0,1.0,,,1.0
20783,7.162088,1.0,0.029411765,1.0,,,1.0
20784,38.97548,1.0,0.0,1.0,,,1.0
20785,15.912369,1.0,0.0039525693,1.0,,,1.0
20786,27.449228,1.0,0.00896861,1.0,,,1.0
20787,24.49267,1.0,0.0,1.0,,,1.0
20788,14.479989,1.0,0.003921569,1.0,,,1.0
20789,92.882454,1.0,0.0030721966,1.0,,,1.0
20790,7.499405,1.0,0.020618556,1.0,,,1.0
20791,18.123348,1.0,0.0028169013,1.0,,,1.0
20792,8.959865,1.0,0.022222223,1.0,,,1.0
20793,112.43434,1.0,0.0038610038,1.0,,,1.0
20794,73.267296,1.0,0.0049751243,1.0,,,1.0
20795,4.1542654,1.0,0.0,1.0,,,1.0
20796,67.00446,1.0,0.0036630037,1.0,,,1.0
20797,54.561714,1.0,0.008264462,1.0,,,1.0
20798,18.509695,1.0,0.0,1.0,,,1.0
20799,33.16621,1.0,0.029850746,1.0,,,1.0
20800,54.494526,1.0,0.00625,1.0,,,1.0
20801,24.065426,1.0,0.0051020407,1.0,,,1.0
20802,15.152315,1.0,0.0,1.0,,,1.0
20803,33.799633,1.0,0.010362694,1.0,,,1.0
20804,29.944487,1.0,0.003921569,1.0,,,1.0
20805,6.390437,1.0,0.0,1.0,,,1.0
20806,74.48423,1.0,0.006993007,1.0,,,1.0
20807,38.98328,1.0,0.0067114094,1.0,,,1.0
20808,46.614365,1.0,0.0,1.0,,,1.0
20809,30.99598,1.0,0.01923077,1.0,,,1.0
20810,16.146418,1.0,0.014084507,1.0,,,1.0
20811,68.1871,1.0,0.007751938,1.0,,,1.0
20812,28.939835,1.0,0.010526316,1.0,,,1.0
20813,17.45658,1.0,0.0088495575,1.0,,,1.0
20814,33.345943,1.0,0.007352941,1.0,,,1.0
20815,29.944387,1.0,0.011363637,1.0,,,1.0
20816,11.133518,1.0,0.0,1.0,,,1.0
20817,82.545975,1.0,0.008888889,1.0,,,1.0
20818,65.23029,1.0,0.007968128,1.0,,,1.0
20819,6.855558,1.0,0.0,1.0,,,1.0
20820,0.0,1.0,0.0,1.0,,,1.0
20821,10.824467,1.0,0.018518519,1.0,,,1.0
20822,29.980742,1.0,0.011428571,1.0,,,1.0
20823,19.82244,1.0,0.0,1.0,,,1.0
20824,73.42956,1.0,0.004484305,1.0,,,1.0
20825,43.871914,1.0,0.013605442,1.0,,,1.0
20826,32.96143,1.0,0.012903226,1.0,,,1.0
20827,29.574545,1.0,0.011363637,1.0,,,1.0
20828,33.587234,1.0,0.007874016,1.0,,,1.0
20829,37.69992,1.0,0.0,1.0,,,1.0
20830,26.163624,1.0,0.011111111,1.0,,,1.0
20831,29.606997,1.0,0.0,1.0,,,1.0
20832,6.823083,1.0,0.0,1.0,,,1.0
20833,26.163624,1.0,0.009259259,1.0,,,1.0
20834,15.334187,1.0,0.0,1.0,,,1.0
20835,14.231727,1.0,0.0,1.0,,,1.0
20836,83.81478,1.0,0.0,1.0,,,1.0
20837,43.452435,1.0,0.008,1.0,,,1.0
20838,10.344504,1.0,0.0,1.0,,,1.0
20839,53.371506,1.0,0.013245033,1.0,,,1.0
20840,42.433804,1.0,0.011235955,1.0,,,1.0
20841,67.00446,1.0,0.0038910506,1.0,,,1.0
20842,42.2408,1.0,0.025,1.0,,,1.0
20843,20.842083,1.0,0.00913242,1.0,,,1.0
20844,23.022861,1.0,0.0043290043,1.0,,,1.0
20845,7.756135,1.0,0.0,1.0,,,1.0
20846,9.974169,1.0,0.010526316,1.0,,,1.0
20847,42.68453,1.0,0.004040404,1.0,,,1.0
20848,11.880873,1.0,0.0,1.0,,,1.0
20849,14.431294,1.0,0.0021786492,1.0,,,1.0
20850,32.72477,1.0,0.0070422534,1.0,,,1.0
20851,19.499495,1.0,0.0,1.0,,,1.0
20852,59.929024,1.0,0.00877193,1.0,,,1.0
20853,33.345943,1.0,0.011235955,1.0,,,1.0
20854,38.605515,1.0,0.0064935065,1.0,,,1.0
20855,2.697255,1.0,0.0,1.0,,,1.0
20856,38.739883,1.0,0.0,1.0,,,1.0
20857,34.806614,1.0,0.0,1.0,,,1.0
20858,16.672102,1.0,0.0,1.0,,,1.0
20859,30.32856,1.0,0.0034364262,1.0,,,1.0
20860,37.873116,1.0,0.0,1.0,,,1.0
20861,17.021608,1.0,0.0,1.0,,,1.0
20862,59.80664,1.0,0.017391304,1.0,,,1.0
20863,64.09825,1.0,0.004524887,1.0,,,1.0
20864,54.561714,1.0,0.0037664783,1.0,,,1.0
20865,28.26209,1.0,0.0,1.0,,,1.0
20866,41.70995,1.0,0.002247191,1.0,,,1.0
20867,32.72313,1.0,0.0,1.0,,,1.0
20868,11.767868,1.0,0.008547009,1.0,,,1.0
20869,28.35591,1.0,0.0,1.0,,,1.0
20870,5.80144,1.0,0.0,1.0,,,1.0
20871,109.534454,1.0,0.0068965517,1.0,,,1.0
20872,41.959114,1.0,0.0076923077,1.0,,,1.0
20873,35.39015,1.0,0.014285714,1.0,,,1.0
20874,75.53186,1.0,0.0053908355,1.0,,,1.0
20875,20.348982,1.0,0.011111111,1.0,,,1.0
20876,47.930298,1.0,0.011764706,1.0,,,1.0
20877,11.328787,1.0,0.018181818,1.0,,,1.0
20878,14.535093,1.0,0.0038461538,1.0,,,1.0
20879,59.166702,1.0,0.010050251,1.0,,,1.0
20880,36.605022,1.0,0.011494253,1.0,,,1.0
20881,109.534454,1.0,0.004040404,1.0,,,1.0
20882,54.219826,1.0,0.008230452,1.0,,,1.0
20883,36.89534,1.0,0.0,1.0,,,1.0
20884,4.600851,1.0,0.014492754,1.0,,,1.0
20885,6.857017,1.0,0.008733625,1.0,,,1.0
20886,55.60791,1.0,0.0028490028,1.0,,,1.0
20887,66.481125,1.0,0.0024038462,1.0,,,1.0
20888,33.70337,1.0,0.0031347962,1.0,,,1.0
20889,7.0237474,1.0,0.0,1.0,,,1.0
20890,17.99455,1.0,0.0,1.0,,,1.0
20891,12.620288,1.0,0.0,1.0,,,1.0
20892,30.039656,1.0,0.008928572,1.0,,,1.0
20893,44.951385,1.0,0.013793103,1.0,,,1.0
20894,21.524527,1.0,0.010526316,1.0,,,1.0
20895,48.068512,1.0,0.0,1.0,,,1.0
20896,59.164825,1.0,0.015625,1.0,,,1.0
20897,80.49888,1.0,0.011976048,1.0,,,1.0
20898,13.011626,1.0,0.016949153,1.0,,,1.0
20899,17.221462,1.0,0.0068728523,1.0,,,1.0
20900,46.33236,1.0,0.00990099,1.0,,,1.0
20901,37.756363,1.0,0.004651163,1.0,,,1.0
20902,27.416014,1.0,0.0,1.0,,,1.0
20903,45.66446,1.0,0.005586592,1.0,,,1.0
20904,20.530119,1.0,0.0,1.0,,,1.0
20905,44.951385,1.0,0.021505376,1.0,,,1.0
20906,49.67842,1.0,0.01010101,1.0,,,1.0
20907,100.01263,1.0,0.006369427,1.0,,,1.0
20908,22.312504,1.0,0.022727273,1.0,,,1.0
20909,51.743202,1.0,0.00877193,1.0,,,1.0
20910,49.618633,1.0,0.004784689,1.0,,,1.0
20911,16.443638,1.0,0.001934236,1.0,,,1.0
20912,10.792299,1.0,0.0054945056,1.0,,,1.0
20913,23.377945,1.0,0.0,1.0,,,1.0
20914,43.676426,1.0,0.007168459,1.0,,,1.0
20915,16.475462,1.0,0.0051282053,1.0,,,1.0
20916,18.509695,1.0,0.017391304,1.0,,,1.0
20917,33.63226,1.0,0.008695652,1.0,,,1.0
20918,26.17644,1.0,0.011904762,1.0,,,1.0
20919,45.316986,1.0,0.004651163,1.0,,,1.0
20920,27.253378,1.0,0.0046838406,1.0,,,1.0
20921,23.11591,1.0,0.00486618,1.0,,,1.0
20922,9.910228,1.0,0.023809524,1.0,,,1.0
20923,90.652725,1.0,0.0,1.0,,,1.0
20924,86.02153,1.0,0.029411765,1.0,,,1.0
20925,20.810743,1.0,0.0,1.0,,,1.0
20926,30.460304,1.0,0.0,1.0,,,1.0
20927,37.56037,1.0,0.006557377,1.0,,,1.0
20928,31.768429,1.0,0.0054644807,1.0,,,1.0
20929,33.583973,1.0,0.004842615,1.0,,,1.0
20930,22.706106,1.0,0.025641026,1.0,,,1.0
20931,57.42195,1.0,0.0062111802,1.0,,,1.0
20932,20.754004,1.0,0.029411765,1.0,,,1.0
20933,36.557713,1.0,0.018018018,1.0,,,1.0
20934,60.758087,1.0,0.0057306592,1.0,,,1.0
20935,43.2561,1.0,0.004385965,1.0,,,1.0
20936,38.96952,1.0,0.025316456,1.0,,,1.0
20937,22.536388,1.0,0.0032786885,1.0,,,1.0
20938,103.32655,1.0,0.006756757,1.0,,,1.0
20939,50.69837,1.0,0.0,1.0,,,1.0
20940,29.143517,1.0,0.0091743115,1.0,,,1.0
20941,6.9648104,1.0,0.0,1.0,,,1.0
20942,5.0518303,1.0,0.0051282053,1.0,,,1.0
20943,71.00416,1.0,0.008298756,1.0,,,1.0
20944,17.301216,1.0,0.0,1.0,,,1.0
20945,104.3949,1.0,0.009090909,1.0,,,1.0
20946,8.650054,1.0,0.0,1.0,,,1.0
20947,20.823248,1.0,0.015384615,1.0,,,1.0
20948,45.22481,1.0,0.009345794,1.0,,,1.0
20949,15.279284,1.0,0.0,1.0,,,1.0
20950,55.130615,1.0,0.014705882,1.0,,,1.0
20951,26.529806,1.0,0.006116208,1.0,,,1.0
20952,11.95074,1.0,0.032258064,1.0,,,1.0
20953,10.178233,1.0,0.0,1.0,,,1.0
20954,72.048134,1.0,0.004962779,1.0,,,1.0
20955,48.79064,1.0,0.00625,1.0,,,1.0
20956,13.402913,1.0,0.0,1.0,,,1.0
20957,18.509695,1.0,0.0,1.0,,,1.0
20958,33.59411,1.0,0.016129032,1.0,,,1.0
20959,37.615612,1.0,0.004830918,1.0,,,1.0
20960,29.145634,1.0,0.0,1.0,,,1.0
20961,42.670406,1.0,0.0023094688,1.0,,,1.0
20962,17.802874,1.0,0.0,1.0,,,1.0
20963,17.862709,1.0,0.0,1.0,,,1.0
20964,27.416014,1.0,0.010256411,1.0,,,1.0
20965,40.84468,1.0,0.008130081,1.0,,,1.0
20966,17.936409,1.0,0.003012048,1.0,,,1.0
20967,25.225025,1.0,0.02,1.0,,,1.0
20968,65.14389,1.0,0.005181347,1.0,,,1.0
20969,3.9405944,1.0,0.0,1.0,,,1.0
20970,22.706446,1.0,0.046511628,1.0,,,1.0
20971,67.75076,1.0,0.007936508,1.0,,,1.0
20972,30.306885,1.0,0.005952381,1.0,,,1.0
20973,37.57658,1.0,0.005154639,1.0,,,1.0
20974,26.358833,1.0,0.003690037,1.0,,,1.0
20975,47.65984,1.0,0.0041237115,1.0,,,1.0
20976,4.928723,1.0,0.01904762,1.0,,,1.0
20977,45.692894,1.0,0.004201681,1.0,,,1.0
20978,53.168434,1.0,0.02020202,1.0,,,1.0
20979,19.17163,1.0,0.014184397,1.0,,,1.0
20980,19.761812,1.0,0.007246377,1.0,,,1.0
20981,4.324287,1.0,0.0032786885,1.0,,,1.0
20982,20.20709,1.0,0.0,1.0,,,1.0
20983,40.459732,1.0,0.0121951215,1.0,,,1.0
20984,47.042557,1.0,0.025641026,1.0,,,1.0
20985,33.109562,1.0,0.0032051282,1.0,,,1.0
20986,9.192943,1.0,0.0,1.0,,,1.0
20987,21.613092,1.0,0.054054055,1.0,,,1.0
20988,28.68378,1.0,0.011235955,1.0,,,1.0
20989,28.975943,1.0,0.021978023,1.0,,,1.0
20990,26.082012,1.0,0.0,1.0,,,1.0
20991,32.081238,1.0,0.032258064,1.0,,,1.0
20992,56.67572,1.0,0.0035587188,1.0,,,1.0
20993,32.24062,1.0,0.031746034,1.0,,,1.0
20994,2.7831674,1.0,0.0,1.0,,,1.0
20995,6.2015405,1.0,0.0052083335,1.0,,,1.0
20996,12.751717,1.0,0.0,1.0,,,1.0
20997,22.176985,1.0,0.0064102565,1.0,,,1.0
20998,32.783146,1.0,0.014925373,1.0,,,1.0
20999,33.061142,1.0,0.027027028,1.0,,,1.0
21000,22.628185,1.0,0.013513514,1.0,,,1.0
21001,64.03762,1.0,0.0072727273,1.0,,,1.0
21002,21.015255,1.0,0.0033003301,1.0,,,1.0
21003,21.962276,1.0,0.0,1.0,,,1.0
21004,23.871683,1.0,0.008264462,1.0,,,1.0
21005,11.718223,1.0,0.005181347,1.0,,,1.0
21006,22.508457,1.0,0.005141388,1.0,,,1.0
21007,15.734167,1.0,0.0,1.0,,,1.0
21008,62.63384,1.0,0.0036231885,1.0,,,1.0
21009,15.162914,1.0,0.0,1.0,,,1.0
21010,26.105045,1.0,0.0061919503,1.0,,,1.0
21011,11.931302,1.0,0.015384615,1.0,,,1.0
21012,34.01502,1.0,0.011627907,1.0,,,1.0
21013,69.73952,1.0,0.0020325202,1.0,,,1.0
21014,69.440056,1.0,0.0052083335,1.0,,,1.0
21015,28.601927,1.0,0.00990099,1.0,,,1.0
21016,51.840786,1.0,0.006451613,1.0,,,1.0
21017,38.999184,1.0,0.0057803467,1.0,,,1.0
21018,25.57826,1.0,0.0076923077,1.0,,,1.0
21019,56.591736,1.0,0.016949153,1.0,,,1.0
21020,37.243046,1.0,0.007434944,1.0,,,1.0
21021,50.20582,1.0,0.0036101083,1.0,,,1.0
21022,28.53482,1.0,0.010526316,1.0,,,1.0
21023,35.480804,1.0,0.0051020407,1.0,,,1.0
21024,13.230189,1.0,0.037037037,1.0,,,1.0
21025,36.89534,1.0,0.020408163,1.0,,,1.0
21026,43.42336,1.0,0.005076142,1.0,,,1.0
21027,4.9072313,1.0,0.0,1.0,,,1.0
21028,13.258564,1.0,0.0,1.0,,,1.0
21029,22.144535,1.0,0.012121212,1.0,,,1.0
21030,15.670576,1.0,0.0,1.0,,,1.0
21031,29.44472,1.0,0.0,1.0,,,1.0
21032,65.23029,1.0,0.0,1.0,,,1.0
21033,10.2914295,1.0,0.021505376,1.0,,,1.0
21034,56.02844,1.0,0.0033112583,1.0,,,1.0
21035,13.674498,1.0,0.014814815,1.0,,,1.0
21036,16.748564,1.0,0.00896861,1.0,,,1.0
21037,81.62379,1.0,0.008,1.0,,,1.0
21038,8.403913,1.0,0.005449591,1.0,,,1.0
21039,88.20392,1.0,0.005263158,1.0,,,1.0
21040,35.293827,1.0,0.0,1.0,,,1.0
21041,48.50151,1.0,0.00877193,1.0,,,1.0
21042,77.30586,1.0,0.015037594,1.0,,,1.0
21043,43.528442,1.0,0.006451613,1.0,,,1.0
21044,18.959095,1.0,0.0,1.0,,,1.0
21045,11.34971,1.0,0.008064516,1.0,,,1.0
21046,19.360481,1.0,0.0,1.0,,,1.0
21047,8.264419,1.0,0.0057471264,1.0,,,1.0
21048,23.390242,1.0,0.010309278,1.0,,,1.0
21049,47.327465,1.0,0.00952381,1.0,,,1.0
21050,45.367313,1.0,0.010752688,1.0,,,1.0
21051,73.267296,1.0,0.005988024,1.0,,,1.0
21052,59.60921,1.0,0.007352941,1.0,,,1.0
21053,44.54079,1.0,0.009708738,1.0,,,1.0
21054,4.2796674,1.0,0.0,1.0,,,1.0
21055,35.30824,1.0,0.011904762,1.0,,,1.0
21056,78.47665,1.0,0.003921569,1.0,,,1.0
21057,21.762804,1.0,0.009345794,1.0,,,1.0
21058,4.8759155,1.0,0.005291005,1.0,,,1.0
21059,18.178839,1.0,0.015748031,1.0,,,1.0
21060,54.494526,1.0,0.0042918455,1.0,,,1.0
21061,26.255178,1.0,0.0,1.0,,,1.0
21062,9.753853,1.0,0.0,1.0,,,1.0
21063,14.715696,1.0,0.0952381,1.0,,,1.0
21064,29.388395,1.0,0.00729927,1.0,,,1.0
21065,125.9227,1.0,0.0051020407,1.0,,,1.0
21066,36.048527,1.0,0.004255319,1.0,,,1.0
21067,78.47665,1.0,0.006779661,1.0,,,1.0
21068,3.8735323,1.0,0.0,1.0,,,1.0
21069,8.163605,1.0,0.0,1.0,,,1.0
21070,77.30586,1.0,0.008130081,1.0,,,1.0
21071,15.2047,1.0,0.011627907,1.0,,,1.0
21072,12.921984,1.0,0.0,1.0,,,1.0
21073,67.24342,1.0,0.0,1.0,,,1.0
21074,57.555965,1.0,0.0121951215,1.0,,,1.0
21075,46.28599,1.0,0.0,1.0,,,1.0
21076,73.267296,1.0,0.008196721,1.0,,,1.0
21077,6.378053,1.0,0.0,1.0,,,1.0
21078,45.993656,1.0,0.004219409,1.0,,,1.0
21079,26.921589,1.0,0.03846154,1.0,,,1.0
21080,27.74964,1.0,0.009009009,1.0,,,1.0
21081,6.2062025,1.0,0.05,1.0,,,1.0
21082,46.33236,1.0,0.0,1.0,,,1.0
21083,50.154015,1.0,0.006644518,1.0,,,1.0
21084,32.72477,1.0,0.011627907,1.0,,,1.0
21085,15.366693,1.0,0.027027028,1.0,,,1.0
21086,108.342125,1.0,0.0041841003,1.0,,,1.0
21087,35.14655,1.0,0.013333334,1.0,,,1.0
21088,45.692894,1.0,0.0,1.0,,,1.0
21089,30.752695,1.0,0.0,1.0,,,1.0
21090,14.742199,1.0,0.024096385,1.0,,,1.0
21091,10.405489,1.0,0.0,1.0,,,1.0
21092,100.01263,1.0,0.00754717,1.0,,,1.0
21093,13.861632,1.0,0.014285714,1.0,,,1.0
21094,11.867704,1.0,0.0,1.0,,,1.0
21095,42.61605,1.0,0.017094018,1.0,,,1.0
21096,49.48252,1.0,0.0057803467,1.0,,,1.0
21097,11.69841,1.0,0.0,1.0,,,1.0
21098,6.612744,1.0,0.0,1.0,,,1.0
21099,61.711174,1.0,0.0,1.0,,,1.0
21100,16.046627,1.0,0.009478673,1.0,,,1.0
21101,14.206921,1.0,0.0,1.0,,,1.0
21102,9.613963,1.0,0.0,1.0,,,1.0
21103,30.739561,1.0,0.010152284,1.0,,,1.0
21104,44.19484,1.0,0.0046296297,1.0,,,1.0
21105,20.809969,1.0,0.0,1.0,,,1.0
21106,20.141306,1.0,0.0037037036,1.0,,,1.0
21107,15.174429,1.0,0.0093896715,1.0,,,1.0
21108,33.95981,1.0,0.0,1.0,,,1.0
21109,5.798246,1.0,0.010526316,1.0,,,1.0
21110,16.937513,1.0,0.0,1.0,,,1.0
21111,55.875946,1.0,0.009049774,1.0,,,1.0
21112,14.1179695,1.0,0.008,1.0,,,1.0
21113,19.511282,1.0,0.0,1.0,,,1.0
21114,24.162432,1.0,0.0019120459,1.0,,,1.0
21115,42.46549,1.0,0.00990099,1.0,,,1.0
21116,56.591736,1.0,0.018181818,1.0,,,1.0
21117,23.471043,1.0,0.008810572,1.0,,,1.0
21118,71.856064,1.0,0.009478673,1.0,,,1.0
21119,57.690968,1.0,0.013157895,1.0,,,1.0
21120,44.306957,1.0,0.0121951215,1.0,,,1.0
21121,4.398095,1.0,0.0,1.0,,,1.0
21122,72.94292,1.0,0.004255319,1.0,,,1.0
21123,79.690895,1.0,0.0,1.0,,,1.0
21124,25.782858,1.0,0.007380074,1.0,,,1.0
21125,15.251229,1.0,0.0039525693,1.0,,,1.0
21126,2.4390023,1.0,0.0,1.0,,,1.0
21127,80.45577,1.0,0.0033613446,1.0,,,1.0
21128,26.105045,1.0,0.008,1.0,,,1.0
21129,9.248672,1.0,0.025316456,1.0,,,1.0
21130,60.33253,1.0,0.0038610038,1.0,,,1.0
21131,58.774593,1.0,0.007782101,1.0,,,1.0
21132,5.336957,1.0,0.0,1.0,,,1.0
21133,43.690777,1.0,0.0,1.0,,,1.0
21134,9.17662,1.0,0.0036101083,1.0,,,1.0
21135,33.345943,1.0,0.008230452,1.0,,,1.0
21136,31.676895,1.0,0.009259259,1.0,,,1.0
21137,42.433804,1.0,0.013157895,1.0,,,1.0
21138,12.074365,1.0,0.006451613,1.0,,,1.0
21139,77.30586,1.0,0.04347826,1.0,,,1.0
21140,41.412525,1.0,0.0,1.0,,,1.0
21141,73.85746,1.0,0.007843138,1.0,,,1.0
21142,38.005276,1.0,0.0033898305,1.0,,,1.0
21143,40.412476,1.0,0.0,1.0,,,1.0
21144,86.45003,1.0,0.0,1.0,,,1.0
21145,41.83559,1.0,0.0,1.0,,,1.0
21146,16.481733,1.0,0.0,1.0,,,1.0
21147,66.76958,1.0,0.0050251256,1.0,,,1.0
21148,13.477643,1.0,0.0,1.0,,,1.0
21149,14.120529,1.0,0.011363637,1.0,,,1.0
21150,26.741909,1.0,0.010869565,1.0,,,1.0
21151,19.244022,1.0,0.0,1.0,,,1.0
21152,44.349533,1.0,0.0,1.0,,,1.0
21153,12.321383,1.0,0.0,1.0,,,1.0
21154,37.789955,1.0,0.010638298,1.0,,,1.0
21155,27.641802,1.0,0.015267176,1.0,,,1.0
21156,16.175585,1.0,0.0,1.0,,,1.0
21157,22.59423,1.0,0.03076923,1.0,,,1.0
21158,5.0830026,1.0,0.0,1.0,,,1.0
21159,58.815506,1.0,0.006060606,1.0,,,1.0
21160,66.57642,1.0,0.0027100272,1.0,,,1.0
21161,20.754004,1.0,0.025974026,1.0,,,1.0
21162,49.10451,1.0,0.006060606,1.0,,,1.0
21163,10.676455,1.0,0.0,1.0,,,1.0
21164,12.825125,1.0,0.0,1.0,,,1.0
21165,26.681602,1.0,0.0,1.0,,,1.0
21166,9.695802,1.0,0.010752688,1.0,,,1.0
21167,14.530654,1.0,0.0,1.0,,,1.0
21168,23.234327,1.0,0.0,1.0,,,1.0
21169,21.73231,1.0,0.016949153,1.0,,,1.0
21170,66.23654,1.0,0.0,1.0,,,1.0
21171,20.455837,1.0,0.008547009,1.0,,,1.0
21172,21.353016,1.0,0.011494253,1.0,,,1.0
21173,30.902964,1.0,0.0,1.0,,,1.0
21174,75.51869,1.0,0.008368201,1.0,,,1.0
21175,14.862192,1.0,0.0,1.0,,,1.0
21176,42.22715,1.0,0.011494253,1.0,,,1.0
21177,28.60421,1.0,0.0,1.0,,,1.0
21178,65.23029,1.0,0.001984127,1.0,,,1.0
21179,81.34332,1.0,0.003717472,1.0,,,1.0
21180,72.68554,1.0,0.005063291,1.0,,,1.0
21181,9.337416,1.0,0.0,1.0,,,1.0
21182,42.72978,1.0,0.005154639,1.0,,,1.0
21183,28.149693,1.0,0.0,1.0,,,1.0
21184,24.653868,1.0,0.01980198,1.0,,,1.0
21185,41.22983,1.0,0.011235955,1.0,,,1.0
21186,18.596783,1.0,0.0,1.0,,,1.0
21187,24.378965,1.0,0.011049724,1.0,,,1.0
21188,44.184242,1.0,0.0057803467,1.0,,,1.0
21189,28.867348,1.0,0.0026809652,1.0,,,1.0
21190,13.282939,1.0,0.0018691589,1.0,,,1.0
21191,33.20235,1.0,0.007518797,1.0,,,1.0
21192,37.90518,1.0,0.005988024,1.0,,,1.0
21193,42.33811,1.0,0.0049751243,1.0,,,1.0
21194,21.994856,1.0,0.0,1.0,,,1.0
21195,40.240288,1.0,0.009009009,1.0,,,1.0
21196,3.0648935,1.0,0.04,1.0,,,1.0
21197,17.995594,1.0,0.008474576,1.0,,,1.0
21198,6.13757,1.0,0.02,1.0,,,1.0
21199,62.83131,1.0,0.0053333333,1.0,,,1.0
21200,17.71004,1.0,0.004854369,1.0,,,1.0
21201,31.81028,1.0,0.020408163,1.0,,,1.0
21202,28.136103,1.0,0.006849315,1.0,,,1.0
21203,30.480837,1.0,0.012658228,1.0,,,1.0
21204,42.749653,1.0,0.0053050397,1.0,,,1.0
21205,115.54238,1.0,0.003125,1.0,,,1.0
21206,59.58762,1.0,0.0074626864,1.0,,,1.0
21207,13.980244,1.0,0.005037783,1.0,,,1.0
21208,10.648673,1.0,0.01923077,1.0,,,1.0
21209,60.665062,1.0,0.005524862,1.0,,,1.0
21210,36.315575,1.0,0.004784689,1.0,,,1.0
21211,3.9398386,1.0,0.0,1.0,,,1.0
21212,35.419224,1.0,0.004761905,1.0,,,1.0
21213,55.833904,1.0,0.0,1.0,,,1.0
21214,43.495266,1.0,0.027777778,1.0,,,1.0
21215,59.60921,1.0,0.003717472,1.0,,,1.0
21216,23.451645,1.0,0.0062111802,1.0,,,1.0
21217,29.836765,1.0,0.007751938,1.0,,,1.0
21218,44.910854,1.0,0.008733625,1.0,,,1.0
21219,18.510439,1.0,0.021505376,1.0,,,1.0
21220,6.197218,1.0,0.0,1.0,,,1.0
21221,11.133518,1.0,0.012987013,1.0,,,1.0
21222,21.900784,1.0,0.0,1.0,,,1.0
21223,15.854267,1.0,0.011173184,1.0,,,1.0
21224,48.344757,1.0,0.013513514,1.0,,,1.0
21225,26.835497,1.0,0.005988024,1.0,,,1.0
21226,4.539181,1.0,0.003773585,1.0,,,1.0
21227,5.3926983,1.0,0.0,1.0,,,1.0
21228,19.595388,1.0,0.0,1.0,,,1.0
21229,52.401676,1.0,0.0,1.0,,,1.0
21230,21.034107,1.0,0.0,1.0,,,1.0
21231,15.979899,1.0,0.011494253,1.0,,,1.0
21232,49.76838,1.0,0.0051282053,1.0,,,1.0
21233,9.60671,1.0,0.0088495575,1.0,,,1.0
21234,37.192215,1.0,0.0,1.0,,,1.0
21235,18.20803,1.0,0.012048192,1.0,,,1.0
21236,21.986465,1.0,0.0,1.0,,,1.0
21237,15.916154,1.0,0.0,1.0,,,1.0
21238,48.93671,1.0,0.0062305294,1.0,,,1.0
21239,46.373108,1.0,0.011363637,1.0,,,1.0
21240,7.2095466,1.0,0.015748031,1.0,,,1.0
21241,11.99967,1.0,0.0025252525,1.0,,,1.0
21242,34.460014,1.0,0.071428575,1.0,,,1.0
21243,108.342125,1.0,0.008298756,1.0,,,1.0
21244,59.872826,1.0,0.022727273,1.0,,,1.0
21245,6.7478876,1.0,0.0046296297,1.0,,,1.0
21246,3.573567,1.0,0.027777778,1.0,,,1.0
21247,126.36123,1.0,0.003164557,1.0,,,1.0
21248,23.58562,1.0,0.004651163,1.0,,,1.0
21249,20.348982,1.0,0.013333334,1.0,,,1.0
21250,10.67255,1.0,0.008064516,1.0,,,1.0
21251,47.794056,1.0,0.0038240917,1.0,,,1.0
21252,29.381933,1.0,0.032786883,1.0,,,1.0
21253,50.78977,1.0,0.0036101083,1.0,,,1.0
21254,41.77261,1.0,0.0,1.0,,,1.0
21255,27.416014,1.0,0.005063291,1.0,,,1.0
21256,49.00136,1.0,0.0,1.0,,,1.0
21257,10.168755,1.0,0.0054644807,1.0,,,1.0
21258,35.419224,1.0,0.007168459,1.0,,,1.0
21259,19.3108,1.0,0.0,1.0,,,1.0
21260,65.62722,1.0,0.0057636886,1.0,,,1.0
21261,66.09364,1.0,0.009708738,1.0,,,1.0
21262,8.0683155,1.0,0.0,1.0,,,1.0
21263,47.21923,1.0,0.0,1.0,,,1.0
21264,102.88374,1.0,0.0032626428,1.0,,,1.0
21265,30.551092,1.0,0.0,1.0,,,1.0
21266,98.476326,1.0,0.015748031,1.0,,,1.0
21267,55.052856,1.0,0.004016064,1.0,,,1.0
21268,20.134628,1.0,0.05263158,1.0,,,1.0
21269,32.141705,1.0,0.0,1.0,,,1.0
21270,26.583462,1.0,0.0074074073,1.0,,,1.0
21271,100.72897,1.0,0.015625,1.0,,,1.0
21272,41.499702,1.0,0.008928572,1.0,,,1.0
21273,44.349533,1.0,0.0,1.0,,,1.0
21274,73.267296,1.0,0.0,1.0,,,1.0
21275,93.257744,1.0,0.005181347,1.0,,,1.0
21276,15.8151865,1.0,0.009009009,1.0,,,1.0
21277,38.53968,1.0,0.041666668,1.0,,,1.0
21278,125.9227,1.0,0.0070921984,1.0,,,1.0
21279,10.66135,1.0,0.014925373,1.0,,,1.0
21280,20.10938,1.0,0.009803922,1.0,,,1.0
21281,42.670406,1.0,0.002967359,1.0,,,1.0
21282,10.197694,1.0,0.027027028,1.0,,,1.0
21283,57.282772,1.0,0.009433962,1.0,,,1.0
21284,33.205894,1.0,0.018867925,1.0,,,1.0
21285,28.220438,1.0,0.0067114094,1.0,,,1.0
21286,42.420937,1.0,0.006134969,1.0,,,1.0
21287,27.980364,1.0,0.004016064,1.0,,,1.0
21288,51.772392,1.0,0.015503876,1.0,,,1.0
21289,6.3868127,1.0,0.009478673,1.0,,,1.0
21290,57.45109,1.0,0.0058479533,1.0,,,1.0
21291,38.943356,1.0,0.009756098,1.0,,,1.0
21292,23.667639,1.0,0.0069444445,1.0,,,1.0
21293,8.485377,1.0,0.0034722222,1.0,,,1.0
21294,126.36123,1.0,0.006451613,1.0,,,1.0
21295,89.88506,1.0,0.0053475937,1.0,,,1.0
21296,27.307613,1.0,0.0,1.0,,,1.0
21297,38.75172,1.0,0.0,1.0,,,1.0
21298,50.249947,1.0,0.004950495,1.0,,,1.0
21299,21.05285,1.0,0.019607844,1.0,,,1.0
21300,55.254353,1.0,0.008,1.0,,,1.0
21301,37.576534,1.0,0.00625,1.0,,,1.0
21302,34.06485,1.0,0.0033003301,1.0,,,1.0
21303,37.4786,1.0,0.015037594,1.0,,,1.0
21304,5.6113143,1.0,0.006557377,1.0,,,1.0
21305,14.718591,1.0,0.009090909,1.0,,,1.0
21306,43.2561,1.0,0.005076142,1.0,,,1.0
21307,23.097351,1.0,0.0,1.0,,,1.0
21308,8.344349,1.0,0.0,1.0,,,1.0
21309,14.191603,1.0,0.0,1.0,,,1.0
21310,32.38077,1.0,0.014705882,1.0,,,1.0
21311,23.054749,1.0,0.0062111802,1.0,,,1.0
21312,7.5215693,1.0,0.0,1.0,,,1.0
21313,33.63226,1.0,0.0058479533,1.0,,,1.0
21314,14.500732,1.0,0.004347826,1.0,,,1.0
21315,26.625834,1.0,0.011111111,1.0,,,1.0
21316,44.951385,1.0,0.012820513,1.0,,,1.0
21317,56.376305,1.0,0.0038986355,1.0,,,1.0
21318,37.328815,1.0,0.0074074073,1.0,,,1.0
21319,29.293152,1.0,0.055555556,1.0,,,1.0
21320,7.8871264,1.0,0.0,1.0,,,1.0
21321,9.647881,1.0,0.0,1.0,,,1.0
21322,18.28187,1.0,0.010204081,1.0,,,1.0
21323,15.733662,1.0,0.0,1.0,,,1.0
21324,27.109955,1.0,0.0,1.0,,,1.0
21325,21.734314,1.0,0.006153846,1.0,,,1.0
21326,64.76018,1.0,0.005194805,1.0,,,1.0
21327,102.05991,1.0,0.007843138,1.0,,,1.0
21328,35.90549,1.0,0.0,1.0,,,1.0
21329,17.877071,1.0,0.008333334,1.0,,,1.0
21330,80.205246,1.0,0.0063897762,1.0,,,1.0
21331,85.39203,1.0,0.0037664783,1.0,,,1.0
21332,25.845207,1.0,0.0,1.0,,,1.0
21333,29.604479,1.0,0.0051020407,1.0,,,1.0
21334,5.643752,1.0,0.0,1.0,,,1.0
21335,2.4965413,1.0,0.007633588,1.0,,,1.0
21336,72.904945,1.0,0.0071174377,1.0,,,1.0
21337,36.13689,1.0,0.0078125,1.0,,,1.0
21338,48.02623,1.0,0.0,1.0,,,1.0
21339,26.986645,1.0,0.0,1.0,,,1.0
21340,9.90805,1.0,0.0,1.0,,,1.0
21341,2.0402148,1.0,0.0,1.0,,,1.0
21342,98.70822,1.0,0.02173913,1.0,,,1.0
21343,2.7338028,1.0,0.0,1.0,,,1.0
21344,26.196188,1.0,0.04,1.0,,,1.0
21345,87.21102,1.0,0.0074074073,1.0,,,1.0
21346,48.895374,1.0,0.0,1.0,,,1.0
21347,4.436486,1.0,0.0074074073,1.0,,,1.0
21348,29.794956,1.0,0.0,1.0,,,1.0
21349,43.12458,1.0,0.0,1.0,,,1.0
21350,31.676895,1.0,0.023529412,1.0,,,1.0
21351,13.283714,1.0,0.0,1.0,,,1.0
21352,15.125773,1.0,0.0,1.0,,,1.0
21353,122.87542,1.0,0.0070921984,1.0,,,1.0
21354,17.980124,1.0,0.013157895,1.0,,,1.0
21355,41.231495,1.0,0.010526316,1.0,,,1.0
21356,18.277313,1.0,0.010152284,1.0,,,1.0
21357,23.909702,1.0,0.002570694,1.0,,,1.0
21358,33.09114,1.0,0.0,1.0,,,1.0
21359,65.94888,1.0,0.023255814,1.0,,,1.0
21360,33.34517,1.0,0.0,1.0,,,1.0
21361,4.106793,1.0,0.037037037,1.0,,,1.0
21362,71.2374,1.0,0.005,1.0,,,1.0
21363,12.71005,1.0,0.0,1.0,,,1.0
21364,32.865112,1.0,0.007434944,1.0,,,1.0
21365,74.01742,1.0,0.018348623,1.0,,,1.0
21366,33.258663,1.0,0.015625,1.0,,,1.0
21367,17.314491,1.0,0.011173184,1.0,,,1.0
21368,41.959114,1.0,0.023809524,1.0,,,1.0
21369,24.815762,1.0,0.0050251256,1.0,,,1.0
21370,19.708214,1.0,0.0,1.0,,,1.0
21371,13.004574,1.0,0.0,1.0,,,1.0
21372,10.966097,1.0,0.0,1.0,,,1.0
21373,18.959095,1.0,0.019607844,1.0,,,1.0
21374,38.9215,1.0,0.0,1.0,,,1.0
21375,70.53568,1.0,0.016393442,1.0,,,1.0
21376,19.316765,1.0,0.005988024,1.0,,,1.0
21377,76.62177,1.0,0.0030959751,1.0,,,1.0
21378,57.63838,1.0,0.007142857,1.0,,,1.0
21379,2.8099892,1.0,0.0031545742,1.0,,,1.0
21380,9.259667,1.0,0.02173913,1.0,,,1.0
21381,23.221,1.0,0.0,1.0,,,1.0
21382,2.1152213,1.0,0.015873017,1.0,,,1.0
21383,32.000538,1.0,0.016666668,1.0,,,1.0
21384,42.670406,1.0,0.0063492064,1.0,,,1.0
21385,12.779032,1.0,0.0,1.0,,,1.0
21386,22.170992,1.0,0.0073260074,1.0,,,1.0
21387,64.03762,1.0,0.011363637,1.0,,,1.0
21388,23.104282,1.0,0.027777778,1.0,,,1.0
21389,17.593369,1.0,0.006060606,1.0,,,1.0
21390,98.70822,1.0,0.012658228,1.0,,,1.0
21391,44.107784,1.0,0.0077220076,1.0,,,1.0
21392,26.67058,1.0,0.0038095238,1.0,,,1.0
21393,5.2204843,1.0,0.0032573289,1.0,,,1.0
21394,34.037895,1.0,0.0,1.0,,,1.0
21395,4.904816,1.0,0.0093896715,1.0,,,1.0
21396,95.84354,1.0,0.008196721,1.0,,,1.0
21397,14.797875,1.0,0.010526316,1.0,,,1.0
21398,8.889789,1.0,0.0,1.0,,,1.0
21399,69.3278,1.0,0.0,1.0,,,1.0
21400,17.345606,1.0,0.0,1.0,,,1.0
21401,16.633127,1.0,0.023529412,1.0,,,1.0
21402,48.40148,1.0,0.011363637,1.0,,,1.0
21403,29.836765,1.0,0.0,1.0,,,1.0
21404,29.450874,1.0,0.0124223605,1.0,,,1.0
21405,12.083671,1.0,0.0066006603,1.0,,,1.0
21406,6.2766943,1.0,0.044444446,1.0,,,1.0
21407,80.49888,1.0,0.0025125628,1.0,,,1.0
21408,14.970981,1.0,0.013888889,1.0,,,1.0
21409,117.691864,1.0,0.005194805,1.0,,,1.0
21410,66.482666,1.0,0.003875969,1.0,,,1.0
21411,35.744644,1.0,0.008368201,1.0,,,1.0
21412,47.869267,1.0,0.019607844,1.0,,,1.0
21413,9.642898,1.0,0.013333334,1.0,,,1.0
21414,14.638949,1.0,0.0,1.0,,,1.0
21415,68.38514,1.0,0.05263158,1.0,,,1.0
21416,47.93706,1.0,0.0057471264,1.0,,,1.0
21417,100.17136,1.0,0.0076923077,1.0,,,1.0
21418,24.516527,1.0,0.0,1.0,,,1.0
21419,32.24062,1.0,0.010152284,1.0,,,1.0
21420,15.213625,1.0,0.0,1.0,,,1.0
21421,23.27835,1.0,0.0,1.0,,,1.0
21422,16.058558,1.0,0.0,1.0,,,1.0
21423,10.76143,1.0,0.041666668,1.0,,,1.0
21424,17.737926,1.0,0.054054055,1.0,,,1.0
21425,2.5363214,1.0,0.0,1.0,,,1.0
21426,42.61605,1.0,0.0,1.0,,,1.0
21427,25.848986,1.0,0.018867925,1.0,,,1.0
21428,75.65525,1.0,0.0,1.0,,,1.0
21429,1.5198385,1.0,0.0,1.0,,,1.0
21430,34.307804,1.0,0.0019455253,1.0,,,1.0
21431,24.433,1.0,0.0,1.0,,,1.0
21432,76.26888,1.0,0.010362694,1.0,,,1.0
21433,32.574207,1.0,0.0,1.0,,,1.0
21434,28.136103,1.0,0.025316456,1.0,,,1.0
21435,32.081238,1.0,0.016129032,1.0,,,1.0
21436,63.79785,1.0,0.006993007,1.0,,,1.0
21437,9.617484,1.0,0.007874016,1.0,,,1.0
21438,12.243857,1.0,0.0,1.0,,,1.0
21439,25.965904,1.0,0.0046296297,1.0,,,1.0
21440,25.209421,1.0,0.0,1.0,,,1.0
21441,65.62722,1.0,0.0040983604,1.0,,,1.0
21442,56.22824,1.0,0.007751938,1.0,,,1.0
21443,7.7960334,1.0,0.0057306592,1.0,,,1.0
21444,30.728693,1.0,0.009478673,1.0,,,1.0
21445,12.337565,1.0,0.0067114094,1.0,,,1.0
21446,51.792812,1.0,0.010752688,1.0,,,1.0
21447,28.149693,1.0,0.0070921984,1.0,,,1.0
21448,32.205074,1.0,0.014492754,1.0,,,1.0
21449,14.809336,1.0,0.008264462,1.0,,,1.0
21450,17.147804,1.0,0.011111111,1.0,,,1.0
21451,32.814644,1.0,0.008403362,1.0,,,1.0
21452,86.629326,1.0,0.006153846,1.0,,,1.0
21453,9.699082,1.0,0.014492754,1.0,,,1.0
21454,125.9227,1.0,0.0116959065,1.0,,,1.0
21455,55.833904,1.0,0.006024096,1.0,,,1.0
21456,9.943148,1.0,0.018867925,1.0,,,1.0
21457,136.64789,1.0,0.0065146578,1.0,,,1.0
21458,32.28153,1.0,0.0,1.0,,,1.0
21459,64.32761,1.0,0.0070422534,1.0,,,1.0
21460,18.479305,1.0,0.008,1.0,,,1.0
21461,125.9227,1.0,0.015384615,1.0,,,1.0
21462,14.321273,1.0,0.005540166,1.0,,,1.0
21463,46.434597,1.0,0.0,1.0,,,1.0
21464,108.342125,1.0,0.00390625,1.0,,,1.0
21465,89.88506,1.0,0.003649635,1.0,,,1.0
21466,80.03177,1.0,0.009569378,1.0,,,1.0
21467,22.706106,1.0,0.03846154,1.0,,,1.0
21468,26.279182,1.0,0.00862069,1.0,,,1.0
21469,16.708004,1.0,0.0046948357,1.0,,,1.0
21470,33.50255,1.0,0.0,1.0,,,1.0
21471,115.54238,1.0,0.0036101083,1.0,,,1.0
21472,51.034954,1.0,0.00877193,1.0,,,1.0
21473,6.315023,1.0,0.019607844,1.0,,,1.0
21474,6.1138105,1.0,0.0028169013,1.0,,,1.0
21475,23.2515,1.0,0.0061728396,1.0,,,1.0
21476,17.240332,1.0,0.0,1.0,,,1.0
21477,17.45198,1.0,0.0055710305,1.0,,,1.0
21478,42.068222,1.0,0.0068965517,1.0,,,1.0
21479,68.09962,1.0,0.012658228,1.0,,,1.0
21480,82.32585,1.0,0.0,1.0,,,1.0
21481,89.298325,1.0,0.008130081,1.0,,,1.0
21482,15.819504,1.0,0.005882353,1.0,,,1.0
21483,75.43726,1.0,0.0063091484,1.0,,,1.0
21484,28.509724,1.0,0.007751938,1.0,,,1.0
21485,27.253378,1.0,0.0032894737,1.0,,,1.0
21486,63.247498,1.0,0.0038834952,1.0,,,1.0
21487,20.119257,1.0,0.0,1.0,,,1.0
21488,35.26047,1.0,0.02,1.0,,,1.0
21489,4.321213,1.0,0.006289308,1.0,,,1.0
21490,59.89517,1.0,0.0069444445,1.0,,,1.0
21491,9.547246,1.0,0.0,1.0,,,1.0
21492,68.78812,1.0,0.0056497175,1.0,,,1.0
21493,17.192652,1.0,0.0,1.0,,,1.0
21494,11.564387,1.0,0.003322259,1.0,,,1.0
21495,7.5308785,1.0,0.0,1.0,,,1.0
21496,21.669016,1.0,0.0,1.0,,,1.0
21497,42.433804,1.0,0.013245033,1.0,,,1.0
21498,32.081238,1.0,0.016129032,1.0,,,1.0
21499,2.716761,1.0,0.0,1.0,,,1.0
21500,26.060339,1.0,0.010416667,1.0,,,1.0
21501,28.919506,1.0,0.002739726,1.0,,,1.0
21502,94.0619,1.0,0.0023696683,1.0,,,1.0
21503,63.200687,1.0,0.009803922,1.0,,,1.0
21504,77.28167,1.0,0.010204081,1.0,,,1.0
21505,63.247498,1.0,0.027777778,1.0,,,1.0
21506,20.976383,1.0,0.0088495575,1.0,,,1.0
21507,39.077213,1.0,0.014084507,1.0,,,1.0
21508,17.76012,1.0,0.022222223,1.0,,,1.0
21509,10.8996315,1.0,0.004854369,1.0,,,1.0
21510,21.936628,1.0,0.0,1.0,,,1.0
21511,36.662014,1.0,0.007936508,1.0,,,1.0
21512,37.243046,1.0,0.009259259,1.0,,,1.0
21513,37.794643,1.0,0.006116208,1.0,,,1.0
21514,17.802227,1.0,0.0,1.0,,,1.0
21515,31.01474,1.0,0.0,1.0,,,1.0
21516,16.475462,1.0,0.005934718,1.0,,,1.0
21517,81.79985,1.0,0.007843138,1.0,,,1.0
21518,48.857628,1.0,0.01,1.0,,,1.0
21519,8.799318,1.0,0.004149378,1.0,,,1.0
21520,19.612825,1.0,0.027777778,1.0,,,1.0
21521,3.771657,1.0,0.0,1.0,,,1.0
21522,9.998681,1.0,0.0,1.0,,,1.0
21523,96.84659,1.0,0.0016260162,1.0,,,1.0
21524,59.662865,1.0,0.008,1.0,,,1.0
21525,11.480287,1.0,0.001996008,1.0,,,1.0
21526,18.886099,1.0,0.014084507,1.0,,,1.0
21527,68.12054,1.0,0.0116959065,1.0,,,1.0
21528,67.00446,1.0,0.0031347962,1.0,,,1.0
21529,25.522314,1.0,0.0029850747,1.0,,,1.0
21530,33.16621,1.0,0.040816326,1.0,,,1.0
21531,14.3387785,1.0,0.017391304,1.0,,,1.0
21532,13.457671,1.0,0.016949153,1.0,,,1.0
21533,31.390387,1.0,0.0,1.0,,,1.0
21534,49.071426,1.0,0.005277045,1.0,,,1.0
21535,19.745975,1.0,0.0,1.0,,,1.0
21536,6.706612,1.0,0.0070921984,1.0,,,1.0
21537,9.442906,1.0,0.0116959065,1.0,,,1.0
21538,97.953316,1.0,0.014814815,1.0,,,1.0
21539,56.376305,1.0,0.003929273,1.0,,,1.0
21540,7.5308785,1.0,0.0074626864,1.0,,,1.0
21541,43.09123,1.0,0.005830904,1.0,,,1.0
21542,63.03454,1.0,0.011764706,1.0,,,1.0
21543,5.0255346,1.0,0.0,1.0,,,1.0
21544,15.413628,1.0,0.0,1.0,,,1.0
21545,50.916996,1.0,0.012987013,1.0,,,1.0
21546,7.6042366,1.0,0.001980198,1.0,,,1.0
21547,57.219067,1.0,0.0072727273,1.0,,,1.0
21548,10.39321,1.0,0.0,1.0,,,1.0
21549,28.541431,1.0,0.0,1.0,,,1.0
21550,66.69815,1.0,0.009569378,1.0,,,1.0
21551,112.43434,1.0,0.0038022813,1.0,,,1.0
21552,13.289151,1.0,0.005277045,1.0,,,1.0
21553,33.197914,1.0,0.027027028,1.0,,,1.0
21554,26.350376,1.0,0.037037037,1.0,,,1.0
21555,81.760155,1.0,0.00862069,1.0,,,1.0
21556,26.464878,1.0,0.03773585,1.0,,,1.0
21557,80.49888,1.0,0.0057471264,1.0,,,1.0
21558,42.433804,1.0,0.010204081,1.0,,,1.0
21559,20.362936,1.0,0.024390243,1.0,,,1.0
21560,15.128033,1.0,0.03125,1.0,,,1.0
21561,20.070059,1.0,0.007352941,1.0,,,1.0
21562,66.482666,1.0,0.0057803467,1.0,,,1.0
21563,78.46972,1.0,0.010471204,1.0,,,1.0
21564,3.1033294,1.0,0.0,1.0,,,1.0
21565,19.799633,1.0,0.0036363637,1.0,,,1.0
21566,55.130615,1.0,0.029411765,1.0,,,1.0
21567,12.0041275,1.0,0.007194245,1.0,,,1.0
21568,7.9779625,1.0,0.015384615,1.0,,,1.0
21569,70.20119,1.0,0.012048192,1.0,,,1.0
21570,23.228024,1.0,0.0056497175,1.0,,,1.0
21571,66.23262,1.0,0.0,1.0,,,1.0
21572,19.68865,1.0,0.010989011,1.0,,,1.0
21573,36.62049,1.0,0.0,1.0,,,1.0
21574,45.371925,1.0,0.011363637,1.0,,,1.0
21575,6.4633512,1.0,0.0,1.0,,,1.0
21576,51.772392,1.0,0.0033112583,1.0,,,1.0
21577,57.319286,1.0,0.009009009,1.0,,,1.0
21578,67.19436,1.0,0.006024096,1.0,,,1.0
21579,101.899734,1.0,0.0064102565,1.0,,,1.0
21580,56.356277,1.0,0.0,1.0,,,1.0
21581,9.434583,1.0,0.0,1.0,,,1.0
21582,27.19665,1.0,0.009009009,1.0,,,1.0
21583,47.072884,1.0,0.004608295,1.0,,,1.0
21584,60.758087,1.0,0.0038610038,1.0,,,1.0
21585,33.258663,1.0,0.003690037,1.0,,,1.0
21586,15.639894,1.0,0.024390243,1.0,,,1.0
21587,15.519409,1.0,0.0,1.0,,,1.0
21588,39.275066,1.0,0.0,1.0,,,1.0
21589,41.70995,1.0,0.009803922,1.0,,,1.0
21590,32.957478,1.0,0.01923077,1.0,,,1.0
21591,48.945324,1.0,0.0040650405,1.0,,,1.0
21592,46.661373,1.0,0.018181818,1.0,,,1.0
21593,26.556396,1.0,0.008064516,1.0,,,1.0
21594,44.642933,1.0,0.032786883,1.0,,,1.0
21595,19.97868,1.0,0.018181818,1.0,,,1.0
21596,43.60187,1.0,0.023809524,1.0,,,1.0
21597,32.491394,1.0,0.0,1.0,,,1.0
21598,11.396992,1.0,0.0,1.0,,,1.0
21599,20.090929,1.0,0.004524887,1.0,,,1.0
21600,66.09364,1.0,0.011049724,1.0,,,1.0
21601,108.2672,1.0,0.007380074,1.0,,,1.0
21602,41.734406,1.0,0.0,1.0,,,1.0
21603,20.70807,1.0,0.013157895,1.0,,,1.0
21604,3.8183205,1.0,0.0,1.0,,,1.0
21605,22.372717,1.0,0.016260162,1.0,,,1.0
21606,26.85114,1.0,0.016393442,1.0,,,1.0
21607,20.227179,1.0,0.0,1.0,,,1.0
21608,122.87542,1.0,0.0031201248,1.0,,,1.0
21609,24.407019,1.0,0.0045871558,1.0,,,1.0
21610,34.676586,1.0,0.004716981,1.0,,,1.0
21611,9.814813,1.0,0.007751938,1.0,,,1.0
21612,26.623383,1.0,0.007936508,1.0,,,1.0
21613,14.940424,1.0,0.0,1.0,,,1.0
21614,23.18951,1.0,0.0032894737,1.0,,,1.0
21615,31.983511,1.0,0.012820513,1.0,,,1.0
21616,3.826109,1.0,0.0,1.0,,,1.0
21617,37.249123,1.0,0.002247191,1.0,,,1.0
21618,31.229944,1.0,0.0038314175,1.0,,,1.0
21619,42.96001,1.0,0.020618556,1.0,,,1.0
21620,12.787587,1.0,0.007633588,1.0,,,1.0
21621,34.20758,1.0,0.008032128,1.0,,,1.0
21622,7.7486644,1.0,0.0,1.0,,,1.0
21623,4.141032,1.0,0.0,1.0,,,1.0
21624,25.57826,1.0,0.024390243,1.0,,,1.0
21625,92.05475,1.0,0.0049875313,1.0,,,1.0
21626,23.634144,1.0,0.0076923077,1.0,,,1.0
21627,45.776028,1.0,0.013333334,1.0,,,1.0
21628,62.82736,1.0,0.0099502485,1.0,,,1.0
21629,66.380035,1.0,0.0063091484,1.0,,,1.0
21630,11.7739,1.0,0.0,1.0,,,1.0
21631,125.9227,1.0,0.0042462847,1.0,,,1.0
21632,22.59423,1.0,0.00990099,1.0,,,1.0
21633,56.376305,1.0,0.003960396,1.0,,,1.0
21634,20.178383,1.0,0.0051020407,1.0,,,1.0
21635,14.2571745,1.0,0.015503876,1.0,,,1.0
21636,21.47755,1.0,0.0,1.0,,,1.0
21637,19.604588,1.0,0.0,1.0,,,1.0
21638,23.871683,1.0,0.0032786885,1.0,,,1.0
21639,8.225438,1.0,0.0,1.0,,,1.0
21640,14.535093,1.0,0.005076142,1.0,,,1.0
21641,37.199448,1.0,0.0,1.0,,,1.0
21642,10.178998,1.0,0.014705882,1.0,,,1.0
21643,12.051792,1.0,0.0,1.0,,,1.0
21644,15.182622,1.0,0.005076142,1.0,,,1.0
21645,9.509306,1.0,0.033333335,1.0,,,1.0
21646,23.29894,1.0,0.0,1.0,,,1.0
21647,85.39203,1.0,0.0033444816,1.0,,,1.0
21648,25.17658,1.0,0.008264462,1.0,,,1.0
21649,0.14923744,1.0,0.0,1.0,,,1.0
21650,44.486626,1.0,0.026666667,1.0,,,1.0
21651,66.482666,1.0,0.003021148,1.0,,,1.0
21652,16.394627,1.0,0.0,1.0,,,1.0
21653,93.257744,1.0,0.0,1.0,,,1.0
21654,67.38223,1.0,0.010638298,1.0,,,1.0
21655,10.578043,1.0,0.0,1.0,,,1.0
21656,23.063023,1.0,0.010526316,1.0,,,1.0
21657,8.024526,1.0,0.0,1.0,,,1.0
21658,115.54238,1.0,0.005037783,1.0,,,1.0
21659,18.161343,1.0,0.0,1.0,,,1.0
21660,18.482365,1.0,0.0,1.0,,,1.0
21661,51.433937,1.0,0.015151516,1.0,,,1.0
21662,66.72058,1.0,0.0,1.0,,,1.0
21663,26.936724,1.0,0.015037594,1.0,,,1.0
21664,79.59619,1.0,0.0074074073,1.0,,,1.0
21665,9.247363,1.0,0.018867925,1.0,,,1.0
21666,11.701681,1.0,0.00877193,1.0,,,1.0
21667,25.17071,1.0,0.016393442,1.0,,,1.0
21668,2.218985,1.0,0.005509642,1.0,,,1.0
21669,40.0332,1.0,0.009345794,1.0,,,1.0
21670,29.886765,1.0,0.0062111802,1.0,,,1.0
21671,65.90885,1.0,0.006369427,1.0,,,1.0
21672,9.74434,1.0,0.0074626864,1.0,,,1.0
21673,125.9227,1.0,0.0068965517,1.0,,,1.0
21674,81.34332,1.0,0.0,1.0,,,1.0
21675,80.49888,1.0,0.007168459,1.0,,,1.0
21676,11.334061,1.0,0.007633588,1.0,,,1.0
21677,32.86357,1.0,0.0057803467,1.0,,,1.0
21678,12.772907,1.0,0.0,1.0,,,1.0
21679,6.9856596,1.0,0.0,1.0,,,1.0
21680,64.17689,1.0,0.0054054055,1.0,,,1.0
21681,15.184995,1.0,0.00243309,1.0,,,1.0
21682,23.98402,1.0,0.007874016,1.0,,,1.0
21683,37.937935,1.0,0.0,1.0,,,1.0
21684,103.32655,1.0,0.004132231,1.0,,,1.0
21685,15.851254,1.0,0.01724138,1.0,,,1.0
21686,80.49888,1.0,0.005,1.0,,,1.0
21687,16.084032,1.0,0.0,1.0,,,1.0
21688,4.043919,1.0,0.0,1.0,,,1.0
21689,46.437695,1.0,0.0027247956,1.0,,,1.0
21690,3.9608371,1.0,0.025641026,1.0,,,1.0
21691,104.55939,1.0,0.0,1.0,,,1.0
21692,57.555965,1.0,0.004484305,1.0,,,1.0
21693,16.941963,1.0,0.008583691,1.0,,,1.0
21694,42.433804,1.0,0.012048192,1.0,,,1.0
21695,21.765255,1.0,0.011428571,1.0,,,1.0
21696,1.9547378,1.0,0.0,1.0,,,1.0
21697,40.08159,1.0,0.011904762,1.0,,,1.0
21698,108.342125,1.0,0.005934718,1.0,,,1.0
21699,30.505156,1.0,0.003215434,1.0,,,1.0
21700,36.51394,1.0,0.003533569,1.0,,,1.0
21701,44.19484,1.0,0.0070921984,1.0,,,1.0
21702,29.79571,1.0,0.015267176,1.0,,,1.0
21703,7.578955,1.0,0.0,1.0,,,1.0
21704,17.593369,1.0,0.009756098,1.0,,,1.0
21705,20.738213,1.0,0.01369863,1.0,,,1.0
21706,16.966713,1.0,0.0,1.0,,,1.0
21707,13.461476,1.0,0.032786883,1.0,,,1.0
21708,50.381268,1.0,0.009433962,1.0,,,1.0
21709,15.950011,1.0,0.0,1.0,,,1.0
21710,18.835642,1.0,0.0,1.0,,,1.0
21711,55.443703,1.0,0.009345794,1.0,,,1.0
21712,49.789387,1.0,0.011904762,1.0,,,1.0
21713,50.058445,1.0,0.0,1.0,,,1.0
21714,18.419172,1.0,0.0,1.0,,,1.0
21715,11.472604,1.0,0.018691588,1.0,,,1.0
21716,10.203394,1.0,0.01010101,1.0,,,1.0
21717,12.883763,1.0,0.0048076925,1.0,,,1.0
21718,83.57953,1.0,0.009090909,1.0,,,1.0
21719,108.2672,1.0,0.008733625,1.0,,,1.0
21720,51.554848,1.0,0.011560693,1.0,,,1.0
21721,1.6437727,1.0,0.0,1.0,,,1.0
21722,33.95981,1.0,0.0056179776,1.0,,,1.0
21723,25.792208,1.0,0.010309278,1.0,,,1.0
21724,35.48016,1.0,0.008196721,1.0,,,1.0
21725,88.52326,1.0,0.00921659,1.0,,,1.0
21726,10.628185,1.0,0.0,1.0,,,1.0
21727,21.577953,1.0,0.0,1.0,,,1.0
21728,41.22983,1.0,0.023529412,1.0,,,1.0
21729,49.431526,1.0,0.018518519,1.0,,,1.0
21730,33.197456,1.0,0.0030864198,1.0,,,1.0
21731,1.6717404,1.0,0.0,1.0,,,1.0
21732,80.49888,1.0,0.0036832413,1.0,,,1.0
21733,10.172875,1.0,0.0,1.0,,,1.0
21734,56.67572,1.0,0.0022271716,1.0,,,1.0
21735,51.72345,1.0,0.0043668123,1.0,,,1.0
21736,4.890091,1.0,0.0,1.0,,,1.0
21737,17.636772,1.0,0.020833334,1.0,,,1.0
21738,27.425625,1.0,0.02247191,1.0,,,1.0
21739,30.593529,1.0,0.006535948,1.0,,,1.0
21740,8.114243,1.0,0.0,1.0,,,1.0
21741,30.421831,1.0,0.0121951215,1.0,,,1.0
21742,16.048857,1.0,0.0,1.0,,,1.0
21743,14.535093,1.0,0.0,1.0,,,1.0
21744,14.267914,1.0,0.0,1.0,,,1.0
21745,32.76318,1.0,0.0,1.0,,,1.0
21746,66.69815,1.0,0.010152284,1.0,,,1.0
21747,44.951385,1.0,0.0,1.0,,,1.0
21748,15.317302,1.0,0.0,1.0,,,1.0
21749,21.431389,1.0,0.005154639,1.0,,,1.0
21750,4.4192863,1.0,0.0,1.0,,,1.0
21751,19.47356,1.0,0.0,1.0,,,1.0
21752,20.764761,1.0,0.0,1.0,,,1.0
21753,50.619095,1.0,0.011111111,1.0,,,1.0
21754,28.143562,1.0,0.007142857,1.0,,,1.0
21755,62.275513,1.0,0.0,1.0,,,1.0
21756,98.476326,1.0,0.009302326,1.0,,,1.0
21757,12.7195215,1.0,0.016260162,1.0,,,1.0
21758,9.149605,1.0,0.006849315,1.0,,,1.0
21759,15.952163,1.0,0.0,1.0,,,1.0
21760,34.93292,1.0,0.0,1.0,,,1.0
21761,66.80831,1.0,0.015873017,1.0,,,1.0
21762,21.25492,1.0,0.010869565,1.0,,,1.0
21763,7.099568,1.0,0.004219409,1.0,,,1.0
21764,10.2914295,1.0,0.0,1.0,,,1.0
21765,47.121517,1.0,0.002610966,1.0,,,1.0
21766,43.20567,1.0,0.022222223,1.0,,,1.0
21767,78.47665,1.0,0.019417476,1.0,,,1.0
21768,6.7753344,1.0,0.011494253,1.0,,,1.0
21769,15.600718,1.0,0.014814815,1.0,,,1.0
21770,86.461395,1.0,0.010526316,1.0,,,1.0
21771,12.771292,1.0,0.029411765,1.0,,,1.0
21772,74.032364,1.0,0.0051282053,1.0,,,1.0
21773,45.2774,1.0,0.0049261083,1.0,,,1.0
21774,40.66883,1.0,0.01010101,1.0,,,1.0
21775,32.66315,1.0,0.008130081,1.0,,,1.0
21776,50.85755,1.0,0.0055555557,1.0,,,1.0
21777,21.202122,1.0,0.0,1.0,,,1.0
21778,6.580142,1.0,0.0,1.0,,,1.0
21779,18.274612,1.0,0.0,1.0,,,1.0
21780,63.247498,1.0,0.0038387715,1.0,,,1.0
21781,91.68036,1.0,0.003502627,1.0,,,1.0
21782,28.392302,1.0,0.00877193,1.0,,,1.0
21783,32.15523,1.0,0.011235955,1.0,,,1.0
21784,1.9544266,1.0,0.0,1.0,,,1.0
21785,72.162674,1.0,0.0059701493,1.0,,,1.0
21786,3.0790095,1.0,0.023255814,1.0,,,1.0
21787,7.2333803,1.0,0.0,1.0,,,1.0
21788,0.79433876,1.0,0.0,1.0,,,1.0
21789,21.657558,1.0,0.004608295,1.0,,,1.0
21790,21.183178,1.0,0.0028490028,1.0,,,1.0
21791,16.708004,1.0,0.03508772,1.0,,,1.0
21792,58.774593,1.0,0.0071174377,1.0,,,1.0
21793,39.650013,1.0,0.008928572,1.0,,,1.0
21794,39.98917,1.0,0.0,1.0,,,1.0
21795,60.758087,1.0,0.011111111,1.0,,,1.0
21796,62.83131,1.0,0.005540166,1.0,,,1.0
21797,51.82656,1.0,0.02020202,1.0,,,1.0
21798,8.696804,1.0,0.0,1.0,,,1.0
21799,47.887398,1.0,0.0067340066,1.0,,,1.0
21800,8.945789,1.0,0.0,1.0,,,1.0
21801,40.98041,1.0,0.015037594,1.0,,,1.0
21802,10.275005,1.0,0.029850746,1.0,,,1.0
21803,62.911263,1.0,0.007575758,1.0,,,1.0
21804,30.728693,1.0,0.018518519,1.0,,,1.0
21805,74.01742,1.0,0.0065146578,1.0,,,1.0
21806,45.6612,1.0,0.01980198,1.0,,,1.0
21807,40.21296,1.0,0.006666667,1.0,,,1.0
21808,10.588578,1.0,0.016666668,1.0,,,1.0
21809,47.076756,1.0,0.020618556,1.0,,,1.0
21810,30.343052,1.0,0.013157895,1.0,,,1.0
21811,20.094164,1.0,0.0,1.0,,,1.0
21812,22.974602,1.0,0.00625,1.0,,,1.0
21813,116.13675,1.0,0.0,1.0,,,1.0
21814,69.42076,1.0,0.0057142857,1.0,,,1.0
21815,20.723194,1.0,0.027027028,1.0,,,1.0
21816,9.434032,1.0,0.0,1.0,,,1.0
21817,37.598587,1.0,0.011494253,1.0,,,1.0
21818,23.470491,1.0,0.0,1.0,,,1.0
21819,55.443703,1.0,0.0070921984,1.0,,,1.0
21820,61.45962,1.0,0.0037037036,1.0,,,1.0
21821,10.904936,1.0,0.0058139535,1.0,,,1.0
21822,9.243341,1.0,0.0,1.0,,,1.0
21823,80.49888,1.0,0.0040816325,1.0,,,1.0
21824,5.7918496,1.0,0.0028490028,1.0,,,1.0
21825,41.745354,1.0,0.0060975607,1.0,,,1.0
21826,3.738831,1.0,0.0,1.0,,,1.0
21827,112.21493,1.0,0.01,1.0,,,1.0
21828,117.691864,1.0,0.010256411,1.0,,,1.0
21829,42.433804,1.0,0.006802721,1.0,,,1.0
21830,14.083892,1.0,0.005277045,1.0,,,1.0
21831,32.97824,1.0,0.044444446,1.0,,,1.0
21832,85.29979,1.0,0.013333334,1.0,,,1.0
21833,98.14051,1.0,0.0,1.0,,,1.0
21834,38.017475,1.0,0.003508772,1.0,,,1.0
21835,11.264287,1.0,0.0,1.0,,,1.0
21836,43.816463,1.0,0.010526316,1.0,,,1.0
21837,4.1987524,1.0,0.0,1.0,,,1.0
21838,42.433804,1.0,0.01010101,1.0,,,1.0
21839,17.041853,1.0,0.011299435,1.0,,,1.0
21840,31.527805,1.0,0.003976143,1.0,,,1.0
21841,20.709585,1.0,0.010362694,1.0,,,1.0
21842,27.333967,1.0,0.016666668,1.0,,,1.0
21843,55.254353,1.0,0.006688963,1.0,,,1.0
21844,39.252228,1.0,0.010989011,1.0,,,1.0
21845,14.332978,1.0,0.0,1.0,,,1.0
21846,11.453763,1.0,0.0,1.0,,,1.0
21847,26.364855,1.0,0.0,1.0,,,1.0
21848,9.154886,1.0,0.0,1.0,,,1.0
21849,11.413735,1.0,0.0,1.0,,,1.0
21850,77.22009,1.0,0.016260162,1.0,,,1.0
21851,35.09287,1.0,0.0071174377,1.0,,,1.0
21852,14.3829975,1.0,0.017857144,1.0,,,1.0
21853,36.766438,1.0,0.0066225166,1.0,,,1.0
21854,27.44689,1.0,0.001980198,1.0,,,1.0
21855,47.042557,1.0,0.0031948881,1.0,,,1.0
21856,76.92152,1.0,0.004878049,1.0,,,1.0
21857,29.574545,1.0,0.016,1.0,,,1.0
21858,14.700169,1.0,0.08695652,1.0,,,1.0
21859,66.482666,1.0,0.0038314175,1.0,,,1.0
21860,66.769264,1.0,0.0063492064,1.0,,,1.0
21861,70.6527,1.0,0.00952381,1.0,,,1.0
21862,28.601927,1.0,0.0057142857,1.0,,,1.0
21863,30.003428,1.0,0.0067114094,1.0,,,1.0
21864,27.515274,1.0,0.0091743115,1.0,,,1.0
21865,10.9794,1.0,0.0,1.0,,,1.0
21866,59.164825,1.0,0.01724138,1.0,,,1.0
21867,70.459526,1.0,0.00754717,1.0,,,1.0
21868,6.2679863,1.0,0.0016420361,1.0,,,1.0
21869,22.360477,1.0,0.0,1.0,,,1.0
21870,11.121537,1.0,0.0,1.0,,,1.0
21871,32.081238,1.0,0.01438849,1.0,,,1.0
21872,17.221462,1.0,0.0069204154,1.0,,,1.0
21873,7.3903546,1.0,0.0041841003,1.0,,,1.0
21874,10.98132,1.0,0.0,1.0,,,1.0
21875,27.296669,1.0,0.0,1.0,,,1.0
21876,28.877544,1.0,0.008333334,1.0,,,1.0
21877,66.482666,1.0,0.003717472,1.0,,,1.0
21878,9.816969,1.0,0.0121951215,1.0,,,1.0
21879,31.992453,1.0,0.0037453184,1.0,,,1.0
21880,31.229944,1.0,0.0076045627,1.0,,,1.0
21881,37.346603,1.0,0.0025773195,1.0,,,1.0
21882,29.284714,1.0,0.007751938,1.0,,,1.0
21883,28.625896,1.0,0.04347826,1.0,,,1.0
21884,38.120075,1.0,0.00990099,1.0,,,1.0
21885,35.629208,1.0,0.0,1.0,,,1.0
21886,61.895172,1.0,0.01980198,1.0,,,1.0
21887,40.818283,1.0,0.006802721,1.0,,,1.0
21888,80.49888,1.0,0.0046838406,1.0,,,1.0
21889,15.753603,1.0,0.009433962,1.0,,,1.0
21890,80.03177,1.0,0.003921569,1.0,,,1.0
21891,33.16621,1.0,0.006993007,1.0,,,1.0
21892,35.59902,1.0,0.0057471264,1.0,,,1.0
21893,31.174076,1.0,0.005154639,1.0,,,1.0
21894,46.808243,1.0,0.0043668123,1.0,,,1.0
21895,31.463514,1.0,0.0,1.0,,,1.0
21896,18.126677,1.0,0.0,1.0,,,1.0
21897,61.361763,1.0,0.005263158,1.0,,,1.0
21898,24.051332,1.0,0.008230452,1.0,,,1.0
21899,98.70822,1.0,0.017094018,1.0,,,1.0
21900,42.433804,1.0,0.004716981,1.0,,,1.0
21901,47.65984,1.0,0.010416667,1.0,,,1.0
21902,56.591736,1.0,0.00729927,1.0,,,1.0
21903,39.3993,1.0,0.013513514,1.0,,,1.0
21904,104.55939,1.0,0.0046838406,1.0,,,1.0
21905,16.579245,1.0,0.011363637,1.0,,,1.0
21906,59.740917,1.0,0.0061728396,1.0,,,1.0
21907,23.667639,1.0,0.0124223605,1.0,,,1.0
21908,2.6588063,1.0,0.01,1.0,,,1.0
21909,89.298325,1.0,0.012820513,1.0,,,1.0
21910,106.4167,1.0,0.008928572,1.0,,,1.0
21911,42.55422,1.0,0.0121951215,1.0,,,1.0
21912,26.938673,1.0,0.0050251256,1.0,,,1.0
21913,5.599583,1.0,0.0,1.0,,,1.0
21914,83.36918,1.0,0.0025974025,1.0,,,1.0
21915,13.237604,1.0,0.0088495575,1.0,,,1.0
21916,25.28824,1.0,0.0017574693,1.0,,,1.0
21917,18.730618,1.0,0.0,1.0,,,1.0
21918,12.629553,1.0,0.008695652,1.0,,,1.0
21919,14.6236315,1.0,0.007633588,1.0,,,1.0
21920,25.938126,1.0,0.0,1.0,,,1.0
21921,26.385443,1.0,0.0,1.0,,,1.0
21922,57.42195,1.0,0.005540166,1.0,,,1.0
21923,20.995932,1.0,0.0028248588,1.0,,,1.0
21924,94.27873,1.0,0.004132231,1.0,,,1.0
21925,4.519992,1.0,0.04347826,1.0,,,1.0
21926,57.85457,1.0,0.009756098,1.0,,,1.0
21927,83.81478,1.0,0.009345794,1.0,,,1.0
21928,25.829971,1.0,0.0057471264,1.0,,,1.0
21929,51.71784,1.0,0.013157895,1.0,,,1.0
21930,14.991302,1.0,0.0043290043,1.0,,,1.0
21931,46.63584,1.0,0.009478673,1.0,,,1.0
21932,25.356062,1.0,0.0121951215,1.0,,,1.0
21933,16.440441,1.0,0.009009009,1.0,,,1.0
21934,27.84833,1.0,0.007905139,1.0,,,1.0
21935,24.143202,1.0,0.0052083335,1.0,,,1.0
21936,42.09108,1.0,0.011976048,1.0,,,1.0
21937,34.06485,1.0,0.004830918,1.0,,,1.0
21938,36.048527,1.0,0.0088495575,1.0,,,1.0
21939,40.769283,1.0,0.0047393367,1.0,,,1.0
21940,48.696926,1.0,0.0068965517,1.0,,,1.0
21941,21.10175,1.0,0.0032467532,1.0,,,1.0
21942,18.414532,1.0,0.0,1.0,,,1.0
21943,2.8383324,1.0,0.005,1.0,,,1.0
21944,8.665898,1.0,0.0,1.0,,,1.0
21945,16.452488,1.0,0.011494253,1.0,,,1.0
21946,78.47665,1.0,0.0046948357,1.0,,,1.0
21947,27.965487,1.0,0.005586592,1.0,,,1.0
21948,78.61112,1.0,0.021978023,1.0,,,1.0
21949,104.55939,1.0,0.0,1.0,,,1.0
21950,80.32686,1.0,0.012658228,1.0,,,1.0
21951,31.790745,1.0,0.016260162,1.0,,,1.0
21952,65.50862,1.0,0.0018726592,1.0,,,1.0
21953,87.74461,1.0,0.01754386,1.0,,,1.0
21954,6.738794,1.0,0.0,1.0,,,1.0
21955,7.6042366,1.0,0.0031847134,1.0,,,1.0
21956,49.789387,1.0,0.0076045627,1.0,,,1.0
21957,15.00449,1.0,0.0064102565,1.0,,,1.0
21958,112.43434,1.0,0.007246377,1.0,,,1.0
21959,42.09108,1.0,0.006849315,1.0,,,1.0
21960,40.885918,1.0,0.0,1.0,,,1.0
21961,3.1295345,1.0,0.0,1.0,,,1.0
21962,23.061047,1.0,0.0,1.0,,,1.0
21963,16.938007,1.0,0.017391304,1.0,,,1.0
21964,27.333967,1.0,0.013071896,1.0,,,1.0
21965,17.573599,1.0,0.0088495575,1.0,,,1.0
21966,22.536388,1.0,0.0,1.0,,,1.0
21967,14.417856,1.0,0.007874016,1.0,,,1.0
21968,44.55214,1.0,0.0124223605,1.0,,,1.0
21969,34.676254,1.0,0.009090909,1.0,,,1.0
21970,18.7635,1.0,0.0,1.0,,,1.0
21971,16.918907,1.0,0.023255814,1.0,,,1.0
21972,66.81842,1.0,0.0039525693,1.0,,,1.0
21973,14.943771,1.0,0.007352941,1.0,,,1.0
21974,35.419224,1.0,0.006688963,1.0,,,1.0
21975,12.326313,1.0,0.03846154,1.0,,,1.0
21976,89.530876,1.0,0.009708738,1.0,,,1.0
21977,26.831875,1.0,0.025641026,1.0,,,1.0
21978,33.773666,1.0,0.005524862,1.0,,,1.0
21979,106.12697,1.0,0.0,1.0,,,1.0
21980,6.019398,1.0,0.0,1.0,,,1.0
21981,29.076475,1.0,0.0057471264,1.0,,,1.0
21982,56.542282,1.0,0.018867925,1.0,,,1.0
21983,23.532372,1.0,0.01369863,1.0,,,1.0
21984,42.57018,1.0,0.010989011,1.0,,,1.0
21985,34.211155,1.0,0.0048076925,1.0,,,1.0
21986,98.70822,1.0,0.012658228,1.0,,,1.0
21987,22.405905,1.0,0.06666667,1.0,,,1.0
21988,64.774826,1.0,0.0,1.0,,,1.0
21989,30.498413,1.0,0.0,1.0,,,1.0
21990,38.96952,1.0,0.014184397,1.0,,,1.0
21991,33.345943,1.0,0.007194245,1.0,,,1.0
21992,98.70822,1.0,0.027027028,1.0,,,1.0
21993,85.39203,1.0,0.011111111,1.0,,,1.0
21994,4.4613748,1.0,0.016949153,1.0,,,1.0
21995,21.05598,1.0,0.0051020407,1.0,,,1.0
21996,56.22824,1.0,0.011904762,1.0,,,1.0
21997,64.704315,1.0,0.0035587188,1.0,,,1.0
21998,3.4336317,1.0,0.0,1.0,,,1.0
21999,26.6411,1.0,0.0,1.0,,,1.0
22000,20.984856,1.0,0.0,1.0,,,1.0
22001,26.986645,1.0,0.005076142,1.0,,,1.0
22002,94.55113,1.0,0.007067138,1.0,,,1.0
22003,33.222755,1.0,0.0,1.0,,,1.0
22004,89.88506,1.0,0.0064102565,1.0,,,1.0
22005,154.73218,1.0,0.006329114,1.0,,,1.0
22006,17.197577,1.0,0.0,1.0,,,1.0
22007,36.229965,1.0,0.016129032,1.0,,,1.0
22008,23.806738,1.0,0.014492754,1.0,,,1.0
22009,39.3626,1.0,0.0,1.0,,,1.0
22010,60.9619,1.0,0.04761905,1.0,,,1.0
22011,34.24777,1.0,0.01438849,1.0,,,1.0
22012,100.17136,1.0,0.00625,1.0,,,1.0
22013,25.951641,1.0,0.0,1.0,,,1.0
22014,46.172817,1.0,0.0,1.0,,,1.0
22015,23.53787,1.0,0.0,1.0,,,1.0
22016,10.070791,1.0,0.0,1.0,,,1.0
22017,15.346339,1.0,0.028571429,1.0,,,1.0
22018,20.660381,1.0,0.008064516,1.0,,,1.0
22019,69.42076,1.0,0.0,1.0,,,1.0
22020,37.57996,1.0,0.0099502485,1.0,,,1.0
22021,42.778877,1.0,0.01058201,1.0,,,1.0
22022,26.48901,1.0,0.014492754,1.0,,,1.0
22023,16.320549,1.0,0.031746034,1.0,,,1.0
22024,17.195297,1.0,0.0,1.0,,,1.0
22025,27.434822,1.0,0.006430868,1.0,,,1.0
22026,115.54238,1.0,0.004705882,1.0,,,1.0
22027,69.73952,1.0,0.004016064,1.0,,,1.0
22028,11.50792,1.0,0.044444446,1.0,,,1.0
22029,18.450565,1.0,0.008695652,1.0,,,1.0
22030,16.046627,1.0,0.009009009,1.0,,,1.0
22031,136.64789,1.0,0.016,1.0,,,1.0
22032,1.4675843,1.0,0.0,1.0,,,1.0
22033,33.63226,1.0,0.011235955,1.0,,,1.0
22034,4.307008,1.0,0.0,1.0,,,1.0
22035,23.667639,1.0,0.01369863,1.0,,,1.0
22036,9.459183,1.0,0.0,1.0,,,1.0
22037,39.850513,1.0,0.004901961,1.0,,,1.0
22038,29.834476,1.0,0.022222223,1.0,,,1.0
22039,3.5309362,1.0,0.0,1.0,,,1.0
22040,11.7456,1.0,0.017391304,1.0,,,1.0
22041,44.186485,1.0,0.01459854,1.0,,,1.0
22042,57.966553,1.0,0.0064102565,1.0,,,1.0
22043,14.956273,1.0,0.006993007,1.0,,,1.0
22044,22.33582,1.0,0.003937008,1.0,,,1.0
22045,9.10712,1.0,0.0,1.0,,,1.0
22046,48.545094,1.0,0.008474576,1.0,,,1.0
22047,48.696926,1.0,0.008130081,1.0,,,1.0
22048,58.006668,1.0,0.01,1.0,,,1.0
22049,4.242505,1.0,0.0,1.0,,,1.0
22050,27.942463,1.0,0.002020202,1.0,,,1.0
22051,39.815937,1.0,0.0,1.0,,,1.0
22052,22.469261,1.0,0.0,1.0,,,1.0
22053,17.041853,1.0,0.012578616,1.0,,,1.0
22054,26.936724,1.0,0.0091743115,1.0,,,1.0
22055,56.54368,1.0,0.012987013,1.0,,,1.0
22056,55.447506,1.0,0.00921659,1.0,,,1.0
22057,22.170992,1.0,0.0,1.0,,,1.0
22058,17.954685,1.0,0.0,1.0,,,1.0
22059,50.154434,1.0,0.004597701,1.0,,,1.0
22060,23.941542,1.0,0.025641026,1.0,,,1.0
22061,23.449848,1.0,0.005524862,1.0,,,1.0
22062,12.744831,1.0,0.027027028,1.0,,,1.0
22063,42.447838,1.0,0.007380074,1.0,,,1.0
22064,22.812983,1.0,0.0,1.0,,,1.0
22065,32.420284,1.0,0.008298756,1.0,,,1.0
22066,13.066461,1.0,0.0,1.0,,,1.0
22067,23.184643,1.0,0.0,1.0,,,1.0
22068,41.83559,1.0,0.0070422534,1.0,,,1.0
22069,63.03454,1.0,0.0,1.0,,,1.0
22070,78.47665,1.0,0.006849315,1.0,,,1.0
22071,35.419224,1.0,0.005586592,1.0,,,1.0
22072,9.293599,1.0,0.0,1.0,,,1.0
22073,19.767784,1.0,0.002994012,1.0,,,1.0
22074,62.885365,1.0,0.01438849,1.0,,,1.0
22075,15.251229,1.0,0.0042735045,1.0,,,1.0
22076,5.620463,1.0,0.0,1.0,,,1.0
22077,80.49888,1.0,0.0048076925,1.0,,,1.0
22078,17.653147,1.0,0.0,1.0,,,1.0
22079,18.717928,1.0,0.005181347,1.0,,,1.0
22080,9.617484,1.0,0.0024937657,1.0,,,1.0
22081,23.324146,1.0,0.025974026,1.0,,,1.0
22082,33.903538,1.0,0.008403362,1.0,,,1.0
22083,30.29651,1.0,0.01369863,1.0,,,1.0
22084,35.4187,1.0,0.0036630037,1.0,,,1.0
22085,18.582874,1.0,0.021052632,1.0,,,1.0
22086,18.53049,1.0,0.004672897,1.0,,,1.0
22087,28.867565,1.0,0.007142857,1.0,,,1.0
22088,31.881863,1.0,0.01754386,1.0,,,1.0
22089,14.910789,1.0,0.004484305,1.0,,,1.0
22090,42.433804,1.0,0.009090909,1.0,,,1.0
22091,48.037197,1.0,0.0058651026,1.0,,,1.0
22092,41.821625,1.0,0.008163265,1.0,,,1.0
22093,13.683721,1.0,0.004901961,1.0,,,1.0
22094,9.5847845,1.0,0.0,1.0,,,1.0
22095,9.964832,1.0,0.0,1.0,,,1.0
22096,42.433804,1.0,0.004219409,1.0,,,1.0
22097,26.311289,1.0,0.0,1.0,,,1.0
22098,21.77913,1.0,0.003929273,1.0,,,1.0
22099,106.4167,1.0,0.005319149,1.0,,,1.0
22100,66.76958,1.0,0.015384615,1.0,,,1.0
22101,45.776028,1.0,0.007067138,1.0,,,1.0
22102,11.590686,1.0,0.008403362,1.0,,,1.0
22103,40.057266,1.0,0.009302326,1.0,,,1.0
22104,18.014217,1.0,0.006060606,1.0,,,1.0
22105,17.76012,1.0,0.015625,1.0,,,1.0
22106,20.860258,1.0,0.0,1.0,,,1.0
22107,12.074365,1.0,0.012269938,1.0,,,1.0
22108,109.534454,1.0,0.006993007,1.0,,,1.0
22109,94.0619,1.0,0.008695652,1.0,,,1.0
22110,5.347361,1.0,0.0,1.0,,,1.0
22111,8.76011,1.0,0.017857144,1.0,,,1.0
22112,44.43631,1.0,0.015037594,1.0,,,1.0
22113,29.25084,1.0,0.008438818,1.0,,,1.0
22114,4.1705284,1.0,0.0,1.0,,,1.0
22115,89.298325,1.0,0.011976048,1.0,,,1.0
22116,40.982872,1.0,0.0034722222,1.0,,,1.0
22117,16.55623,1.0,0.0,1.0,,,1.0
22118,56.998066,1.0,0.006779661,1.0,,,1.0
22119,19.989363,1.0,0.008733625,1.0,,,1.0
22120,39.971397,1.0,0.005586592,1.0,,,1.0
22121,70.22936,1.0,0.0,1.0,,,1.0
22122,12.701317,1.0,0.011627907,1.0,,,1.0
22123,7.2246842,1.0,0.0,1.0,,,1.0
22124,81.14468,1.0,0.0064102565,1.0,,,1.0
22125,14.582799,1.0,0.0,1.0,,,1.0
22126,37.021282,1.0,0.01369863,1.0,,,1.0
22127,30.149088,1.0,0.008097166,1.0,,,1.0
22128,37.328815,1.0,0.005899705,1.0,,,1.0
22129,24.882086,1.0,0.0057803467,1.0,,,1.0
22130,41.92771,1.0,0.0074626864,1.0,,,1.0
22131,66.482666,1.0,0.007751938,1.0,,,1.0
22132,39.937725,1.0,0.007352941,1.0,,,1.0
22133,6.9806457,1.0,0.032258064,1.0,,,1.0
22134,16.149147,1.0,0.0,1.0,,,1.0
22135,49.87287,1.0,0.0023474179,1.0,,,1.0
22136,109.534454,1.0,0.003816794,1.0,,,1.0
22137,24.539797,1.0,0.0,1.0,,,1.0
22138,23.805717,1.0,0.0,1.0,,,1.0
22139,32.51213,1.0,0.010869565,1.0,,,1.0
22140,5.308236,1.0,0.018181818,1.0,,,1.0
22141,11.517596,1.0,0.011363637,1.0,,,1.0
22142,28.142946,1.0,0.0,1.0,,,1.0
22143,108.342125,1.0,0.014184397,1.0,,,1.0
22144,67.38744,1.0,0.01459854,1.0,,,1.0
22145,6.309895,1.0,0.0,1.0,,,1.0
22146,9.86974,1.0,0.019607844,1.0,,,1.0
22147,11.2214985,1.0,0.0,1.0,,,1.0
22148,112.43434,1.0,0.010204081,1.0,,,1.0
22149,49.520912,1.0,0.003921569,1.0,,,1.0
22150,30.852215,1.0,0.012820513,1.0,,,1.0
22151,59.60921,1.0,0.005449591,1.0,,,1.0
22152,62.885365,1.0,0.009049774,1.0,,,1.0
22153,88.708664,1.0,0.0018867925,1.0,,,1.0
22154,40.109795,1.0,0.004750594,1.0,,,1.0
22155,5.4090037,1.0,0.0037313432,1.0,,,1.0
22156,49.48252,1.0,0.009615385,1.0,,,1.0
22157,40.982872,1.0,0.016129032,1.0,,,1.0
22158,4.73508,1.0,0.0,1.0,,,1.0
22159,33.60434,1.0,0.0,1.0,,,1.0
22160,63.79785,1.0,0.009852217,1.0,,,1.0
22161,10.5581,1.0,0.0,1.0,,,1.0
22162,81.13242,1.0,0.02,1.0,,,1.0
22163,52.834007,1.0,0.008547009,1.0,,,1.0
22164,26.989826,1.0,0.0,1.0,,,1.0
22165,76.26888,1.0,0.006451613,1.0,,,1.0
22166,30.29651,1.0,0.017857144,1.0,,,1.0
22167,5.5425024,1.0,0.004830918,1.0,,,1.0
22168,109.534454,1.0,0.0034482758,1.0,,,1.0
22169,50.058445,1.0,0.0054945056,1.0,,,1.0
22170,8.472211,1.0,0.04761905,1.0,,,1.0
22171,10.536932,1.0,0.004784689,1.0,,,1.0
22172,17.221462,1.0,0.006369427,1.0,,,1.0
22173,50.795845,1.0,0.0041841003,1.0,,,1.0
22174,22.030054,1.0,0.0,1.0,,,1.0
22175,24.535927,1.0,0.0,1.0,,,1.0
22176,26.163624,1.0,0.018691588,1.0,,,1.0
22177,52.756413,1.0,0.0017953322,1.0,,,1.0
22178,67.567406,1.0,0.014492754,1.0,,,1.0
22179,46.33236,1.0,0.007575758,1.0,,,1.0
22180,15.537655,1.0,0.00729927,1.0,,,1.0
22181,6.221857,1.0,0.0,1.0,,,1.0
22182,43.640488,1.0,0.0,1.0,,,1.0
22183,7.7510133,1.0,0.011560693,1.0,,,1.0
22184,8.709013,1.0,0.0047393367,1.0,,,1.0
22185,20.063238,1.0,0.0053333333,1.0,,,1.0
22186,25.499916,1.0,0.016666668,1.0,,,1.0
22187,48.006584,1.0,0.006849315,1.0,,,1.0
22188,83.57953,1.0,0.006451613,1.0,,,1.0
22189,15.780169,1.0,0.0125,1.0,,,1.0
22190,9.27824,1.0,0.0,1.0,,,1.0
22191,14.321273,1.0,0.005540166,1.0,,,1.0
22192,125.9227,1.0,0.013333334,1.0,,,1.0
22193,91.68036,1.0,0.0063492064,1.0,,,1.0
22194,10.694449,1.0,0.0036101083,1.0,,,1.0
22195,23.80188,1.0,0.019607844,1.0,,,1.0
22196,56.376305,1.0,0.008474576,1.0,,,1.0
22197,21.405848,1.0,0.0,1.0,,,1.0
22198,19.799633,1.0,0.0,1.0,,,1.0
22199,39.815937,1.0,0.0,1.0,,,1.0
22200,19.85698,1.0,0.004415011,1.0,,,1.0
22201,39.16318,1.0,0.005076142,1.0,,,1.0
22202,29.022688,1.0,0.010989011,1.0,,,1.0
22203,18.076748,1.0,0.0070921984,1.0,,,1.0
22204,20.148455,1.0,0.0061728396,1.0,,,1.0
22205,48.55921,1.0,0.014925373,1.0,,,1.0
22206,29.836765,1.0,0.004672897,1.0,,,1.0
22207,25.685335,1.0,0.0,1.0,,,1.0
22208,64.32761,1.0,0.022222223,1.0,,,1.0
22209,21.486567,1.0,0.0,1.0,,,1.0
22210,52.275127,1.0,0.03846154,1.0,,,1.0
22211,100.17136,1.0,0.012903226,1.0,,,1.0
22212,9.910228,1.0,0.02631579,1.0,,,1.0
22213,16.941963,1.0,0.00896861,1.0,,,1.0
22214,45.39424,1.0,0.0,1.0,,,1.0
22215,15.640204,1.0,0.0,1.0,,,1.0
22216,33.16621,1.0,0.0,1.0,,,1.0
22217,46.33236,1.0,0.005988024,1.0,,,1.0
22218,45.026672,1.0,0.03125,1.0,,,1.0
22219,0.3358905,1.0,0.0,1.0,,,1.0
22220,20.528301,1.0,0.01369863,1.0,,,1.0
22221,33.054882,1.0,0.01369863,1.0,,,1.0
22222,9.910228,1.0,0.0,1.0,,,1.0
22223,51.757824,1.0,0.0088495575,1.0,,,1.0
22224,101.899734,1.0,0.0093896715,1.0,,,1.0
22225,13.238135,1.0,0.003533569,1.0,,,1.0
22226,125.9227,1.0,0.008695652,1.0,,,1.0
22227,83.855774,1.0,0.007067138,1.0,,,1.0
22228,33.721535,1.0,0.010152284,1.0,,,1.0
22229,13.012477,1.0,0.003929273,1.0,,,1.0
22230,13.715927,1.0,0.0037313432,1.0,,,1.0
22231,11.450143,1.0,0.004219409,1.0,,,1.0
22232,103.64353,1.0,0.006666667,1.0,,,1.0
22233,11.0226965,1.0,0.0,1.0,,,1.0
22234,12.362117,1.0,0.003508772,1.0,,,1.0
22235,65.509445,1.0,0.0,1.0,,,1.0
22236,30.444818,1.0,0.0,1.0,,,1.0
22237,33.95981,1.0,0.07692308,1.0,,,1.0
22238,8.373679,1.0,0.013245033,1.0,,,1.0
22239,48.895374,1.0,0.006849315,1.0,,,1.0
22240,29.34279,1.0,0.0,1.0,,,1.0
22241,89.88506,1.0,0.006451613,1.0,,,1.0
22242,29.381231,1.0,0.0,1.0,,,1.0
22243,57.42195,1.0,0.016260162,1.0,,,1.0
22244,44.574432,1.0,0.0035587188,1.0,,,1.0
22245,94.0619,1.0,0.005952381,1.0,,,1.0
22246,18.53049,1.0,0.004784689,1.0,,,1.0
22247,27.613197,1.0,0.0,1.0,,,1.0
22248,22.650944,1.0,0.0,1.0,,,1.0
22249,17.737242,1.0,0.0,1.0,,,1.0
22250,39.306293,1.0,0.006006006,1.0,,,1.0
22251,8.168271,1.0,0.0039525693,1.0,,,1.0
22252,41.194073,1.0,0.005952381,1.0,,,1.0
22253,2.7971401,1.0,0.010309278,1.0,,,1.0
22254,136.64789,1.0,0.0022172949,1.0,,,1.0
22255,2.4581444,1.0,0.05263158,1.0,,,1.0
22256,27.605742,1.0,0.0070921984,1.0,,,1.0
22257,36.605022,1.0,0.012903226,1.0,,,1.0
22258,17.098019,1.0,0.0,1.0,,,1.0
22259,10.904936,1.0,0.00591716,1.0,,,1.0
22260,75.48097,1.0,0.0,1.0,,,1.0
22261,48.1257,1.0,0.0,1.0,,,1.0
22262,30.343052,1.0,0.0,1.0,,,1.0
22263,49.015846,1.0,0.0062695923,1.0,,,1.0
22264,14.573719,1.0,0.0,1.0,,,1.0
22265,9.107033,1.0,0.008130081,1.0,,,1.0
22266,32.79508,1.0,0.0,1.0,,,1.0
22267,39.850513,1.0,0.003921569,1.0,,,1.0
22268,25.729042,1.0,0.008695652,1.0,,,1.0
22269,57.766075,1.0,0.008510638,1.0,,,1.0
22270,9.248672,1.0,0.028169014,1.0,,,1.0
22271,24.50693,1.0,0.024390243,1.0,,,1.0
22272,30.460304,1.0,0.0,1.0,,,1.0
22273,58.97087,1.0,0.01980198,1.0,,,1.0
22274,35.51589,1.0,0.0,1.0,,,1.0
22275,38.605515,1.0,0.0124223605,1.0,,,1.0
22276,41.959114,1.0,0.005277045,1.0,,,1.0
22277,125.9227,1.0,0.006802721,1.0,,,1.0
22278,32.783146,1.0,0.006968641,1.0,,,1.0
22279,29.216015,1.0,0.004854369,1.0,,,1.0
22280,57.555965,1.0,0.0,1.0,,,1.0
22281,79.2343,1.0,0.0091743115,1.0,,,1.0
22282,1.8375021,1.0,0.0,1.0,,,1.0
22283,19.031137,1.0,0.006451613,1.0,,,1.0
22284,8.258341,1.0,0.01369863,1.0,,,1.0
22285,33.09787,1.0,0.0,1.0,,,1.0
22286,66.69815,1.0,0.0,1.0,,,1.0
22287,27.543184,1.0,0.0,1.0,,,1.0
22288,17.442142,1.0,0.018518519,1.0,,,1.0
22289,33.16621,1.0,0.011111111,1.0,,,1.0
22290,47.030117,1.0,0.007751938,1.0,,,1.0
22291,34.979244,1.0,0.01980198,1.0,,,1.0
22292,73.85746,1.0,0.004454343,1.0,,,1.0
22293,18.510439,1.0,0.0,1.0,,,1.0
22294,21.056232,1.0,0.0,1.0,,,1.0
22295,50.85755,1.0,0.0,1.0,,,1.0
22296,54.970505,1.0,0.003533569,1.0,,,1.0
22297,26.583462,1.0,0.02020202,1.0,,,1.0
22298,16.017889,1.0,0.010638298,1.0,,,1.0
22299,29.234522,1.0,0.003267974,1.0,,,1.0
22300,33.258663,1.0,0.0,1.0,,,1.0
22301,108.342125,1.0,0.004672897,1.0,,,1.0
22302,11.625426,1.0,0.0,1.0,,,1.0
22303,56.998066,1.0,0.0,1.0,,,1.0
22304,19.930353,1.0,0.0,1.0,,,1.0
22305,30.902964,1.0,0.0,1.0,,,1.0
22306,10.792299,1.0,0.010810811,1.0,,,1.0
22307,32.000538,1.0,0.003960396,1.0,,,1.0
22308,124.35362,1.0,0.00952381,1.0,,,1.0
22309,36.96167,1.0,0.01183432,1.0,,,1.0
22310,47.397366,1.0,0.0,1.0,,,1.0
22311,26.105045,1.0,0.0046838406,1.0,,,1.0
22312,26.623383,1.0,0.003816794,1.0,,,1.0
22313,31.992453,1.0,0.004761905,1.0,,,1.0
22314,44.306957,1.0,0.0049261083,1.0,,,1.0
22315,17.234982,1.0,0.0,1.0,,,1.0
22316,29.472647,1.0,0.006849315,1.0,,,1.0
22317,53.408253,1.0,0.011627907,1.0,,,1.0
22318,40.323025,1.0,0.006006006,1.0,,,1.0
22319,21.242043,1.0,0.008474576,1.0,,,1.0
22320,47.937325,1.0,0.008547009,1.0,,,1.0
22321,16.748564,1.0,0.012345679,1.0,,,1.0
22322,39.487774,1.0,0.0,1.0,,,1.0
22323,31.352495,1.0,0.0062111802,1.0,,,1.0
22324,66.482666,1.0,0.003944773,1.0,,,1.0
22325,64.32761,1.0,0.0,1.0,,,1.0
22326,70.256454,1.0,0.00913242,1.0,,,1.0
22327,21.278955,1.0,0.0,1.0,,,1.0
22328,10.472694,1.0,0.0,1.0,,,1.0
22329,62.159447,1.0,0.02631579,1.0,,,1.0
22330,33.896175,1.0,0.0,1.0,,,1.0
22331,9.886144,1.0,0.005076142,1.0,,,1.0
22332,12.668288,1.0,0.0,1.0,,,1.0
22333,28.975943,1.0,0.013333334,1.0,,,1.0
22334,23.352863,1.0,0.0,1.0,,,1.0
22335,22.359537,1.0,0.0,1.0,,,1.0
22336,3.4896493,1.0,0.0,1.0,,,1.0
22337,8.699319,1.0,0.0061728396,1.0,,,1.0
22338,33.222755,1.0,0.0,1.0,,,1.0
22339,29.10844,1.0,0.0,1.0,,,1.0
22340,94.0619,1.0,0.0046620048,1.0,,,1.0
22341,66.769264,1.0,0.01459854,1.0,,,1.0
22342,11.40897,1.0,0.0,1.0,,,1.0
22343,26.14434,1.0,0.0,1.0,,,1.0
22344,112.43434,1.0,0.0034364262,1.0,,,1.0
22345,25.848244,1.0,0.007633588,1.0,,,1.0
22346,7.347975,1.0,0.0,1.0,,,1.0
22347,77.84169,1.0,0.0028409092,1.0,,,1.0
22348,54.69655,1.0,0.010695187,1.0,,,1.0
22349,31.680492,1.0,0.007194245,1.0,,,1.0
22350,39.566135,1.0,0.003322259,1.0,,,1.0
22351,105.337494,1.0,0.0,1.0,,,1.0
22352,32.939407,1.0,0.007380074,1.0,,,1.0
22353,31.992453,1.0,0.0,1.0,,,1.0
22354,35.1499,1.0,0.010526316,1.0,,,1.0
22355,12.835715,1.0,0.0,1.0,,,1.0
22356,29.421946,1.0,0.010471204,1.0,,,1.0
22357,47.376976,1.0,0.0124223605,1.0,,,1.0
22358,30.882236,1.0,0.0055555557,1.0,,,1.0
22359,9.233019,1.0,0.0045454544,1.0,,,1.0
22360,4.7641945,1.0,0.0,1.0,,,1.0
22361,29.293152,1.0,0.0,1.0,,,1.0
22362,45.592983,1.0,0.009852217,1.0,,,1.0
22363,30.952871,1.0,0.00625,1.0,,,1.0
22364,55.052856,1.0,0.008474576,1.0,,,1.0
22365,11.507326,1.0,0.008547009,1.0,,,1.0
22366,4.247538,1.0,0.0,1.0,,,1.0
22367,14.3829975,1.0,0.00625,1.0,,,1.0
22368,51.792812,1.0,0.008264462,1.0,,,1.0
22369,10.825083,1.0,0.0,1.0,,,1.0
22370,42.958508,1.0,0.004484305,1.0,,,1.0
22371,40.109795,1.0,0.0,1.0,,,1.0
22372,47.397366,1.0,0.0,1.0,,,1.0
22373,61.374542,1.0,0.0057971017,1.0,,,1.0
22374,19.816198,1.0,0.0,1.0,,,1.0
22375,52.174686,1.0,0.017094018,1.0,,,1.0
22376,32.22916,1.0,0.008264462,1.0,,,1.0
22377,45.31392,1.0,0.0,1.0,,,1.0
22378,26.570557,1.0,0.004016064,1.0,,,1.0
22379,39.850513,1.0,0.0035211267,1.0,,,1.0
22380,32.973198,1.0,0.005167959,1.0,,,1.0
22381,8.693553,1.0,0.0,1.0,,,1.0
22382,25.42217,1.0,0.00625,1.0,,,1.0
22383,73.75817,1.0,0.002232143,1.0,,,1.0
22384,73.75817,1.0,0.0121951215,1.0,,,1.0
22385,74.18345,1.0,0.006557377,1.0,,,1.0
22386,61.45962,1.0,0.0,1.0,,,1.0
22387,1.4233406,1.0,0.0018552876,1.0,,,1.0
22388,48.93671,1.0,0.0056818184,1.0,,,1.0
22389,40.08159,1.0,0.013888889,1.0,,,1.0
22390,19.466312,1.0,0.008403362,1.0,,,1.0
22391,33.578495,1.0,0.006993007,1.0,,,1.0
22392,3.297734,1.0,0.0,1.0,,,1.0
22393,41.445866,1.0,0.017391304,1.0,,,1.0
22394,20.069532,1.0,0.028985508,1.0,,,1.0
22395,39.971962,1.0,0.03846154,1.0,,,1.0
22396,47.121517,1.0,0.012658228,1.0,,,1.0
22397,50.27301,1.0,0.009090909,1.0,,,1.0
22398,18.53049,1.0,0.00862069,1.0,,,1.0
22399,16.860464,1.0,0.0,1.0,,,1.0
22400,40.84468,1.0,0.0029325513,1.0,,,1.0
22401,11.770379,1.0,0.005050505,1.0,,,1.0
22402,15.374791,1.0,0.0055710305,1.0,,,1.0
22403,78.47665,1.0,0.004761905,1.0,,,1.0
22404,46.33236,1.0,0.006993007,1.0,,,1.0
22405,13.870851,1.0,0.007575758,1.0,,,1.0
22406,71.70666,1.0,0.0078125,1.0,,,1.0
22407,98.476326,1.0,0.005194805,1.0,,,1.0
22408,21.25492,1.0,0.009615385,1.0,,,1.0
22409,11.267477,1.0,0.0,1.0,,,1.0
22410,20.127573,1.0,0.0,1.0,,,1.0
22411,8.709013,1.0,0.0067114094,1.0,,,1.0
22412,13.610806,1.0,0.007194245,1.0,,,1.0
22413,77.22009,1.0,0.00591716,1.0,,,1.0
22414,68.1871,1.0,0.0063091484,1.0,,,1.0
22415,48.698395,1.0,0.006451613,1.0,,,1.0
22416,17.991966,1.0,0.0030395137,1.0,,,1.0
22417,27.968794,1.0,0.006756757,1.0,,,1.0
22418,22.170992,1.0,0.0,1.0,,,1.0
22419,31.746489,1.0,0.019417476,1.0,,,1.0
22420,8.919174,1.0,0.0,1.0,,,1.0
22421,17.692375,1.0,0.014814815,1.0,,,1.0
22422,4.1668787,1.0,0.003003003,1.0,,,1.0
22423,17.160767,1.0,0.020408163,1.0,,,1.0
22424,9.579692,1.0,0.0,1.0,,,1.0
22425,44.306957,1.0,0.006472492,1.0,,,1.0
22426,38.875538,1.0,0.02631579,1.0,,,1.0
22427,103.64353,1.0,0.006756757,1.0,,,1.0
22428,32.081238,1.0,0.006535948,1.0,,,1.0
22429,60.324165,1.0,0.0056338026,1.0,,,1.0
22430,23.11591,1.0,0.012658228,1.0,,,1.0
22431,18.223118,1.0,0.005076142,1.0,,,1.0
22432,7.50084,1.0,0.0,1.0,,,1.0
22433,17.99455,1.0,0.012269938,1.0,,,1.0
22434,1.3839986,1.0,0.0,1.0,,,1.0
22435,23.191128,1.0,0.0,1.0,,,1.0
22436,21.626072,1.0,0.00625,1.0,,,1.0
22437,30.913641,1.0,0.0,1.0,,,1.0
22438,27.441507,1.0,0.008928572,1.0,,,1.0
22439,64.022675,1.0,0.005586592,1.0,,,1.0
22440,33.87051,1.0,0.018867925,1.0,,,1.0
22441,19.811655,1.0,0.0,1.0,,,1.0
22442,66.737206,1.0,0.009756098,1.0,,,1.0
22443,31.329466,1.0,0.01438849,1.0,,,1.0
22444,27.253378,1.0,0.004494382,1.0,,,1.0
22445,3.696528,1.0,0.018348623,1.0,,,1.0
22446,11.686213,1.0,0.05,1.0,,,1.0
22447,19.62509,1.0,0.0,1.0,,,1.0
22448,8.808757,1.0,0.0,1.0,,,1.0
22449,80.49888,1.0,0.004640371,1.0,,,1.0
22450,8.57208,1.0,0.0,1.0,,,1.0
22451,24.165993,1.0,0.0,1.0,,,1.0
22452,26.105045,1.0,0.006756757,1.0,,,1.0
22453,37.330307,1.0,0.028571429,1.0,,,1.0
22454,65.50862,1.0,0.0038834952,1.0,,,1.0
22455,1.6866813,1.0,0.0,1.0,,,1.0
22456,32.775265,1.0,0.005181347,1.0,,,1.0
22457,5.921532,1.0,0.0,1.0,,,1.0
22458,66.91373,1.0,0.015625,1.0,,,1.0
22459,20.452383,1.0,0.0,1.0,,,1.0
22460,82.15262,1.0,0.013422819,1.0,,,1.0
22461,28.60421,1.0,0.0,1.0,,,1.0
22462,4.518979,1.0,0.018181818,1.0,,,1.0
22463,56.72165,1.0,0.00877193,1.0,,,1.0
22464,47.775974,1.0,0.00921659,1.0,,,1.0
22465,4.3476386,1.0,0.007246377,1.0,,,1.0
22466,31.772236,1.0,0.0,1.0,,,1.0
22467,11.344439,1.0,0.0,1.0,,,1.0
22468,43.752766,1.0,0.0,1.0,,,1.0
22469,26.105045,1.0,0.007380074,1.0,,,1.0
22470,53.98461,1.0,0.0030721966,1.0,,,1.0
22471,77.30586,1.0,0.0067114094,1.0,,,1.0
22472,30.05534,1.0,0.0,1.0,,,1.0
22473,18.080975,1.0,0.0,1.0,,,1.0
22474,41.412525,1.0,0.009302326,1.0,,,1.0
22475,70.53568,1.0,0.0,1.0,,,1.0
22476,16.135002,1.0,0.0,1.0,,,1.0
22477,60.58071,1.0,0.0030959751,1.0,,,1.0
22478,13.337533,1.0,0.0,1.0,,,1.0
22479,125.9227,1.0,0.006993007,1.0,,,1.0
22480,34.01502,1.0,0.0,1.0,,,1.0
22481,20.080896,1.0,0.0036363637,1.0,,,1.0
22482,105.86188,1.0,0.006430868,1.0,,,1.0
22483,4.9471965,1.0,0.0,1.0,,,1.0
22484,51.588406,1.0,0.0021691974,1.0,,,1.0
22485,25.829971,1.0,0.013333334,1.0,,,1.0
22486,8.744163,1.0,0.0,1.0,,,1.0
22487,36.17055,1.0,0.008130081,1.0,,,1.0
22488,22.578072,1.0,0.027027028,1.0,,,1.0
22489,68.449905,1.0,0.00754717,1.0,,,1.0
22490,16.373295,1.0,0.0051020407,1.0,,,1.0
22491,15.391268,1.0,0.013605442,1.0,,,1.0
22492,16.046627,1.0,0.029850746,1.0,,,1.0
22493,3.3238087,1.0,0.0,1.0,,,1.0
22494,50.736324,1.0,0.009009009,1.0,,,1.0
22495,44.54079,1.0,0.010204081,1.0,,,1.0
22496,12.725156,1.0,0.0,1.0,,,1.0
22497,44.951385,1.0,0.005602241,1.0,,,1.0
22498,61.98508,1.0,0.0045351475,1.0,,,1.0
22499,92.05475,1.0,0.01980198,1.0,,,1.0
22500,99.413185,1.0,0.0,1.0,,,1.0
22501,17.023014,1.0,0.0,1.0,,,1.0
22502,14.677025,1.0,0.0,1.0,,,1.0
22503,10.904936,1.0,0.0,1.0,,,1.0
22504,5.430079,1.0,0.015151516,1.0,,,1.0
22505,42.420937,1.0,0.0125,1.0,,,1.0
22506,38.96952,1.0,0.010309278,1.0,,,1.0
22507,19.294971,1.0,0.013333334,1.0,,,1.0
22508,10.846557,1.0,0.005235602,1.0,,,1.0
22509,47.030117,1.0,0.0,1.0,,,1.0
22510,74.51002,1.0,0.01904762,1.0,,,1.0
22511,9.886144,1.0,0.00486618,1.0,,,1.0
22512,60.52878,1.0,0.005899705,1.0,,,1.0
22513,44.90611,1.0,0.0,1.0,,,1.0
22514,30.292704,1.0,0.005586592,1.0,,,1.0
22515,9.21044,1.0,0.005076142,1.0,,,1.0
22516,27.837341,1.0,0.0025125628,1.0,,,1.0
22517,59.166702,1.0,0.0040650405,1.0,,,1.0
22518,51.01358,1.0,0.013333334,1.0,,,1.0
22519,85.54174,1.0,0.0068965517,1.0,,,1.0
22520,23.2515,1.0,0.006289308,1.0,,,1.0
22521,82.452644,1.0,0.009009009,1.0,,,1.0
22522,19.397314,1.0,0.0,1.0,,,1.0
22523,34.23366,1.0,0.0,1.0,,,1.0
22524,30.882236,1.0,0.013605442,1.0,,,1.0
22525,39.3626,1.0,0.004048583,1.0,,,1.0
22526,6.091725,1.0,0.0,1.0,,,1.0
22527,105.86188,1.0,0.0028653296,1.0,,,1.0
22528,94.27873,1.0,0.0038240917,1.0,,,1.0
22529,49.098423,1.0,0.012658228,1.0,,,1.0
22530,94.27873,1.0,0.00862069,1.0,,,1.0
22531,65.69165,1.0,0.008064516,1.0,,,1.0
22532,11.791794,1.0,0.0054054055,1.0,,,1.0
22533,25.568357,1.0,0.0027855153,1.0,,,1.0
22534,18.447407,1.0,0.0,1.0,,,1.0
22535,9.002125,1.0,0.0,1.0,,,1.0
22536,13.226166,1.0,0.010989011,1.0,,,1.0
22537,73.504425,1.0,0.009803922,1.0,,,1.0
22538,21.469715,1.0,0.01438849,1.0,,,1.0
22539,115.54238,1.0,0.005376344,1.0,,,1.0
22540,66.769264,1.0,0.0091743115,1.0,,,1.0
22541,14.686115,1.0,0.004784689,1.0,,,1.0
22542,27.599611,1.0,0.0068965517,1.0,,,1.0
22543,74.01742,1.0,0.0063897762,1.0,,,1.0
22544,8.559911,1.0,0.0051282053,1.0,,,1.0
22545,56.376305,1.0,0.003960396,1.0,,,1.0
22546,25.388958,1.0,0.0,1.0,,,1.0
22547,43.21256,1.0,0.004255319,1.0,,,1.0
22548,16.9121,1.0,0.008264462,1.0,,,1.0
22549,85.54174,1.0,0.0,1.0,,,1.0
22550,8.485377,1.0,0.0,1.0,,,1.0
22551,77.30586,1.0,0.010526316,1.0,,,1.0
22552,53.25937,1.0,0.011764706,1.0,,,1.0
22553,50.27301,1.0,0.005524862,1.0,,,1.0
22554,28.918488,1.0,0.022727273,1.0,,,1.0
22555,73.267296,1.0,0.005376344,1.0,,,1.0
22556,80.376945,1.0,0.005524862,1.0,,,1.0
22557,21.329025,1.0,0.007194245,1.0,,,1.0
22558,108.342125,1.0,0.004950495,1.0,,,1.0
22559,13.326446,1.0,0.0,1.0,,,1.0
22560,12.513949,1.0,0.018181818,1.0,,,1.0
22561,93.80001,1.0,0.014925373,1.0,,,1.0
22562,86.02153,1.0,0.007490637,1.0,,,1.0
22563,49.257343,1.0,0.00456621,1.0,,,1.0
22564,20.132132,1.0,0.0,1.0,,,1.0
22565,23.798431,1.0,0.039215688,1.0,,,1.0
22566,39.80065,1.0,0.015384615,1.0,,,1.0
22567,16.812143,1.0,0.004842615,1.0,,,1.0
22568,34.198,1.0,0.004651163,1.0,,,1.0
22569,41.939907,1.0,0.009259259,1.0,,,1.0
22570,15.445959,1.0,0.01980198,1.0,,,1.0
22571,42.039547,1.0,0.024691358,1.0,,,1.0
22572,9.86283,1.0,0.007633588,1.0,,,1.0
22573,33.258663,1.0,0.008230452,1.0,,,1.0
22574,16.525192,1.0,0.009009009,1.0,,,1.0
22575,7.7481165,1.0,0.0,1.0,,,1.0
22576,49.071426,1.0,0.0034542314,1.0,,,1.0
22577,26.068195,1.0,0.011235955,1.0,,,1.0
22578,15.884534,1.0,0.0125,1.0,,,1.0
22579,28.946867,1.0,0.037037037,1.0,,,1.0
22580,21.203201,1.0,0.0,1.0,,,1.0
22581,34.397945,1.0,0.005934718,1.0,,,1.0
22582,52.085163,1.0,0.007067138,1.0,,,1.0
22583,68.1871,1.0,0.004950495,1.0,,,1.0
22584,14.013071,1.0,0.0,1.0,,,1.0
22585,43.528442,1.0,0.005952381,1.0,,,1.0
22586,6.2048235,1.0,0.0,1.0,,,1.0
22587,11.929017,1.0,0.0,1.0,,,1.0
22588,66.43879,1.0,0.007434944,1.0,,,1.0
22589,39.496872,1.0,0.01980198,1.0,,,1.0
22590,12.9007635,1.0,0.0063492064,1.0,,,1.0
22591,69.42076,1.0,0.013888889,1.0,,,1.0
22592,13.226166,1.0,0.0,1.0,,,1.0
22593,25.539497,1.0,0.01724138,1.0,,,1.0
22594,23.282707,1.0,0.015267176,1.0,,,1.0
22595,24.988256,1.0,0.0058139535,1.0,,,1.0
22596,104.3949,1.0,0.017391304,1.0,,,1.0
22597,14.191603,1.0,0.0,1.0,,,1.0
22598,22.897446,1.0,0.0,1.0,,,1.0
22599,11.430999,1.0,0.0038461538,1.0,,,1.0
22600,6.8954415,1.0,0.0070921984,1.0,,,1.0
22601,40.323025,1.0,0.004672897,1.0,,,1.0
22602,109.534454,1.0,0.006756757,1.0,,,1.0
22603,17.474802,1.0,0.0,1.0,,,1.0
22604,10.031765,1.0,0.0,1.0,,,1.0
22605,9.878027,1.0,0.0,1.0,,,1.0
22606,7.828643,1.0,0.0,1.0,,,1.0
22607,17.791122,1.0,0.008298756,1.0,,,1.0
22608,7.7481165,1.0,0.0038314175,1.0,,,1.0
22609,23.025213,1.0,0.007905139,1.0,,,1.0
22610,35.402996,1.0,0.0121951215,1.0,,,1.0
22611,20.999744,1.0,0.011764706,1.0,,,1.0
22612,40.982872,1.0,0.0,1.0,,,1.0
22613,14.269095,1.0,0.006024096,1.0,,,1.0
22614,26.617674,1.0,0.016129032,1.0,,,1.0
22615,36.59524,1.0,0.013513514,1.0,,,1.0
22616,22.30381,1.0,0.017857144,1.0,,,1.0
22617,31.183592,1.0,0.02,1.0,,,1.0
22618,21.56107,1.0,0.009090909,1.0,,,1.0
22619,9.117011,1.0,0.0,1.0,,,1.0
22620,6.614722,1.0,0.0,1.0,,,1.0
22621,21.469715,1.0,0.0,1.0,,,1.0
22622,58.646927,1.0,0.007633588,1.0,,,1.0
22623,17.917292,1.0,0.006451613,1.0,,,1.0
22624,15.598167,1.0,0.0031948881,1.0,,,1.0
22625,30.213242,1.0,0.0,1.0,,,1.0
22626,22.132147,1.0,0.0,1.0,,,1.0
22627,56.591736,1.0,0.028571429,1.0,,,1.0
22628,18.391836,1.0,0.0,1.0,,,1.0
22629,69.43896,1.0,0.012048192,1.0,,,1.0
22630,75.32171,1.0,0.017699115,1.0,,,1.0
22631,41.807384,1.0,0.01058201,1.0,,,1.0
22632,9.961234,1.0,0.0036101083,1.0,,,1.0
22633,36.048527,1.0,0.0031746032,1.0,,,1.0
22634,6.8417907,1.0,0.0025575447,1.0,,,1.0
22635,64.32761,1.0,0.013157895,1.0,,,1.0
22636,26.623383,1.0,0.0023640662,1.0,,,1.0
22637,36.06071,1.0,0.0056980057,1.0,,,1.0
22638,14.797875,1.0,0.008130081,1.0,,,1.0
22639,42.021362,1.0,0.0,1.0,,,1.0
22640,12.107343,1.0,0.004651163,1.0,,,1.0
22641,39.433228,1.0,0.021276595,1.0,,,1.0
22642,19.799633,1.0,0.027027028,1.0,,,1.0
22643,0.9639162,1.0,0.0,1.0,,,1.0
22644,56.005455,1.0,0.0032573289,1.0,,,1.0
22645,31.793446,1.0,0.015625,1.0,,,1.0
22646,11.7826,1.0,0.0038986355,1.0,,,1.0
22647,15.8151865,1.0,0.0,1.0,,,1.0
22648,6.5874834,1.0,0.0,1.0,,,1.0
22649,1.6031483,1.0,0.0,1.0,,,1.0
22650,28.436258,1.0,0.0,1.0,,,1.0
22651,38.419724,1.0,0.0,1.0,,,1.0
22652,5.7062883,1.0,0.0,1.0,,,1.0
22653,7.151244,1.0,0.0068965517,1.0,,,1.0
22654,26.285448,1.0,0.008695652,1.0,,,1.0
22655,31.394663,1.0,0.0,1.0,,,1.0
22656,7.578955,1.0,0.0,1.0,,,1.0
22657,21.765255,1.0,0.0055555557,1.0,,,1.0
22658,39.309826,1.0,0.016393442,1.0,,,1.0
22659,69.42076,1.0,0.0,1.0,,,1.0
22660,35.013527,1.0,0.007380074,1.0,,,1.0
22661,53.07294,1.0,0.021052632,1.0,,,1.0
22662,49.071426,1.0,0.004514673,1.0,,,1.0
22663,56.72165,1.0,0.011111111,1.0,,,1.0
22664,38.605515,1.0,0.0,1.0,,,1.0
22665,36.222538,1.0,0.026666667,1.0,,,1.0
22666,11.199861,1.0,0.006289308,1.0,,,1.0
22667,38.191765,1.0,0.0,1.0,,,1.0
22668,98.70822,1.0,0.016528925,1.0,,,1.0
22669,102.88374,1.0,0.006134969,1.0,,,1.0
22670,30.669868,1.0,0.0,1.0,,,1.0
22671,12.294084,1.0,0.021052632,1.0,,,1.0
22672,105.86188,1.0,0.027777778,1.0,,,1.0
22673,65.94888,1.0,0.023255814,1.0,,,1.0
22674,16.146418,1.0,0.009009009,1.0,,,1.0
22675,7.985408,1.0,0.0,1.0,,,1.0
22676,23.441463,1.0,0.018691588,1.0,,,1.0
22677,67.00446,1.0,0.012578616,1.0,,,1.0
22678,35.928925,1.0,0.0,1.0,,,1.0
22679,3.542424,1.0,0.0,1.0,,,1.0
22680,16.175585,1.0,0.0,1.0,,,1.0
22681,51.345287,1.0,0.0074074073,1.0,,,1.0
22682,14.841887,1.0,0.05263158,1.0,,,1.0
22683,29.55012,1.0,0.0051150895,1.0,,,1.0
22684,19.000053,1.0,0.0032467532,1.0,,,1.0
22685,21.264977,1.0,0.0064935065,1.0,,,1.0
22686,46.273212,1.0,0.021276595,1.0,,,1.0
22687,27.434822,1.0,0.0046948357,1.0,,,1.0
22688,49.5363,1.0,0.0,1.0,,,1.0
22689,5.5126624,1.0,0.0,1.0,,,1.0
22690,20.13538,1.0,0.0,1.0,,,1.0
22691,18.450565,1.0,0.007518797,1.0,,,1.0
22692,37.07209,1.0,0.016393442,1.0,,,1.0
22693,15.952163,1.0,0.0054644807,1.0,,,1.0
22694,66.482666,1.0,0.003164557,1.0,,,1.0
22695,57.57289,1.0,0.0038910506,1.0,,,1.0
22696,20.647205,1.0,0.009803922,1.0,,,1.0
22697,5.3240623,1.0,0.002793296,1.0,,,1.0
22698,3.8216767,1.0,0.008264462,1.0,,,1.0
22699,81.40033,1.0,0.012738854,1.0,,,1.0
22700,3.195012,1.0,0.0026954177,1.0,,,1.0
22701,25.579702,1.0,0.0,1.0,,,1.0
22702,24.180376,1.0,0.01010101,1.0,,,1.0
22703,56.421745,1.0,0.0,1.0,,,1.0
22704,18.09201,1.0,0.0,1.0,,,1.0
22705,19.434685,1.0,0.0025575447,1.0,,,1.0
22706,27.307323,1.0,0.013245033,1.0,,,1.0
22707,16.796303,1.0,0.014925373,1.0,,,1.0
22708,117.37837,1.0,0.0034246575,1.0,,,1.0
22709,7.5910544,1.0,0.0,1.0,,,1.0
22710,12.367051,1.0,0.015748031,1.0,,,1.0
22711,77.65414,1.0,0.011111111,1.0,,,1.0
22712,40.68799,1.0,0.0,1.0,,,1.0
22713,33.258663,1.0,0.008333334,1.0,,,1.0
22714,46.33236,1.0,0.0,1.0,,,1.0
22715,11.409898,1.0,0.0,1.0,,,1.0
22716,6.765885,1.0,0.010989011,1.0,,,1.0
22717,56.44394,1.0,0.014285714,1.0,,,1.0
22718,85.39203,1.0,0.0061728396,1.0,,,1.0
22719,31.557035,1.0,0.012578616,1.0,,,1.0
22720,39.306293,1.0,0.003144654,1.0,,,1.0
22721,44.706028,1.0,0.0,1.0,,,1.0
22722,30.359419,1.0,0.015873017,1.0,,,1.0
22723,76.26888,1.0,0.016393442,1.0,,,1.0
22724,21.84924,1.0,0.0055555557,1.0,,,1.0
22725,28.779104,1.0,0.018691588,1.0,,,1.0
22726,8.201224,1.0,0.0066006603,1.0,,,1.0
22727,18.509695,1.0,0.0,1.0,,,1.0
22728,13.783918,1.0,0.014925373,1.0,,,1.0
22729,47.121517,1.0,0.016666668,1.0,,,1.0
22730,33.58656,1.0,0.008438818,1.0,,,1.0
22731,76.71228,1.0,0.0,1.0,,,1.0
22732,26.44341,1.0,0.0,1.0,,,1.0
22733,4.055806,1.0,0.0,1.0,,,1.0
22734,30.122816,1.0,0.006451613,1.0,,,1.0
22735,12.883763,1.0,0.005037783,1.0,,,1.0
22736,98.70822,1.0,0.014814815,1.0,,,1.0
22737,14.907462,1.0,0.027027028,1.0,,,1.0
22738,17.082382,1.0,0.0,1.0,,,1.0
22739,9.25431,1.0,0.0033444816,1.0,,,1.0
22740,24.180376,1.0,0.014285714,1.0,,,1.0
22741,26.67058,1.0,0.014705882,1.0,,,1.0
22742,15.620313,1.0,0.006802721,1.0,,,1.0
22743,33.258663,1.0,0.005154639,1.0,,,1.0
22744,44.593353,1.0,0.010416667,1.0,,,1.0
22745,54.69655,1.0,0.0065789474,1.0,,,1.0
22746,41.801483,1.0,0.0,1.0,,,1.0
22747,47.839905,1.0,0.012269938,1.0,,,1.0
22748,55.82813,1.0,0.0,1.0,,,1.0
22749,100.17136,1.0,0.0063897762,1.0,,,1.0
22750,42.55422,1.0,0.015873017,1.0,,,1.0
22751,26.125324,1.0,0.009803922,1.0,,,1.0
22752,64.06434,1.0,0.0037453184,1.0,,,1.0
22753,48.210796,1.0,0.016129032,1.0,,,1.0
22754,17.873678,1.0,0.0,1.0,,,1.0
22755,45.321735,1.0,0.0,1.0,,,1.0
22756,9.313882,1.0,0.008130081,1.0,,,1.0
22757,58.172653,1.0,0.023809524,1.0,,,1.0
22758,14.218651,1.0,0.0054644807,1.0,,,1.0
22759,33.874462,1.0,0.008130081,1.0,,,1.0
22760,9.341925,1.0,0.011111111,1.0,,,1.0
22761,25.325775,1.0,0.0,1.0,,,1.0
22762,11.465414,1.0,0.0,1.0,,,1.0
22763,23.234327,1.0,0.0057803467,1.0,,,1.0
22764,30.306885,1.0,0.006024096,1.0,,,1.0
22765,51.705837,1.0,0.007905139,1.0,,,1.0
22766,36.03788,1.0,0.0,1.0,,,1.0
22767,50.78977,1.0,0.012048192,1.0,,,1.0
22768,49.098423,1.0,0.011976048,1.0,,,1.0
22769,22.157978,1.0,0.0,1.0,,,1.0
22770,60.58071,1.0,0.0,1.0,,,1.0
22771,23.155792,1.0,0.00877193,1.0,,,1.0
22772,16.490858,1.0,0.0045871558,1.0,,,1.0
22773,10.767233,1.0,0.0,1.0,,,1.0
22774,22.038883,1.0,0.0,1.0,,,1.0
22775,43.452435,1.0,0.007352941,1.0,,,1.0
22776,65.304085,1.0,0.007874016,1.0,,,1.0
22777,13.442878,1.0,0.0063897762,1.0,,,1.0
22778,26.319498,1.0,0.0,1.0,,,1.0
22779,46.932564,1.0,0.0,1.0,,,1.0
22780,83.57953,1.0,0.0,1.0,,,1.0
22781,22.45595,1.0,0.0,1.0,,,1.0
22782,5.8290725,1.0,0.0091743115,1.0,,,1.0
22783,18.08031,1.0,0.0,1.0,,,1.0
22784,10.992441,1.0,0.0,1.0,,,1.0
22785,58.774593,1.0,0.01183432,1.0,,,1.0
22786,79.90929,1.0,0.010989011,1.0,,,1.0
22787,16.108477,1.0,0.012048192,1.0,,,1.0
22788,39.021313,1.0,0.008695652,1.0,,,1.0
22789,21.828909,1.0,0.012820513,1.0,,,1.0
22790,18.426083,1.0,0.003875969,1.0,,,1.0
22791,15.644454,1.0,0.014084507,1.0,,,1.0
22792,50.85755,1.0,0.0076045627,1.0,,,1.0
22793,115.54238,1.0,0.004889976,1.0,,,1.0
22794,66.482666,1.0,0.005181347,1.0,,,1.0
22795,26.582561,1.0,0.006802721,1.0,,,1.0
22796,40.818283,1.0,0.0,1.0,,,1.0
22797,46.32421,1.0,0.0,1.0,,,1.0
22798,69.42076,1.0,0.025316456,1.0,,,1.0
22799,66.482666,1.0,0.003322259,1.0,,,1.0
22800,13.089721,1.0,0.019607844,1.0,,,1.0
22801,54.666973,1.0,0.0,1.0,,,1.0
22802,12.0041275,1.0,0.0,1.0,,,1.0
22803,57.09135,1.0,0.008130081,1.0,,,1.0
22804,34.63105,1.0,0.0,1.0,,,1.0
22805,14.364363,1.0,0.007633588,1.0,,,1.0
22806,23.432644,1.0,0.00591716,1.0,,,1.0
22807,58.172653,1.0,0.0,1.0,,,1.0
22808,25.250355,1.0,0.018181818,1.0,,,1.0
22809,57.45109,1.0,0.0053333333,1.0,,,1.0
22810,27.968794,1.0,0.010695187,1.0,,,1.0
22811,13.012911,1.0,0.0029498525,1.0,,,1.0
22812,29.79571,1.0,0.036363635,1.0,,,1.0
22813,78.47665,1.0,0.0072202166,1.0,,,1.0
22814,36.266056,1.0,0.0,1.0,,,1.0
22815,1.2583978,1.0,0.0,1.0,,,1.0
22816,71.00416,1.0,0.0066006603,1.0,,,1.0
22817,80.49888,1.0,0.0046838406,1.0,,,1.0
22818,9.666331,1.0,0.0,1.0,,,1.0
22819,6.2257285,1.0,0.0,1.0,,,1.0
22820,20.51376,1.0,0.0,1.0,,,1.0
22821,54.951385,1.0,0.0,1.0,,,1.0
22822,30.728693,1.0,0.0,1.0,,,1.0
22823,2.559153,1.0,0.018181818,1.0,,,1.0
22824,94.69446,1.0,0.012658228,1.0,,,1.0
22825,4.8072734,1.0,0.00862069,1.0,,,1.0
22826,32.082397,1.0,0.00990099,1.0,,,1.0
22827,24.27063,1.0,0.0,1.0,,,1.0
22828,38.911373,1.0,0.0,1.0,,,1.0
22829,28.149693,1.0,0.005988024,1.0,,,1.0
22830,32.973198,1.0,0.003717472,1.0,,,1.0
22831,25.659761,1.0,0.0,1.0,,,1.0
22832,10.092949,1.0,0.0,1.0,,,1.0
22833,24.051332,1.0,0.02173913,1.0,,,1.0
22834,90.652725,1.0,0.026666667,1.0,,,1.0
22835,27.449228,1.0,0.015873017,1.0,,,1.0
22836,70.53568,1.0,0.02247191,1.0,,,1.0
22837,38.637184,1.0,0.0051282053,1.0,,,1.0
22838,92.31766,1.0,0.0045871558,1.0,,,1.0
22839,89.88506,1.0,0.0,1.0,,,1.0
22840,7.2521205,1.0,0.0,1.0,,,1.0
22841,77.30586,1.0,0.006369427,1.0,,,1.0
22842,9.11438,1.0,0.0,1.0,,,1.0
22843,55.875946,1.0,0.0054644807,1.0,,,1.0
22844,54.494526,1.0,0.011976048,1.0,,,1.0
22845,13.380018,1.0,0.0,1.0,,,1.0
22846,29.25084,1.0,0.006779661,1.0,,,1.0
22847,9.983448,1.0,0.0,1.0,,,1.0
22848,4.872954,1.0,0.0,1.0,,,1.0
22849,26.285448,1.0,0.0,1.0,,,1.0
22850,99.924126,1.0,0.0076923077,1.0,,,1.0
22851,122.189514,1.0,0.006042296,1.0,,,1.0
22852,11.500954,1.0,0.0,1.0,,,1.0
22853,19.67761,1.0,0.0,1.0,,,1.0
22854,53.428047,1.0,0.007843138,1.0,,,1.0
22855,82.48402,1.0,0.006849315,1.0,,,1.0
22856,16.632738,1.0,0.0,1.0,,,1.0
22857,38.605515,1.0,0.0,1.0,,,1.0
22858,51.027836,1.0,0.012658228,1.0,,,1.0
22859,4.7114096,1.0,0.006666667,1.0,,,1.0
22860,37.69992,1.0,0.0070921984,1.0,,,1.0
22861,1.7031188,1.0,0.0,1.0,,,1.0
22862,48.91477,1.0,0.0031948881,1.0,,,1.0
22863,2.5099163,1.0,0.0,1.0,,,1.0
22864,19.733622,1.0,0.0,1.0,,,1.0
22865,11.927229,1.0,0.0,1.0,,,1.0
22866,115.54238,1.0,0.004140787,1.0,,,1.0
22867,26.623383,1.0,0.0025773195,1.0,,,1.0
22868,29.081459,1.0,0.0,1.0,,,1.0
22869,39.993114,1.0,0.0072202166,1.0,,,1.0
22870,32.200317,1.0,0.011904762,1.0,,,1.0
22871,37.420574,1.0,0.0073260074,1.0,,,1.0
22872,59.106697,1.0,0.004048583,1.0,,,1.0
22873,14.325013,1.0,0.0,1.0,,,1.0
22874,36.229965,1.0,0.016260162,1.0,,,1.0
22875,77.30586,1.0,0.0021141649,1.0,,,1.0
22876,16.17727,1.0,0.0,1.0,,,1.0
22877,48.344757,1.0,0.01,1.0,,,1.0
22878,8.814303,1.0,0.03773585,1.0,,,1.0
22879,37.298878,1.0,0.021052632,1.0,,,1.0
22880,14.943771,1.0,0.0046296297,1.0,,,1.0
22881,100.17136,1.0,0.011235955,1.0,,,1.0
22882,45.993656,1.0,0.006060606,1.0,,,1.0
22883,5.3793206,1.0,0.0,1.0,,,1.0
22884,27.842503,1.0,0.0033444816,1.0,,,1.0
22885,13.229491,1.0,0.0,1.0,,,1.0
22886,72.68554,1.0,0.01058201,1.0,,,1.0
22887,33.50255,1.0,0.004201681,1.0,,,1.0
22888,49.070187,1.0,0.0034364262,1.0,,,1.0
22889,12.0041275,1.0,0.0,1.0,,,1.0
22890,8.4104595,1.0,0.0,1.0,,,1.0
22891,66.37378,1.0,0.004484305,1.0,,,1.0
22892,20.67172,1.0,0.01,1.0,,,1.0
22893,112.634705,1.0,0.008,1.0,,,1.0
22894,12.668288,1.0,0.003968254,1.0,,,1.0
22895,54.410313,1.0,0.0,1.0,,,1.0
22896,86.02153,1.0,0.00877193,1.0,,,1.0
22897,5.7311306,1.0,0.01754386,1.0,,,1.0
22898,60.68196,1.0,0.0062111802,1.0,,,1.0
22899,112.634705,1.0,0.0037523452,1.0,,,1.0
22900,23.941542,1.0,0.027777778,1.0,,,1.0
22901,36.030533,1.0,0.0038022813,1.0,,,1.0
22902,7.4912186,1.0,0.0012062726,1.0,,,1.0
22903,9.171013,1.0,0.0,1.0,,,1.0
22904,94.0619,1.0,0.0035714286,1.0,,,1.0
22905,8.916566,1.0,0.012820513,1.0,,,1.0
22906,37.94459,1.0,0.004405286,1.0,,,1.0
22907,24.996721,1.0,0.0,1.0,,,1.0
22908,27.974358,1.0,0.0023094688,1.0,,,1.0
22909,19.323217,1.0,0.012658228,1.0,,,1.0
22910,67.24342,1.0,0.005524862,1.0,,,1.0
22911,15.175941,1.0,0.028571429,1.0,,,1.0
22912,41.189552,1.0,0.0125,1.0,,,1.0
22913,18.277313,1.0,0.005181347,1.0,,,1.0
22914,53.371506,1.0,0.021505376,1.0,,,1.0
22915,33.345943,1.0,0.0065789474,1.0,,,1.0
22916,33.345943,1.0,0.006756757,1.0,,,1.0
22917,92.71285,1.0,0.007874016,1.0,,,1.0
22918,11.809041,1.0,0.022727273,1.0,,,1.0
22919,2.2125778,1.0,0.007518797,1.0,,,1.0
22920,15.654964,1.0,0.0,1.0,,,1.0
22921,15.080273,1.0,0.0,1.0,,,1.0
22922,41.26618,1.0,0.006472492,1.0,,,1.0
22923,25.949041,1.0,0.0074074073,1.0,,,1.0
22924,21.765255,1.0,0.0,1.0,,,1.0
22925,11.841193,1.0,0.0,1.0,,,1.0
22926,20.080896,1.0,0.0,1.0,,,1.0
22927,18.12367,1.0,0.0124223605,1.0,,,1.0
22928,28.372871,1.0,0.0029850747,1.0,,,1.0
22929,3.9497902,1.0,0.03125,1.0,,,1.0
22930,29.574545,1.0,0.008130081,1.0,,,1.0
22931,30.728693,1.0,0.0062695923,1.0,,,1.0
22932,94.0619,1.0,0.006688963,1.0,,,1.0
22933,51.339397,1.0,0.0,1.0,,,1.0
22934,31.527805,1.0,0.003968254,1.0,,,1.0
22935,22.372717,1.0,0.004484305,1.0,,,1.0
22936,87.21102,1.0,0.0045045046,1.0,,,1.0
22937,12.894826,1.0,0.03773585,1.0,,,1.0
22938,6.3975325,1.0,0.0,1.0,,,1.0
22939,66.482666,1.0,0.02739726,1.0,,,1.0
22940,51.416824,1.0,0.0,1.0,,,1.0
22941,59.929024,1.0,0.0076923077,1.0,,,1.0
22942,51.52145,1.0,0.013245033,1.0,,,1.0
22943,33.16621,1.0,0.023529412,1.0,,,1.0
22944,64.32761,1.0,0.016528925,1.0,,,1.0
22945,7.0020685,1.0,0.0028011205,1.0,,,1.0
22946,10.2914295,1.0,0.004608295,1.0,,,1.0
22947,51.01358,1.0,0.0,1.0,,,1.0
22948,12.559573,1.0,0.032258064,1.0,,,1.0
22949,3.3925757,1.0,0.0,1.0,,,1.0
22950,71.00416,1.0,0.007905139,1.0,,,1.0
22951,10.129244,1.0,0.0,1.0,,,1.0
22952,15.499711,1.0,0.0044444446,1.0,,,1.0
22953,48.522827,1.0,0.007905139,1.0,,,1.0
22954,57.282772,1.0,0.0058139535,1.0,,,1.0
22955,32.973198,1.0,0.0049261083,1.0,,,1.0
22956,10.064566,1.0,0.008888889,1.0,,,1.0
22957,8.369714,1.0,0.0,1.0,,,1.0
22958,22.468576,1.0,0.005076142,1.0,,,1.0
22959,16.422731,1.0,0.0,1.0,,,1.0
22960,75.48593,1.0,0.009009009,1.0,,,1.0
22961,116.13675,1.0,0.005076142,1.0,,,1.0
22962,45.2774,1.0,0.0027472528,1.0,,,1.0
22963,19.950375,1.0,0.0,1.0,,,1.0
22964,10.832182,1.0,0.016,1.0,,,1.0
22965,31.229944,1.0,0.0074626864,1.0,,,1.0
22966,75.51869,1.0,0.013422819,1.0,,,1.0
22967,9.5511055,1.0,0.025316456,1.0,,,1.0
22968,15.346339,1.0,0.012345679,1.0,,,1.0
22969,99.134476,1.0,0.006756757,1.0,,,1.0
22970,11.977129,1.0,0.00877193,1.0,,,1.0
22971,26.583462,1.0,0.010204081,1.0,,,1.0
22972,11.790119,1.0,0.009009009,1.0,,,1.0
22973,90.34002,1.0,0.003076923,1.0,,,1.0
22974,57.282772,1.0,0.015748031,1.0,,,1.0
22975,28.410452,1.0,0.0,1.0,,,1.0
22976,59.166702,1.0,0.007874016,1.0,,,1.0
22977,73.267296,1.0,0.0057636886,1.0,,,1.0
22978,15.792369,1.0,0.0,1.0,,,1.0
22979,16.4893,1.0,0.0037453184,1.0,,,1.0
22980,25.56151,1.0,0.0,1.0,,,1.0
22981,94.0619,1.0,0.0063492064,1.0,,,1.0
22982,71.50407,1.0,0.007518797,1.0,,,1.0
22983,26.909523,1.0,0.0,1.0,,,1.0
22984,57.904873,1.0,0.010309278,1.0,,,1.0
22985,6.050841,1.0,0.019607844,1.0,,,1.0
22986,13.177577,1.0,0.010204081,1.0,,,1.0
22987,14.0857315,1.0,0.00243309,1.0,,,1.0
22988,38.739883,1.0,0.0,1.0,,,1.0
22989,32.148567,1.0,0.0066225166,1.0,,,1.0
22990,13.123409,1.0,0.007633588,1.0,,,1.0
22991,10.392351,1.0,0.0,1.0,,,1.0
22992,33.63226,1.0,0.010204081,1.0,,,1.0
22993,59.60921,1.0,0.013986014,1.0,,,1.0
22994,21.030607,1.0,0.011494253,1.0,,,1.0
22995,53.14647,1.0,0.009756098,1.0,,,1.0
22996,33.453583,1.0,0.0032573289,1.0,,,1.0
22997,13.217288,1.0,0.0025316456,1.0,,,1.0
22998,11.034533,1.0,0.0,1.0,,,1.0
22999,71.66708,1.0,0.0,1.0,,,1.0
23000,13.457671,1.0,0.0,1.0,,,1.0
23001,5.1889796,1.0,0.0,1.0,,,1.0
23002,96.526924,1.0,0.0,1.0,,,1.0
23003,73.504425,1.0,0.011235955,1.0,,,1.0
23004,3.2629604,1.0,0.0011890606,1.0,,,1.0
23005,48.068512,1.0,0.0088495575,1.0,,,1.0
23006,32.574207,1.0,0.006557377,1.0,,,1.0
23007,79.90929,1.0,0.008658009,1.0,,,1.0
23008,22.809608,1.0,0.0,1.0,,,1.0
23009,46.993546,1.0,0.0023980816,1.0,,,1.0
23010,116.13675,1.0,0.004132231,1.0,,,1.0
23011,12.896059,1.0,0.0,1.0,,,1.0
23012,66.482666,1.0,0.0037807184,1.0,,,1.0
23013,29.563976,1.0,0.0,1.0,,,1.0
23014,59.60921,1.0,0.016129032,1.0,,,1.0
23015,13.199777,1.0,0.008547009,1.0,,,1.0
23016,59.26218,1.0,0.02173913,1.0,,,1.0
23017,6.5450344,1.0,0.0,1.0,,,1.0
23018,41.30865,1.0,0.0065146578,1.0,,,1.0
23019,41.740307,1.0,0.011235955,1.0,,,1.0
23020,25.030825,1.0,0.008333334,1.0,,,1.0
23021,38.219822,1.0,0.0,1.0,,,1.0
23022,1.4852213,1.0,0.0,1.0,,,1.0
23023,44.910854,1.0,0.016528925,1.0,,,1.0
23024,8.168271,1.0,0.0019880715,1.0,,,1.0
23025,7.30945,1.0,0.0,1.0,,,1.0
23026,9.197278,1.0,0.0,1.0,,,1.0
23027,125.9227,1.0,0.005988024,1.0,,,1.0
23028,1.0913335,1.0,0.0,1.0,,,1.0
23029,33.70337,1.0,0.0091743115,1.0,,,1.0
23030,20.510126,1.0,0.0,1.0,,,1.0
23031,44.54079,1.0,0.005952381,1.0,,,1.0
23032,24.180376,1.0,0.046511628,1.0,,,1.0
23033,27.538652,1.0,0.013888889,1.0,,,1.0
23034,37.94156,1.0,0.0,1.0,,,1.0
23035,57.51592,1.0,0.008130081,1.0,,,1.0
23036,25.966803,1.0,0.0,1.0,,,1.0
23037,13.667544,1.0,0.003267974,1.0,,,1.0
23038,55.515682,1.0,0.0,1.0,,,1.0
23039,56.427536,1.0,0.0091743115,1.0,,,1.0
23040,18.838991,1.0,0.010752688,1.0,,,1.0
23041,40.818283,1.0,0.010152284,1.0,,,1.0
23042,57.51969,1.0,0.0058479533,1.0,,,1.0
23043,13.066461,1.0,0.013333334,1.0,,,1.0
23044,42.474373,1.0,0.010810811,1.0,,,1.0
23045,65.211044,1.0,0.0031347962,1.0,,,1.0
23046,12.070332,1.0,0.0,1.0,,,1.0
23047,92.29924,1.0,0.003144654,1.0,,,1.0
23048,64.32761,1.0,0.014492754,1.0,,,1.0
23049,33.01926,1.0,0.0,1.0,,,1.0
23050,33.21078,1.0,0.007751938,1.0,,,1.0
23051,33.436897,1.0,0.008163265,1.0,,,1.0
23052,20.40353,1.0,0.0,1.0,,,1.0
23053,6.956875,1.0,0.0088495575,1.0,,,1.0
23054,29.79571,1.0,0.004761905,1.0,,,1.0
23055,37.32487,1.0,0.0,1.0,,,1.0
23056,4.587343,1.0,0.0027247956,1.0,,,1.0
23057,40.254215,1.0,0.010869565,1.0,,,1.0
23058,9.293599,1.0,0.009009009,1.0,,,1.0
23059,89.88506,1.0,0.0033898305,1.0,,,1.0
23060,28.774376,1.0,0.0054644807,1.0,,,1.0
23061,50.94985,1.0,0.013422819,1.0,,,1.0
23062,29.425852,1.0,0.00877193,1.0,,,1.0
23063,36.07116,1.0,0.0031545742,1.0,,,1.0
23064,39.84088,1.0,0.0,1.0,,,1.0
23065,4.1440763,1.0,0.00990099,1.0,,,1.0
23066,31.527805,1.0,0.0038910506,1.0,,,1.0
23067,19.442213,1.0,0.007575758,1.0,,,1.0
23068,68.44961,1.0,0.004761905,1.0,,,1.0
23069,100.17136,1.0,0.005167959,1.0,,,1.0
23070,16.313282,1.0,0.0,1.0,,,1.0
23071,28.3121,1.0,0.0,1.0,,,1.0
23072,47.121517,1.0,0.009852217,1.0,,,1.0
23073,43.452435,1.0,0.010204081,1.0,,,1.0
23074,92.882454,1.0,0.0057471264,1.0,,,1.0
23075,51.696503,1.0,0.0017094017,1.0,,,1.0
23076,5.36818,1.0,0.0,1.0,,,1.0
23077,46.28599,1.0,0.004784689,1.0,,,1.0
23078,50.623646,1.0,0.01010101,1.0,,,1.0
23079,77.65414,1.0,0.0,1.0,,,1.0
23080,33.006695,1.0,0.011299435,1.0,,,1.0
23081,18.12367,1.0,0.007352941,1.0,,,1.0
23082,42.05607,1.0,0.0,1.0,,,1.0
23083,12.544998,1.0,0.0,1.0,,,1.0
23084,18.53049,1.0,0.002538071,1.0,,,1.0
23085,19.323217,1.0,0.0,1.0,,,1.0
23086,30.120483,1.0,0.0,1.0,,,1.0
23087,16.851448,1.0,0.007751938,1.0,,,1.0
23088,19.20403,1.0,0.005235602,1.0,,,1.0
23089,21.226456,1.0,0.006289308,1.0,,,1.0
23090,15.1894,1.0,0.0088495575,1.0,,,1.0
23091,7.1211805,1.0,0.0,1.0,,,1.0
23092,5.586852,1.0,0.035714287,1.0,,,1.0
23093,17.688007,1.0,0.011764706,1.0,,,1.0
23094,52.275127,1.0,0.007518797,1.0,,,1.0
23095,15.758587,1.0,0.025316456,1.0,,,1.0
23096,38.605515,1.0,0.004115226,1.0,,,1.0
23097,28.43955,1.0,0.0050890585,1.0,,,1.0
23098,20.178383,1.0,0.005524862,1.0,,,1.0
23099,43.38592,1.0,0.009708738,1.0,,,1.0
23100,39.199806,1.0,0.0,1.0,,,1.0
23101,15.19635,1.0,0.0,1.0,,,1.0
23102,41.70995,1.0,0.0,1.0,,,1.0
23103,46.131996,1.0,0.0078125,1.0,,,1.0
23104,45.13722,1.0,0.0076923077,1.0,,,1.0
23105,17.474966,1.0,0.0,1.0,,,1.0
23106,13.810226,1.0,0.0,1.0,,,1.0
23107,43.09123,1.0,0.00990099,1.0,,,1.0
23108,18.178839,1.0,0.004464286,1.0,,,1.0
23109,20.032597,1.0,0.013888889,1.0,,,1.0
23110,27.84833,1.0,0.011235955,1.0,,,1.0
23111,55.82813,1.0,0.014492754,1.0,,,1.0
23112,11.409354,1.0,0.0,1.0,,,1.0
23113,73.267296,1.0,0.009478673,1.0,,,1.0
23114,12.621237,1.0,0.0,1.0,,,1.0
23115,17.99455,1.0,0.008510638,1.0,,,1.0
23116,9.930479,1.0,0.0,1.0,,,1.0
23117,9.873518,1.0,0.0,1.0,,,1.0
23118,31.174076,1.0,0.012903226,1.0,,,1.0
23119,90.69589,1.0,0.0040816325,1.0,,,1.0
23120,5.3275075,1.0,0.010752688,1.0,,,1.0
23121,56.13945,1.0,0.013888889,1.0,,,1.0
23122,18.101639,1.0,0.0,1.0,,,1.0
23123,10.886653,1.0,0.0,1.0,,,1.0
23124,17.131384,1.0,0.0023310024,1.0,,,1.0
23125,18.74301,1.0,0.0,1.0,,,1.0
23126,24.08179,1.0,0.010752688,1.0,,,1.0
23127,36.58036,1.0,0.0,1.0,,,1.0
23128,7.3834276,1.0,0.0,1.0,,,1.0
23129,4.184988,1.0,0.006472492,1.0,,,1.0
23130,17.474966,1.0,0.008130081,1.0,,,1.0
23131,78.47665,1.0,0.0,1.0,,,1.0
23132,16.106495,1.0,0.0,1.0,,,1.0
23133,62.159447,1.0,0.008695652,1.0,,,1.0
23134,35.480804,1.0,0.0025510204,1.0,,,1.0
23135,66.482666,1.0,0.01,1.0,,,1.0
23136,22.169573,1.0,0.0,1.0,,,1.0
23137,0.4559755,1.0,0.0,1.0,,,1.0
23138,27.19665,1.0,0.012269938,1.0,,,1.0
23139,8.613047,1.0,0.0,1.0,,,1.0
23140,18.66555,1.0,0.0,1.0,,,1.0
23141,115.46164,1.0,0.0054945056,1.0,,,1.0
23142,13.084082,1.0,0.028571429,1.0,,,1.0
23143,29.572716,1.0,0.008264462,1.0,,,1.0
23144,13.681223,1.0,0.0091743115,1.0,,,1.0
23145,32.41711,1.0,0.0,1.0,,,1.0
23146,19.346474,1.0,0.006060606,1.0,,,1.0
23147,31.774532,1.0,0.007246377,1.0,,,1.0
23148,125.9227,1.0,0.010362694,1.0,,,1.0
23149,30.421831,1.0,0.011049724,1.0,,,1.0
23150,37.491264,1.0,0.0,1.0,,,1.0
23151,35.73939,1.0,0.014492754,1.0,,,1.0
23152,41.43728,1.0,0.0,1.0,,,1.0
23153,20.858685,1.0,0.008,1.0,,,1.0
23154,26.163624,1.0,0.006369427,1.0,,,1.0
23155,33.05408,1.0,0.008333334,1.0,,,1.0
23156,116.13675,1.0,0.004140787,1.0,,,1.0
23157,16.059586,1.0,0.009615385,1.0,,,1.0
23158,48.833973,1.0,0.020833334,1.0,,,1.0
23159,9.601148,1.0,0.00990099,1.0,,,1.0
23160,70.53568,1.0,0.0031545742,1.0,,,1.0
23161,82.32585,1.0,0.01,1.0,,,1.0
23162,3.3044174,1.0,0.0,1.0,,,1.0
23163,48.362278,1.0,0.0,1.0,,,1.0
23164,23.221,1.0,0.008064516,1.0,,,1.0
23165,42.433804,1.0,0.0,1.0,,,1.0
23166,99.413185,1.0,0.005524862,1.0,,,1.0
23167,20.660381,1.0,0.0057142857,1.0,,,1.0
23168,4.1155157,1.0,0.0,1.0,,,1.0
23169,55.66456,1.0,0.0051282053,1.0,,,1.0
23170,2.1663,1.0,0.016949153,1.0,,,1.0
23171,2.1363494,1.0,0.0,1.0,,,1.0
23172,18.568228,1.0,0.0,1.0,,,1.0
23173,8.632223,1.0,0.018181818,1.0,,,1.0
23174,19.85698,1.0,0.006993007,1.0,,,1.0
23175,5.0742645,1.0,0.025641026,1.0,,,1.0
23176,31.292372,1.0,0.006535948,1.0,,,1.0
23177,22.730503,1.0,0.0062111802,1.0,,,1.0
23178,51.840786,1.0,0.0038314175,1.0,,,1.0
23179,15.904535,1.0,0.0,1.0,,,1.0
23180,3.8845184,1.0,0.0,1.0,,,1.0
23181,9.395539,1.0,0.0,1.0,,,1.0
23182,11.433941,1.0,0.0,1.0,,,1.0
23183,55.549763,1.0,0.0052083335,1.0,,,1.0
23184,13.940593,1.0,0.014184397,1.0,,,1.0
23185,48.70965,1.0,0.0013831259,1.0,,,1.0
23186,4.1455364,1.0,0.008196721,1.0,,,1.0
23187,32.081238,1.0,0.01754386,1.0,,,1.0
23188,25.156893,1.0,0.0,1.0,,,1.0
23189,59.01623,1.0,0.010416667,1.0,,,1.0
23190,58.172653,1.0,0.013513514,1.0,,,1.0
23191,25.965904,1.0,0.0,1.0,,,1.0
23192,29.022688,1.0,0.024691358,1.0,,,1.0
23193,20.083189,1.0,0.0,1.0,,,1.0
23194,13.823573,1.0,0.0,1.0,,,1.0
23195,16.712107,1.0,0.012048192,1.0,,,1.0
23196,48.833973,1.0,0.014184397,1.0,,,1.0
23197,22.211855,1.0,0.007518797,1.0,,,1.0
23198,12.527373,1.0,0.0,1.0,,,1.0
23199,17.647163,1.0,0.0064935065,1.0,,,1.0
23200,13.855925,1.0,0.008264462,1.0,,,1.0
23201,39.88991,1.0,0.011976048,1.0,,,1.0
23202,31.527805,1.0,0.0,1.0,,,1.0
23203,80.10159,1.0,0.018181818,1.0,,,1.0
23204,32.351654,1.0,0.005221932,1.0,,,1.0
23205,3.186232,1.0,0.016806724,1.0,,,1.0
23206,33.31437,1.0,0.0071174377,1.0,,,1.0
23207,87.21102,1.0,0.0068259384,1.0,,,1.0
23208,30.952517,1.0,0.012658228,1.0,,,1.0
23209,14.0857315,1.0,0.027027028,1.0,,,1.0
23210,5.9674006,1.0,0.04761905,1.0,,,1.0
23211,21.495129,1.0,0.0,1.0,,,1.0
23212,31.527805,1.0,0.0,1.0,,,1.0
23213,17.40484,1.0,0.0,1.0,,,1.0
23214,8.673928,1.0,0.0,1.0,,,1.0
23215,88.882866,1.0,0.007633588,1.0,,,1.0
23216,26.168377,1.0,0.006451613,1.0,,,1.0
23217,11.019859,1.0,0.007142857,1.0,,,1.0
23218,22.256706,1.0,0.0,1.0,,,1.0
23219,69.440056,1.0,0.014084507,1.0,,,1.0
23220,44.55214,1.0,0.01459854,1.0,,,1.0
23221,40.66883,1.0,0.0053050397,1.0,,,1.0
23222,40.323025,1.0,0.007662835,1.0,,,1.0
23223,37.27869,1.0,0.005882353,1.0,,,1.0
23224,35.4187,1.0,0.0049261083,1.0,,,1.0
23225,51.027836,1.0,0.004750594,1.0,,,1.0
23226,85.70176,1.0,0.015873017,1.0,,,1.0
23227,16.424643,1.0,0.0,1.0,,,1.0
23228,6.1865344,1.0,0.0,1.0,,,1.0
23229,37.33346,1.0,0.005882353,1.0,,,1.0
23230,14.797875,1.0,0.006329114,1.0,,,1.0
23231,31.849411,1.0,0.011363637,1.0,,,1.0
23232,16.941963,1.0,0.008658009,1.0,,,1.0
23233,33.910084,1.0,0.0025839794,1.0,,,1.0
23234,48.97928,1.0,0.00390625,1.0,,,1.0
23235,27.97852,1.0,0.0,1.0,,,1.0
23236,16.851448,1.0,0.005934718,1.0,,,1.0
23237,43.430492,1.0,0.018691588,1.0,,,1.0
23238,29.478361,1.0,0.010152284,1.0,,,1.0
23239,50.154015,1.0,0.0,1.0,,,1.0
23240,58.172653,1.0,0.0078125,1.0,,,1.0
23241,6.159783,1.0,0.0,1.0,,,1.0
23242,93.5355,1.0,0.009009009,1.0,,,1.0
23243,23.481297,1.0,0.0,1.0,,,1.0
23244,40.323025,1.0,0.0056338026,1.0,,,1.0
23245,74.01742,1.0,0.004310345,1.0,,,1.0
23246,1.2083029,1.0,0.015151516,1.0,,,1.0
23247,16.159159,1.0,0.005063291,1.0,,,1.0
23248,2.567164,1.0,0.0,1.0,,,1.0
23249,14.511652,1.0,0.003215434,1.0,,,1.0
23250,7.0674343,1.0,0.0,1.0,,,1.0
23251,33.16621,1.0,0.016528925,1.0,,,1.0
23252,13.114179,1.0,0.01980198,1.0,,,1.0
23253,36.706203,1.0,0.0,1.0,,,1.0
23254,65.11482,1.0,0.0032894737,1.0,,,1.0
23255,9.74333,1.0,0.01010101,1.0,,,1.0
23256,56.376305,1.0,0.005952381,1.0,,,1.0
23257,4.2796674,1.0,0.0051150895,1.0,,,1.0
23258,25.878134,1.0,0.022727273,1.0,,,1.0
23259,15.200337,1.0,0.0054644807,1.0,,,1.0
23260,7.9149437,1.0,0.0,1.0,,,1.0
23261,37.328815,1.0,0.015503876,1.0,,,1.0
23262,22.179342,1.0,0.007874016,1.0,,,1.0
23263,6.925385,1.0,0.0,1.0,,,1.0
23264,65.5214,1.0,0.0054945056,1.0,,,1.0
23265,37.080826,1.0,0.013986014,1.0,,,1.0
23266,55.66456,1.0,0.004878049,1.0,,,1.0
23267,36.51394,1.0,0.0,1.0,,,1.0
23268,58.134907,1.0,0.0091743115,1.0,,,1.0
23269,9.8535385,1.0,0.0,1.0,,,1.0
23270,22.24801,1.0,0.0,1.0,,,1.0
23271,76.62177,1.0,0.0,1.0,,,1.0
23272,35.10533,1.0,0.0031746032,1.0,,,1.0
23273,41.959114,1.0,0.006060606,1.0,,,1.0
23274,32.872955,1.0,0.008695652,1.0,,,1.0
23275,102.05991,1.0,0.0043196543,1.0,,,1.0
23276,69.73952,1.0,0.0,1.0,,,1.0
23277,3.7476633,1.0,0.0,1.0,,,1.0
23278,56.421745,1.0,0.01183432,1.0,,,1.0
23279,27.715532,1.0,0.006688963,1.0,,,1.0
23280,112.21493,1.0,0.007751938,1.0,,,1.0
23281,14.2873955,1.0,0.027027028,1.0,,,1.0
23282,8.814303,1.0,0.010526316,1.0,,,1.0
23283,68.78812,1.0,0.0054054055,1.0,,,1.0
23284,24.737417,1.0,0.012048192,1.0,,,1.0
23285,55.130615,1.0,0.010752688,1.0,,,1.0
23286,98.70822,1.0,0.004048583,1.0,,,1.0
23287,36.605022,1.0,0.0067114094,1.0,,,1.0
23288,4.2028346,1.0,0.0,1.0,,,1.0
23289,4.3727603,1.0,0.00591716,1.0,,,1.0
23290,37.243046,1.0,0.009708738,1.0,,,1.0
23291,26.000305,1.0,0.016949153,1.0,,,1.0
23292,30.728693,1.0,0.0088495575,1.0,,,1.0
23293,11.678804,1.0,0.0,1.0,,,1.0
23294,15.47697,1.0,0.083333336,1.0,,,1.0
23295,122.87542,1.0,0.003976143,1.0,,,1.0
23296,35.716675,1.0,0.0,1.0,,,1.0
23297,11.32589,1.0,0.0,1.0,,,1.0
23298,56.44394,1.0,0.008196721,1.0,,,1.0
23299,98.476326,1.0,0.0055710305,1.0,,,1.0
23300,11.58148,1.0,0.0,1.0,,,1.0
23301,34.24067,1.0,0.006060606,1.0,,,1.0
23302,11.545447,1.0,0.021276595,1.0,,,1.0
23303,18.483736,1.0,0.0072727273,1.0,,,1.0
23304,25.534002,1.0,0.0066006603,1.0,,,1.0
23305,59.26218,1.0,0.015748031,1.0,,,1.0
23306,57.555965,1.0,0.008368201,1.0,,,1.0
23307,40.580776,1.0,0.0036764706,1.0,,,1.0
23308,23.433702,1.0,0.0,1.0,,,1.0
23309,16.9121,1.0,0.0,1.0,,,1.0
23310,8.105507,1.0,0.020408163,1.0,,,1.0
23311,22.219051,1.0,0.0,1.0,,,1.0
23312,4.7127075,1.0,0.0,1.0,,,1.0
23313,13.815565,1.0,0.0116959065,1.0,,,1.0
23314,19.744022,1.0,0.021052632,1.0,,,1.0
23315,26.590586,1.0,0.0,1.0,,,1.0
23316,28.436258,1.0,0.0030959751,1.0,,,1.0
23317,19.821333,1.0,0.0021141649,1.0,,,1.0
23318,5.1780763,1.0,0.01923077,1.0,,,1.0
23319,7.582692,1.0,0.0,1.0,,,1.0
23320,11.091906,1.0,0.07692308,1.0,,,1.0
23321,39.58221,1.0,0.0,1.0,,,1.0
23322,20.51963,1.0,0.006849315,1.0,,,1.0
23323,27.7419,1.0,0.01369863,1.0,,,1.0
23324,5.0367403,1.0,0.0,1.0,,,1.0
23325,117.51984,1.0,0.004464286,1.0,,,1.0
23326,122.87542,1.0,0.002967359,1.0,,,1.0
23327,39.496872,1.0,0.009569378,1.0,,,1.0
23328,50.445942,1.0,0.008695652,1.0,,,1.0
23329,53.686928,1.0,0.005376344,1.0,,,1.0
23330,28.579445,1.0,0.0,1.0,,,1.0
23331,7.841085,1.0,0.009009009,1.0,,,1.0
23332,7.7695465,1.0,0.025,1.0,,,1.0
23333,4.8309617,1.0,0.022222223,1.0,,,1.0
23334,85.70176,1.0,0.0057471264,1.0,,,1.0
23335,14.3829975,1.0,0.015384615,1.0,,,1.0
23336,100.17136,1.0,0.004784689,1.0,,,1.0
23337,43.869236,1.0,0.005509642,1.0,,,1.0
23338,5.4718437,1.0,0.0,1.0,,,1.0
23339,3.5632472,1.0,0.0,1.0,,,1.0
23340,51.6686,1.0,0.0,1.0,,,1.0
23341,8.058027,1.0,0.027027028,1.0,,,1.0
23342,53.98461,1.0,0.009478673,1.0,,,1.0
23343,45.13722,1.0,0.0042462847,1.0,,,1.0
23344,21.479454,1.0,0.0029498525,1.0,,,1.0
23345,33.258663,1.0,0.0064102565,1.0,,,1.0
23346,53.371506,1.0,0.01754386,1.0,,,1.0
23347,12.412105,1.0,0.0044444446,1.0,,,1.0
23348,75.65525,1.0,0.014925373,1.0,,,1.0
23349,64.06434,1.0,0.019607844,1.0,,,1.0
23350,78.65043,1.0,0.010050251,1.0,,,1.0
23351,81.34332,1.0,0.009803922,1.0,,,1.0
23352,33.874462,1.0,0.009803922,1.0,,,1.0
23353,29.00706,1.0,0.004651163,1.0,,,1.0
23354,43.452435,1.0,0.019417476,1.0,,,1.0
23355,1.1815099,1.0,0.0,1.0,,,1.0
23356,39.596268,1.0,0.0042918455,1.0,,,1.0
23357,23.284428,1.0,0.016393442,1.0,,,1.0
23358,74.032364,1.0,0.0051282053,1.0,,,1.0
23359,26.105045,1.0,0.0,1.0,,,1.0
23360,10.51049,1.0,0.0,1.0,,,1.0
23361,30.833414,1.0,0.011111111,1.0,,,1.0
23362,26.67058,1.0,0.0036832413,1.0,,,1.0
23363,9.524399,1.0,0.0,1.0,,,1.0
23364,5.6113143,1.0,0.006535948,1.0,,,1.0
23365,14.681333,1.0,0.0,1.0,,,1.0
23366,6.5966225,1.0,0.0,1.0,,,1.0
23367,25.703756,1.0,0.0,1.0,,,1.0
23368,33.258663,1.0,0.006289308,1.0,,,1.0
23369,23.806738,1.0,0.009090909,1.0,,,1.0
23370,18.148666,1.0,0.0,1.0,,,1.0
23371,64.03762,1.0,0.0068728523,1.0,,,1.0
23372,42.43869,1.0,0.0028248588,1.0,,,1.0
23373,24.737417,1.0,0.0060975607,1.0,,,1.0
23374,10.316827,1.0,0.008403362,1.0,,,1.0
23375,10.719484,1.0,0.0,1.0,,,1.0
23376,23.896296,1.0,0.014084507,1.0,,,1.0
23377,26.319498,1.0,0.016393442,1.0,,,1.0
23378,8.621782,1.0,0.0,1.0,,,1.0
23379,60.873123,1.0,0.011173184,1.0,,,1.0
23380,12.893911,1.0,0.0,1.0,,,1.0
23381,32.561844,1.0,0.0041753654,1.0,,,1.0
23382,40.351784,1.0,0.011904762,1.0,,,1.0
23383,30.739561,1.0,0.0057471264,1.0,,,1.0
23384,88.84265,1.0,0.0056980057,1.0,,,1.0
23385,63.5304,1.0,0.006451613,1.0,,,1.0
23386,6.650029,1.0,0.05263158,1.0,,,1.0
23387,66.80831,1.0,0.018867925,1.0,,,1.0
23388,84.1685,1.0,0.007874016,1.0,,,1.0
23389,84.1685,1.0,0.010526316,1.0,,,1.0
23390,86.73833,1.0,0.010256411,1.0,,,1.0
23391,29.41917,1.0,0.0,1.0,,,1.0
23392,43.2561,1.0,0.0053619305,1.0,,,1.0
23393,23.065699,1.0,0.010526316,1.0,,,1.0
23394,28.815344,1.0,0.0,1.0,,,1.0
23395,8.350668,1.0,0.010752688,1.0,,,1.0
23396,93.5355,1.0,0.0062305294,1.0,,,1.0
23397,26.464878,1.0,0.008264462,1.0,,,1.0
23398,23.858099,1.0,0.0,1.0,,,1.0
23399,9.412064,1.0,0.0,1.0,,,1.0
23400,37.20916,1.0,0.0036101083,1.0,,,1.0
23401,19.708809,1.0,0.0029761905,1.0,,,1.0
23402,60.76915,1.0,0.012345679,1.0,,,1.0
23403,92.29924,1.0,0.011494253,1.0,,,1.0
23404,51.792812,1.0,0.02247191,1.0,,,1.0
23405,73.267296,1.0,0.01369863,1.0,,,1.0
23406,40.982872,1.0,0.0038461538,1.0,,,1.0
23407,21.626072,1.0,0.00591716,1.0,,,1.0
23408,3.6657069,1.0,0.05263158,1.0,,,1.0
23409,25.965086,1.0,0.005050505,1.0,,,1.0
23410,0.7101561,1.0,0.0,1.0,,,1.0
23411,12.474278,1.0,0.0,1.0,,,1.0
23412,69.42076,1.0,0.002610966,1.0,,,1.0
23413,10.1962385,1.0,0.018518519,1.0,,,1.0
23414,10.048741,1.0,0.0,1.0,,,1.0
23415,7.557565,1.0,0.0,1.0,,,1.0
23416,61.39275,1.0,0.0,1.0,,,1.0
23417,2.3500803,1.0,0.0070921984,1.0,,,1.0
23418,86.611275,1.0,0.0037453184,1.0,,,1.0
23419,16.23779,1.0,0.044444446,1.0,,,1.0
23420,40.818283,1.0,0.0062111802,1.0,,,1.0
23421,9.608001,1.0,0.0,1.0,,,1.0
23422,126.36123,1.0,0.0056179776,1.0,,,1.0
23423,37.097908,1.0,0.006535948,1.0,,,1.0
23424,91.68036,1.0,0.004016064,1.0,,,1.0
23425,19.356586,1.0,0.0,1.0,,,1.0
23426,56.591736,1.0,0.016129032,1.0,,,1.0
23427,13.405721,1.0,0.0,1.0,,,1.0
23428,18.169445,1.0,0.0,1.0,,,1.0
23429,89.88506,1.0,0.0042735045,1.0,,,1.0
23430,35.462036,1.0,0.022727273,1.0,,,1.0
23431,5.246308,1.0,0.0,1.0,,,1.0
23432,54.486446,1.0,0.0049261083,1.0,,,1.0
23433,11.868039,1.0,0.0,1.0,,,1.0
23434,10.67255,1.0,0.003236246,1.0,,,1.0
23435,81.34332,1.0,0.055555556,1.0,,,1.0
23436,3.9900644,1.0,0.0,1.0,,,1.0
23437,22.986477,1.0,0.008510638,1.0,,,1.0
23438,43.52566,1.0,0.019417476,1.0,,,1.0
23439,42.09108,1.0,0.0,1.0,,,1.0
23440,15.670576,1.0,0.0,1.0,,,1.0
23441,112.43434,1.0,0.0022522523,1.0,,,1.0
23442,61.361763,1.0,0.00877193,1.0,,,1.0
23443,35.61474,1.0,0.0036764706,1.0,,,1.0
23444,39.80065,1.0,0.004830918,1.0,,,1.0
23445,5.4900737,1.0,0.0031545742,1.0,,,1.0
23446,22.413727,1.0,0.0,1.0,,,1.0
23447,90.34002,1.0,0.0061919503,1.0,,,1.0
23448,81.59623,1.0,0.010989011,1.0,,,1.0
23449,60.46111,1.0,0.0037453184,1.0,,,1.0
23450,32.872955,1.0,0.0039525693,1.0,,,1.0
23451,109.534454,1.0,0.004842615,1.0,,,1.0
23452,36.612858,1.0,0.021276595,1.0,,,1.0
23453,35.480804,1.0,0.005,1.0,,,1.0
23454,10.115592,1.0,0.0,1.0,,,1.0
23455,13.168531,1.0,0.010309278,1.0,,,1.0
23456,28.410452,1.0,0.003003003,1.0,,,1.0
23457,52.756413,1.0,0.0046948357,1.0,,,1.0
23458,37.220436,1.0,0.011627907,1.0,,,1.0
23459,45.83575,1.0,0.0070921984,1.0,,,1.0
23460,13.823573,1.0,0.006116208,1.0,,,1.0
23461,11.767868,1.0,0.0,1.0,,,1.0
23462,75.0706,1.0,0.004608295,1.0,,,1.0
23463,20.268154,1.0,0.0069204154,1.0,,,1.0
23464,41.984943,1.0,0.008264462,1.0,,,1.0
23465,76.26888,1.0,0.015037594,1.0,,,1.0
23466,125.9227,1.0,0.021276595,1.0,,,1.0
23467,29.832024,1.0,0.03508772,1.0,,,1.0
23468,33.006695,1.0,0.01369863,1.0,,,1.0
23469,45.1424,1.0,0.011299435,1.0,,,1.0
23470,5.0748014,1.0,0.0,1.0,,,1.0
23471,53.97377,1.0,0.00877193,1.0,,,1.0
23472,26.877384,1.0,0.0,1.0,,,1.0
23473,10.937942,1.0,0.02020202,1.0,,,1.0
23474,40.399334,1.0,0.0021978023,1.0,,,1.0
23475,39.070724,1.0,0.0043668123,1.0,,,1.0
23476,102.72474,1.0,0.0043956046,1.0,,,1.0
23477,8.513732,1.0,0.004115226,1.0,,,1.0
23478,42.433804,1.0,0.00877193,1.0,,,1.0
23479,18.932268,1.0,0.0,1.0,,,1.0
23480,8.574019,1.0,0.0,1.0,,,1.0
23481,0.8185261,1.0,0.0,1.0,,,1.0
23482,48.93671,1.0,0.015384615,1.0,,,1.0
23483,55.875946,1.0,0.008264462,1.0,,,1.0
23484,2.5832622,1.0,0.003968254,1.0,,,1.0
23485,105.86188,1.0,0.010256411,1.0,,,1.0
23486,53.026596,1.0,0.008547009,1.0,,,1.0
23487,24.363783,1.0,0.01369863,1.0,,,1.0
23488,30.786213,1.0,0.01754386,1.0,,,1.0
23489,13.019581,1.0,0.0,1.0,,,1.0
23490,30.232908,1.0,0.00729927,1.0,,,1.0
23491,37.204697,1.0,0.02739726,1.0,,,1.0
23492,33.91534,1.0,0.048780486,1.0,,,1.0
23493,53.47464,1.0,0.008928572,1.0,,,1.0
23494,7.4695764,1.0,0.0,1.0,,,1.0
23495,87.37963,1.0,0.014184397,1.0,,,1.0
23496,56.29079,1.0,0.015384615,1.0,,,1.0
23497,8.226873,1.0,0.02,1.0,,,1.0
23498,28.556574,1.0,0.0,1.0,,,1.0
23499,35.744644,1.0,0.005952381,1.0,,,1.0
23500,9.201958,1.0,0.0,1.0,,,1.0
23501,11.590686,1.0,0.0,1.0,,,1.0
23502,88.882866,1.0,0.008733625,1.0,,,1.0
23503,41.740307,1.0,0.007352941,1.0,,,1.0
23504,15.346339,1.0,0.0,1.0,,,1.0
23505,8.836171,1.0,0.021978023,1.0,,,1.0
23506,33.70337,1.0,0.008474576,1.0,,,1.0
23507,6.9697576,1.0,0.0,1.0,,,1.0
23508,33.16621,1.0,0.023809524,1.0,,,1.0
23509,29.55012,1.0,0.006329114,1.0,,,1.0
23510,46.661373,1.0,0.0068965517,1.0,,,1.0
23511,67.00446,1.0,0.005076142,1.0,,,1.0
23512,29.922604,1.0,0.0039525693,1.0,,,1.0
23513,65.765335,1.0,0.0,1.0,,,1.0
23514,24.5149,1.0,0.012578616,1.0,,,1.0
23515,86.73833,1.0,0.006756757,1.0,,,1.0
23516,20.428497,1.0,0.0,1.0,,,1.0
23517,39.53411,1.0,0.008403362,1.0,,,1.0
23518,28.731268,1.0,0.029411765,1.0,,,1.0
23519,69.323784,1.0,0.024390243,1.0,,,1.0
23520,23.909702,1.0,0.012048192,1.0,,,1.0
23521,54.261204,1.0,0.0,1.0,,,1.0
23522,42.433804,1.0,0.0,1.0,,,1.0
23523,21.05285,1.0,0.01369863,1.0,,,1.0
23524,56.72165,1.0,0.010989011,1.0,,,1.0
23525,38.268024,1.0,0.0,1.0,,,1.0
23526,15.078196,1.0,0.0024937657,1.0,,,1.0
23527,53.168434,1.0,0.006153846,1.0,,,1.0
23528,18.303728,1.0,0.0066225166,1.0,,,1.0
23529,37.298878,1.0,0.008264462,1.0,,,1.0
23530,9.23156,1.0,0.0,1.0,,,1.0
23531,40.885918,1.0,0.0044444446,1.0,,,1.0
23532,28.110859,1.0,0.033333335,1.0,,,1.0
23533,18.752657,1.0,0.0,1.0,,,1.0
23534,108.342125,1.0,0.007575758,1.0,,,1.0
23535,69.42076,1.0,0.013793103,1.0,,,1.0
23536,29.421946,1.0,0.010416667,1.0,,,1.0
23537,41.801483,1.0,0.0,1.0,,,1.0
23538,16.129063,1.0,0.0,1.0,,,1.0
23539,31.62386,1.0,0.0091743115,1.0,,,1.0
23540,27.022072,1.0,0.0,1.0,,,1.0
23541,98.476326,1.0,0.0074626864,1.0,,,1.0
23542,9.397729,1.0,0.008403362,1.0,,,1.0
23543,11.10401,1.0,0.0,1.0,,,1.0
23544,0.8361865,1.0,0.0038910506,1.0,,,1.0
23545,41.873604,1.0,0.0064935065,1.0,,,1.0
23546,32.77146,1.0,0.016666668,1.0,,,1.0
23547,21.355864,1.0,0.0055555557,1.0,,,1.0
23548,26.464878,1.0,0.01183432,1.0,,,1.0
23549,18.72945,1.0,0.0,1.0,,,1.0
23550,3.4288504,1.0,0.0,1.0,,,1.0
23551,65.211044,1.0,0.06896552,1.0,,,1.0
23552,20.559586,1.0,0.0,1.0,,,1.0
23553,85.54174,1.0,0.027027028,1.0,,,1.0
23554,9.641994,1.0,0.0033898305,1.0,,,1.0
23555,11.007901,1.0,0.0,1.0,,,1.0
23556,5.087752,1.0,0.0,1.0,,,1.0
23557,27.84833,1.0,0.008368201,1.0,,,1.0
23558,81.40033,1.0,0.012121212,1.0,,,1.0
23559,40.459732,1.0,0.003508772,1.0,,,1.0
23560,42.57018,1.0,0.0,1.0,,,1.0
23561,12.997621,1.0,0.0,1.0,,,1.0
23562,16.289019,1.0,0.0042918455,1.0,,,1.0
23563,18.509695,1.0,0.01058201,1.0,,,1.0
23564,20.548378,1.0,0.0065789474,1.0,,,1.0
23565,15.45629,1.0,0.012345679,1.0,,,1.0
23566,14.654424,1.0,0.018867925,1.0,,,1.0
23567,20.032597,1.0,0.01754386,1.0,,,1.0
23568,24.86785,1.0,0.0073260074,1.0,,,1.0
23569,38.219822,1.0,0.004784689,1.0,,,1.0
23570,56.591736,1.0,0.0,1.0,,,1.0
23571,69.440056,1.0,0.0072727273,1.0,,,1.0
23572,11.133518,1.0,0.008230452,1.0,,,1.0
23573,29.052896,1.0,0.013793103,1.0,,,1.0
23574,5.0913486,1.0,0.0033112583,1.0,,,1.0
23575,33.743164,1.0,0.013333334,1.0,,,1.0
23576,93.26041,1.0,0.0057803467,1.0,,,1.0
23577,40.412476,1.0,0.007246377,1.0,,,1.0
23578,78.61112,1.0,0.008403362,1.0,,,1.0
23579,30.155367,1.0,0.01904762,1.0,,,1.0
23580,56.3599,1.0,0.007067138,1.0,,,1.0
23581,15.3407755,1.0,0.008130081,1.0,,,1.0
23582,12.962901,1.0,0.0,1.0,,,1.0
23583,15.440771,1.0,0.0,1.0,,,1.0
23584,11.56748,1.0,0.0064102565,1.0,,,1.0
23585,25.363647,1.0,0.016,1.0,,,1.0
23586,101.899734,1.0,0.0056657223,1.0,,,1.0
23587,13.733911,1.0,0.01,1.0,,,1.0
23588,17.52716,1.0,0.007518797,1.0,,,1.0
23589,36.165085,1.0,0.011173184,1.0,,,1.0
23590,18.53049,1.0,0.0051282053,1.0,,,1.0
23591,14.282511,1.0,0.0049751243,1.0,,,1.0
23592,25.325775,1.0,0.008695652,1.0,,,1.0
23593,25.837963,1.0,0.0036363637,1.0,,,1.0
23594,10.051788,1.0,0.008264462,1.0,,,1.0
23595,15.446743,1.0,0.0060975607,1.0,,,1.0
23596,23.524294,1.0,0.011627907,1.0,,,1.0
23597,50.809578,1.0,0.009009009,1.0,,,1.0
23598,32.38077,1.0,0.008196721,1.0,,,1.0
23599,21.05285,1.0,0.0064102565,1.0,,,1.0
23600,39.690876,1.0,0.005882353,1.0,,,1.0
23601,39.30461,1.0,0.0062111802,1.0,,,1.0
23602,83.57953,1.0,0.008403362,1.0,,,1.0
23603,35.725864,1.0,0.0,1.0,,,1.0
23604,116.13675,1.0,0.008695652,1.0,,,1.0
23605,26.590586,1.0,0.0061728396,1.0,,,1.0
23606,57.67615,1.0,0.0,1.0,,,1.0
23607,69.43896,1.0,0.01183432,1.0,,,1.0
23608,52.862293,1.0,0.0,1.0,,,1.0
23609,85.54174,1.0,0.0038610038,1.0,,,1.0
23610,29.724426,1.0,0.011111111,1.0,,,1.0
23611,13.35724,1.0,0.0,1.0,,,1.0
23612,7.067926,1.0,0.0,1.0,,,1.0
23613,3.7952526,1.0,0.0,1.0,,,1.0
23614,27.980364,1.0,0.0,1.0,,,1.0
23615,17.246632,1.0,0.023255814,1.0,,,1.0
23616,31.174076,1.0,0.008474576,1.0,,,1.0
23617,12.573717,1.0,0.0,1.0,,,1.0
23618,45.688194,1.0,0.008928572,1.0,,,1.0
23619,11.855889,1.0,0.0029325513,1.0,,,1.0
23620,124.35362,1.0,0.0051282053,1.0,,,1.0
23621,12.443987,1.0,0.013333334,1.0,,,1.0
23622,34.423977,1.0,0.0121951215,1.0,,,1.0
23623,43.452435,1.0,0.012658228,1.0,,,1.0
23624,50.028053,1.0,0.009569378,1.0,,,1.0
23625,17.26779,1.0,0.0,1.0,,,1.0
23626,68.77098,1.0,0.00952381,1.0,,,1.0
23627,69.42076,1.0,0.010752688,1.0,,,1.0
23628,46.63388,1.0,0.016393442,1.0,,,1.0
23629,19.423752,1.0,0.012048192,1.0,,,1.0
23630,28.332193,1.0,0.008064516,1.0,,,1.0
23631,20.647205,1.0,0.005050505,1.0,,,1.0
23632,66.76958,1.0,0.008547009,1.0,,,1.0
23633,27.836126,1.0,0.0,1.0,,,1.0
23634,29.55012,1.0,0.0,1.0,,,1.0
23635,16.02446,1.0,0.005602241,1.0,,,1.0
23636,19.68003,1.0,0.0,1.0,,,1.0
23637,28.003475,1.0,0.0036630037,1.0,,,1.0
23638,19.799633,1.0,0.009803922,1.0,,,1.0
23639,37.243046,1.0,0.008097166,1.0,,,1.0
23640,3.5241144,1.0,0.0,1.0,,,1.0
23641,17.619654,1.0,0.032786883,1.0,,,1.0
23642,41.959114,1.0,0.0040899795,1.0,,,1.0
23643,20.063238,1.0,0.0027855153,1.0,,,1.0
23644,30.668852,1.0,0.003649635,1.0,,,1.0
23645,10.679686,1.0,0.0,1.0,,,1.0
23646,59.60921,1.0,0.0,1.0,,,1.0
23647,21.77913,1.0,0.0,1.0,,,1.0
23648,35.419224,1.0,0.010810811,1.0,,,1.0
23649,37.332947,1.0,0.0,1.0,,,1.0
23650,1.4224825,1.0,0.0,1.0,,,1.0
23651,28.149693,1.0,0.015037594,1.0,,,1.0
23652,42.90579,1.0,0.0,1.0,,,1.0
23653,26.9656,1.0,0.008368201,1.0,,,1.0
23654,4.9471965,1.0,0.0,1.0,,,1.0
23655,8.715234,1.0,0.0,1.0,,,1.0
23656,55.130615,1.0,0.011764706,1.0,,,1.0
23657,80.54764,1.0,0.006779661,1.0,,,1.0
23658,25.534002,1.0,0.0,1.0,,,1.0
23659,31.881863,1.0,0.008264462,1.0,,,1.0
23660,75.32171,1.0,0.010928961,1.0,,,1.0
23661,12.311419,1.0,0.0065146578,1.0,,,1.0
23662,21.247557,1.0,0.008928572,1.0,,,1.0
23663,22.852303,1.0,0.0,1.0,,,1.0
23664,17.782553,1.0,0.0,1.0,,,1.0
23665,11.28691,1.0,0.0,1.0,,,1.0
23666,42.958508,1.0,0.0,1.0,,,1.0
23667,51.027836,1.0,0.0050251256,1.0,,,1.0
23668,25.823544,1.0,0.0026666666,1.0,,,1.0
23669,15.175638,1.0,0.0,1.0,,,1.0
23670,37.789955,1.0,0.0062305294,1.0,,,1.0
23671,8.239552,1.0,0.006993007,1.0,,,1.0
23672,10.723021,1.0,0.0,1.0,,,1.0
23673,22.761248,1.0,0.0,1.0,,,1.0
23674,14.676214,1.0,0.0,1.0,,,1.0
23675,77.638245,1.0,0.00990099,1.0,,,1.0
23676,38.57096,1.0,0.0057803467,1.0,,,1.0
23677,25.213547,1.0,0.0,1.0,,,1.0
23678,81.40033,1.0,0.009615385,1.0,,,1.0
23679,80.03771,1.0,0.012269938,1.0,,,1.0
23680,6.219081,1.0,0.005952381,1.0,,,1.0
23681,15.9191,1.0,0.015151516,1.0,,,1.0
23682,24.426115,1.0,0.025316456,1.0,,,1.0
23683,25.514915,1.0,0.0,1.0,,,1.0
23684,42.127556,1.0,0.0,1.0,,,1.0
23685,6.812461,1.0,0.0,1.0,,,1.0
23686,60.712387,1.0,0.007518797,1.0,,,1.0
23687,59.31051,1.0,0.0035971224,1.0,,,1.0
23688,42.394215,1.0,0.0,1.0,,,1.0
23689,33.05408,1.0,0.0,1.0,,,1.0
23690,13.217288,1.0,0.0051150895,1.0,,,1.0
23691,17.301018,1.0,0.00295858,1.0,,,1.0
23692,10.183466,1.0,0.012658228,1.0,,,1.0
23693,14.822533,1.0,0.0,1.0,,,1.0
23694,18.704863,1.0,0.00990099,1.0,,,1.0
23695,102.05991,1.0,0.0064935065,1.0,,,1.0
23696,22.00682,1.0,0.0,1.0,,,1.0
23697,33.874462,1.0,0.01980198,1.0,,,1.0
23698,32.870865,1.0,0.01010101,1.0,,,1.0
23699,48.79064,1.0,0.0,1.0,,,1.0
23700,3.778564,1.0,0.022988506,1.0,,,1.0
23701,98.32345,1.0,0.006289308,1.0,,,1.0
23702,83.57953,1.0,0.012578616,1.0,,,1.0
23703,48.97928,1.0,0.01980198,1.0,,,1.0
23704,36.196194,1.0,0.004201681,1.0,,,1.0
23705,4.5929947,1.0,0.0091743115,1.0,,,1.0
23706,25.358538,1.0,0.0056497175,1.0,,,1.0
23707,10.701318,1.0,0.008333334,1.0,,,1.0
23708,13.621085,1.0,0.011428571,1.0,,,1.0
23709,22.852371,1.0,0.0,1.0,,,1.0
23710,42.121235,1.0,0.0056497175,1.0,,,1.0
23711,72.048134,1.0,0.0062111802,1.0,,,1.0
23712,31.462442,1.0,0.0051282053,1.0,,,1.0
23713,26.287113,1.0,0.0023980816,1.0,,,1.0
23714,33.63226,1.0,0.008333334,1.0,,,1.0
23715,21.373446,1.0,0.011363637,1.0,,,1.0
23716,5.700427,1.0,0.0030395137,1.0,,,1.0
23717,89.530876,1.0,0.0,1.0,,,1.0
23718,32.76053,1.0,0.0,1.0,,,1.0
23719,30.213842,1.0,0.00952381,1.0,,,1.0
23720,37.937656,1.0,0.005952381,1.0,,,1.0
23721,15.236032,1.0,0.016393442,1.0,,,1.0
23722,22.567354,1.0,0.00952381,1.0,,,1.0
23723,62.159447,1.0,0.008474576,1.0,,,1.0
23724,14.204877,1.0,0.0,1.0,,,1.0
23725,45.692894,1.0,0.00591716,1.0,,,1.0
23726,23.004402,1.0,0.008130081,1.0,,,1.0
23727,59.165886,1.0,0.0036968577,1.0,,,1.0
23728,7.6042366,1.0,0.0,1.0,,,1.0
23729,21.406513,1.0,0.0,1.0,,,1.0
23730,69.31382,1.0,0.0049261083,1.0,,,1.0
23731,85.70176,1.0,0.008298756,1.0,,,1.0
23732,20.090929,1.0,0.0025316456,1.0,,,1.0
23733,13.262591,1.0,0.036363635,1.0,,,1.0
23734,43.2561,1.0,0.004464286,1.0,,,1.0
23735,52.905174,1.0,0.008032128,1.0,,,1.0
23736,31.779602,1.0,0.008032128,1.0,,,1.0
23737,11.462639,1.0,0.011111111,1.0,,,1.0
23738,23.051596,1.0,0.0,1.0,,,1.0
23739,7.6502595,1.0,0.044444446,1.0,,,1.0
23740,30.940886,1.0,0.016806724,1.0,,,1.0
23741,10.545829,1.0,0.014705882,1.0,,,1.0
23742,8.910984,1.0,0.0,1.0,,,1.0
23743,14.9615345,1.0,0.0,1.0,,,1.0
23744,19.56064,1.0,0.006369427,1.0,,,1.0
23745,20.699913,1.0,0.005882353,1.0,,,1.0
23746,22.405905,1.0,0.0,1.0,,,1.0
23747,33.979874,1.0,0.014492754,1.0,,,1.0
23748,13.479736,1.0,0.0,1.0,,,1.0
23749,34.50034,1.0,0.0,1.0,,,1.0
23750,30.352007,1.0,0.0040816325,1.0,,,1.0
23751,16.146418,1.0,0.019417476,1.0,,,1.0
23752,73.504425,1.0,0.0057142857,1.0,,,1.0
23753,41.770184,1.0,0.0,1.0,,,1.0
23754,19.776829,1.0,0.0047393367,1.0,,,1.0
23755,18.223118,1.0,0.009478673,1.0,,,1.0
23756,18.281214,1.0,0.016949153,1.0,,,1.0
23757,27.84108,1.0,0.0,1.0,,,1.0
23758,98.70822,1.0,0.0057471264,1.0,,,1.0
23759,98.70822,1.0,0.008333334,1.0,,,1.0
23760,31.936533,1.0,0.0049875313,1.0,,,1.0
23761,27.376534,1.0,0.009478673,1.0,,,1.0
23762,33.56967,1.0,0.0,1.0,,,1.0
23763,11.747978,1.0,0.008130081,1.0,,,1.0
23764,60.76915,1.0,0.0,1.0,,,1.0
23765,13.783918,1.0,0.010204081,1.0,,,1.0
23766,14.571317,1.0,0.008264462,1.0,,,1.0
23767,22.925003,1.0,0.012658228,1.0,,,1.0
23768,125.9227,1.0,0.015625,1.0,,,1.0
23769,68.78812,1.0,0.0069204154,1.0,,,1.0
23770,26.464878,1.0,0.016806724,1.0,,,1.0
23771,66.72058,1.0,0.01438849,1.0,,,1.0
23772,12.075657,1.0,0.033898305,1.0,,,1.0
23773,14.225011,1.0,0.005952381,1.0,,,1.0
23774,15.21418,1.0,0.0054644807,1.0,,,1.0
23775,3.7037048,1.0,0.005509642,1.0,,,1.0
23776,6.2897806,1.0,0.004524887,1.0,,,1.0
23777,67.00446,1.0,0.0032310179,1.0,,,1.0
23778,26.254536,1.0,0.0,1.0,,,1.0
23779,14.412979,1.0,0.004672897,1.0,,,1.0
23780,16.708004,1.0,0.006557377,1.0,,,1.0
23781,2.8395894,1.0,0.0028328612,1.0,,,1.0
23782,115.54238,1.0,0.006153846,1.0,,,1.0
23783,43.178825,1.0,0.010752688,1.0,,,1.0
23784,51.961277,1.0,0.004464286,1.0,,,1.0
23785,12.002775,1.0,0.0,1.0,,,1.0
23786,50.154015,1.0,0.0,1.0,,,1.0
23787,36.358177,1.0,0.023255814,1.0,,,1.0
23788,61.599464,1.0,0.008097166,1.0,,,1.0
23789,109.21901,1.0,0.0040816325,1.0,,,1.0
23790,40.885918,1.0,0.01058201,1.0,,,1.0
23791,45.556755,1.0,0.015037594,1.0,,,1.0
23792,46.203773,1.0,0.021978023,1.0,,,1.0
23793,68.1871,1.0,0.0043956046,1.0,,,1.0
23794,53.408028,1.0,0.010752688,1.0,,,1.0
23795,6.574033,1.0,0.0,1.0,,,1.0
23796,10.692163,1.0,0.0,1.0,,,1.0
23797,41.143192,1.0,0.020408163,1.0,,,1.0
23798,25.885262,1.0,0.0030959751,1.0,,,1.0
23799,23.77975,1.0,0.01010101,1.0,,,1.0
23800,5.3062625,1.0,0.0,1.0,,,1.0
23801,66.80831,1.0,0.021978023,1.0,,,1.0
23802,70.6527,1.0,0.010928961,1.0,,,1.0
23803,26.010574,1.0,0.024096385,1.0,,,1.0
23804,8.350668,1.0,0.0,1.0,,,1.0
23805,100.17136,1.0,0.005291005,1.0,,,1.0
23806,21.070091,1.0,0.0,1.0,,,1.0
23807,29.551247,1.0,0.0,1.0,,,1.0
23808,14.3829975,1.0,0.006289308,1.0,,,1.0
23809,27.192417,1.0,0.0,1.0,,,1.0
23810,25.55356,1.0,0.0,1.0,,,1.0
23811,42.433804,1.0,0.0045045046,1.0,,,1.0
23812,40.84468,1.0,0.00456621,1.0,,,1.0
23813,40.885918,1.0,0.008583691,1.0,,,1.0
23814,75.32171,1.0,0.008474576,1.0,,,1.0
23815,52.333042,1.0,0.003937008,1.0,,,1.0
23816,33.13557,1.0,0.010869565,1.0,,,1.0
23817,55.27203,1.0,0.0125,1.0,,,1.0
23818,55.950764,1.0,0.00913242,1.0,,,1.0
23819,32.51213,1.0,0.032786883,1.0,,,1.0
23820,10.048741,1.0,0.008333334,1.0,,,1.0
23821,98.476326,1.0,0.0049875313,1.0,,,1.0
23822,78.47665,1.0,0.004524887,1.0,,,1.0
23823,80.49888,1.0,0.004784689,1.0,,,1.0
23824,41.398376,1.0,0.0,1.0,,,1.0
23825,57.51592,1.0,0.00754717,1.0,,,1.0
23826,30.728693,1.0,0.0,1.0,,,1.0
23827,32.337017,1.0,0.0,1.0,,,1.0
23828,13.484271,1.0,0.001183432,1.0,,,1.0
23829,39.306293,1.0,0.010309278,1.0,,,1.0
23830,5.027407,1.0,0.0,1.0,,,1.0
23831,16.951982,1.0,0.004016064,1.0,,,1.0
23832,67.00446,1.0,0.003937008,1.0,,,1.0
23833,13.260592,1.0,0.0,1.0,,,1.0
23834,9.106315,1.0,0.0,1.0,,,1.0
23835,78.47665,1.0,0.011049724,1.0,,,1.0
23836,35.013527,1.0,0.009756098,1.0,,,1.0
23837,19.744022,1.0,0.005291005,1.0,,,1.0
23838,66.482666,1.0,0.003944773,1.0,,,1.0
23839,154.73218,1.0,0.001934236,1.0,,,1.0
23840,35.430027,1.0,0.048780486,1.0,,,1.0
23841,15.433346,1.0,0.008695652,1.0,,,1.0
23842,14.083892,1.0,0.0,1.0,,,1.0
23843,124.35362,1.0,0.010416667,1.0,,,1.0
23844,21.572247,1.0,0.00591716,1.0,,,1.0
23845,16.02818,1.0,0.020618556,1.0,,,1.0
23846,62.934612,1.0,0.0,1.0,,,1.0
23847,76.96835,1.0,0.010810811,1.0,,,1.0
23848,3.6089733,1.0,0.0,1.0,,,1.0
23849,62.83131,1.0,0.005479452,1.0,,,1.0
23850,9.392143,1.0,0.0037313432,1.0,,,1.0
23851,14.081317,1.0,0.015503876,1.0,,,1.0
23852,78.47665,1.0,0.0121951215,1.0,,,1.0
23853,42.72978,1.0,0.0058651026,1.0,,,1.0
23854,11.133518,1.0,0.01369863,1.0,,,1.0
23855,24.535927,1.0,0.0,1.0,,,1.0
23856,98.70822,1.0,0.014084507,1.0,,,1.0
23857,15.537655,1.0,0.0,1.0,,,1.0
23858,35.590797,1.0,0.0056980057,1.0,,,1.0
23859,5.350024,1.0,0.0,1.0,,,1.0
23860,19.602842,1.0,0.0,1.0,,,1.0
23861,18.08031,1.0,0.0,1.0,,,1.0
23862,45.026672,1.0,0.007782101,1.0,,,1.0
23863,50.20582,1.0,0.005154639,1.0,,,1.0
23864,24.016008,1.0,0.009615385,1.0,,,1.0
23865,29.326971,1.0,0.030303031,1.0,,,1.0
23866,23.11974,1.0,0.0031545742,1.0,,,1.0
23867,12.832018,1.0,0.0,1.0,,,1.0
23868,10.178233,1.0,0.0046948357,1.0,,,1.0
23869,60.64076,1.0,0.005076142,1.0,,,1.0
23870,21.113237,1.0,0.0,1.0,,,1.0
23871,26.010574,1.0,0.008474576,1.0,,,1.0
23872,14.191603,1.0,0.0,1.0,,,1.0
23873,34.240128,1.0,0.011235955,1.0,,,1.0
23874,6.966068,1.0,0.004405286,1.0,,,1.0
23875,19.846601,1.0,0.010309278,1.0,,,1.0
23876,65.98681,1.0,0.003508772,1.0,,,1.0
23877,16.367674,1.0,0.0,1.0,,,1.0
23878,33.258663,1.0,0.0058139535,1.0,,,1.0
23879,17.238586,1.0,0.0,1.0,,,1.0
23880,21.375008,1.0,0.010309278,1.0,,,1.0
23881,46.561718,1.0,0.013793103,1.0,,,1.0
23882,98.70822,1.0,0.028985508,1.0,,,1.0
23883,15.758587,1.0,0.014084507,1.0,,,1.0
23884,69.13106,1.0,0.004950495,1.0,,,1.0
23885,14.803982,1.0,0.02173913,1.0,,,1.0
23886,23.609406,1.0,0.008403362,1.0,,,1.0
23887,37.346603,1.0,0.011494253,1.0,,,1.0
23888,11.7826,1.0,0.0,1.0,,,1.0
23889,49.520912,1.0,0.013071896,1.0,,,1.0
23890,20.884697,1.0,0.0,1.0,,,1.0
23891,50.181164,1.0,0.012658228,1.0,,,1.0
23892,22.244972,1.0,0.015267176,1.0,,,1.0
23893,21.195646,1.0,0.0,1.0,,,1.0
23894,115.46164,1.0,0.007142857,1.0,,,1.0
23895,29.846088,1.0,0.0036630037,1.0,,,1.0
23896,9.447042,1.0,0.015503876,1.0,,,1.0
23897,43.452435,1.0,0.010928961,1.0,,,1.0
23898,31.841084,1.0,0.0042918455,1.0,,,1.0
23899,19.986782,1.0,0.0,1.0,,,1.0
23900,30.97612,1.0,0.021276595,1.0,,,1.0
23901,86.45003,1.0,0.0069444445,1.0,,,1.0
23902,29.450874,1.0,0.010416667,1.0,,,1.0
23903,31.044147,1.0,0.0,1.0,,,1.0
23904,13.35724,1.0,0.0,1.0,,,1.0
23905,57.282772,1.0,0.0,1.0,,,1.0
23906,43.73948,1.0,0.012987013,1.0,,,1.0
23907,17.875727,1.0,0.014084507,1.0,,,1.0
23908,29.129408,1.0,0.004310345,1.0,,,1.0
23909,20.032597,1.0,0.010526316,1.0,,,1.0
23910,17.638533,1.0,0.0069444445,1.0,,,1.0
23911,36.370182,1.0,0.0,1.0,,,1.0
23912,10.960106,1.0,0.003533569,1.0,,,1.0
23913,41.45175,1.0,0.009615385,1.0,,,1.0
23914,4.2028346,1.0,0.007518797,1.0,,,1.0
23915,66.09364,1.0,0.011235955,1.0,,,1.0
23916,10.139115,1.0,0.029850746,1.0,,,1.0
23917,35.49939,1.0,0.00877193,1.0,,,1.0
23918,66.69815,1.0,0.0015360983,1.0,,,1.0
23919,21.946566,1.0,0.0033783785,1.0,,,1.0
23920,11.406477,1.0,0.004784689,1.0,,,1.0
23921,109.534454,1.0,0.0042735045,1.0,,,1.0
23922,64.76018,1.0,0.0061728396,1.0,,,1.0
23923,58.320538,1.0,0.010526316,1.0,,,1.0
23924,17.954685,1.0,0.0,1.0,,,1.0
23925,13.761815,1.0,0.0,1.0,,,1.0
23926,4.311981,1.0,0.0,1.0,,,1.0
23927,32.081238,1.0,0.010989011,1.0,,,1.0
23928,79.17712,1.0,0.006451613,1.0,,,1.0
23929,29.076475,1.0,0.024390243,1.0,,,1.0
23930,22.994228,1.0,0.0,1.0,,,1.0
23931,13.869322,1.0,0.0015503876,1.0,,,1.0
23932,26.712297,1.0,0.05,1.0,,,1.0
23933,17.345606,1.0,0.025641026,1.0,,,1.0
23934,40.109795,1.0,0.0,1.0,,,1.0
23935,49.10451,1.0,0.014925373,1.0,,,1.0
23936,37.0169,1.0,0.015151516,1.0,,,1.0
23937,60.46111,1.0,0.005194805,1.0,,,1.0
23938,32.379417,1.0,0.0,1.0,,,1.0
23939,47.121517,1.0,0.033333335,1.0,,,1.0
23940,41.65684,1.0,0.006042296,1.0,,,1.0
23941,15.461559,1.0,0.0,1.0,,,1.0
23942,33.60434,1.0,0.0,1.0,,,1.0
23943,27.641802,1.0,0.009009009,1.0,,,1.0
23944,13.823573,1.0,0.00625,1.0,,,1.0
23945,13.910656,1.0,0.0033444816,1.0,,,1.0
23946,48.612003,1.0,0.0091743115,1.0,,,1.0
23947,6.029019,1.0,0.0,1.0,,,1.0
23948,43.865376,1.0,0.0026666666,1.0,,,1.0
23949,32.000538,1.0,0.006688963,1.0,,,1.0
23950,16.146418,1.0,0.036363635,1.0,,,1.0
23951,21.230251,1.0,0.0060975607,1.0,,,1.0
23952,49.67842,1.0,0.008583691,1.0,,,1.0
23953,62.63008,1.0,0.01,1.0,,,1.0
23954,51.70851,1.0,0.0,1.0,,,1.0
23955,22.292868,1.0,0.0,1.0,,,1.0
23956,23.433702,1.0,0.0011668612,1.0,,,1.0
23957,7.3953586,1.0,0.0,1.0,,,1.0
23958,48.210796,1.0,0.0,1.0,,,1.0
23959,9.467962,1.0,0.027027028,1.0,,,1.0
23960,27.333967,1.0,0.0065789474,1.0,,,1.0
23961,27.951174,1.0,0.01459854,1.0,,,1.0
23962,65.90885,1.0,0.0019880715,1.0,,,1.0
23963,14.91896,1.0,0.015748031,1.0,,,1.0
23964,50.20582,1.0,0.0,1.0,,,1.0
23965,29.472647,1.0,0.0065789474,1.0,,,1.0
23966,10.377088,1.0,0.0035714286,1.0,,,1.0
23967,9.469519,1.0,0.0,1.0,,,1.0
23968,9.256024,1.0,0.011904762,1.0,,,1.0
23969,26.474232,1.0,0.0,1.0,,,1.0
23970,41.04873,1.0,0.0,1.0,,,1.0
23971,59.60921,1.0,0.0043010754,1.0,,,1.0
23972,109.534454,1.0,0.005,1.0,,,1.0
23973,61.27212,1.0,0.0030674846,1.0,,,1.0
23974,61.61508,1.0,0.010810811,1.0,,,1.0
23975,18.61622,1.0,0.01923077,1.0,,,1.0
23976,21.469715,1.0,0.023809524,1.0,,,1.0
23977,11.867704,1.0,0.01,1.0,,,1.0
23978,29.143517,1.0,0.008163265,1.0,,,1.0
23979,60.758087,1.0,0.004237288,1.0,,,1.0
23980,7.121107,1.0,0.0036630037,1.0,,,1.0
23981,32.950615,1.0,0.0070921984,1.0,,,1.0
23982,11.7739,1.0,0.0049751243,1.0,,,1.0
23983,38.691185,1.0,0.005988024,1.0,,,1.0
23984,76.26888,1.0,0.012048192,1.0,,,1.0
23985,56.591736,1.0,0.0064102565,1.0,,,1.0
23986,47.23854,1.0,0.0,1.0,,,1.0
23987,16.351194,1.0,0.0,1.0,,,1.0
23988,23.18951,1.0,0.011560693,1.0,,,1.0
23989,40.459732,1.0,0.0,1.0,,,1.0
23990,9.6748295,1.0,0.018867925,1.0,,,1.0
23991,21.765255,1.0,0.012048192,1.0,,,1.0
23992,22.602968,1.0,0.010752688,1.0,,,1.0
23993,12.729077,1.0,0.0,1.0,,,1.0
23994,17.889067,1.0,0.018867925,1.0,,,1.0
23995,8.367988,1.0,0.015873017,1.0,,,1.0
23996,10.644376,1.0,0.0,1.0,,,1.0
23997,60.873123,1.0,0.016528925,1.0,,,1.0
23998,16.851448,1.0,0.0060790274,1.0,,,1.0
23999,47.072884,1.0,0.01010101,1.0,,,1.0
24000,35.10485,1.0,0.004115226,1.0,,,1.0
24001,33.50414,1.0,0.0,1.0,,,1.0
24002,9.248672,1.0,0.015625,1.0,,,1.0
24003,79.519646,1.0,0.0063492064,1.0,,,1.0
24004,31.563461,1.0,0.011428571,1.0,,,1.0
24005,10.000808,1.0,0.0,1.0,,,1.0
24006,100.17136,1.0,0.008032128,1.0,,,1.0
24007,36.030533,1.0,0.014705882,1.0,,,1.0
24008,20.514862,1.0,0.0,1.0,,,1.0
24009,19.122593,1.0,0.0,1.0,,,1.0
24010,35.480804,1.0,0.006369427,1.0,,,1.0
24011,27.526133,1.0,0.0,1.0,,,1.0
24012,6.7273893,1.0,0.024390243,1.0,,,1.0
24013,32.96296,1.0,0.01459854,1.0,,,1.0
24014,19.497852,1.0,0.0,1.0,,,1.0
24015,21.13079,1.0,0.0,1.0,,,1.0
24016,13.856675,1.0,0.014184397,1.0,,,1.0
24017,87.21102,1.0,0.0069444445,1.0,,,1.0
24018,29.022688,1.0,0.041666668,1.0,,,1.0
24019,14.657025,1.0,0.006289308,1.0,,,1.0
24020,12.86139,1.0,0.0,1.0,,,1.0
24021,30.542059,1.0,0.0,1.0,,,1.0
24022,55.239758,1.0,0.018018018,1.0,,,1.0
24023,31.985476,1.0,0.019417476,1.0,,,1.0
24024,64.704315,1.0,0.0,1.0,,,1.0
24025,32.648952,1.0,0.01754386,1.0,,,1.0
24026,58.774593,1.0,0.008,1.0,,,1.0
24027,37.615612,1.0,0.0,1.0,,,1.0
24028,7.0495915,1.0,0.0,1.0,,,1.0
24029,20.348982,1.0,0.032258064,1.0,,,1.0
24030,17.936409,1.0,0.005934718,1.0,,,1.0
24031,69.65138,1.0,0.003929273,1.0,,,1.0
24032,23.04075,1.0,0.010869565,1.0,,,1.0
24033,20.959023,1.0,0.008064516,1.0,,,1.0
24034,10.385283,1.0,0.0,1.0,,,1.0
24035,45.2774,1.0,0.015037594,1.0,,,1.0
24036,4.1440763,1.0,0.002444988,1.0,,,1.0
24037,17.161665,1.0,0.0,1.0,,,1.0
24038,13.934407,1.0,0.012345679,1.0,,,1.0
24039,46.197254,1.0,0.011764706,1.0,,,1.0
24040,27.253378,1.0,0.004705882,1.0,,,1.0
24041,46.192463,1.0,0.007751938,1.0,,,1.0
24042,28.792995,1.0,0.002967359,1.0,,,1.0
24043,40.818283,1.0,0.0,1.0,,,1.0
24044,63.4572,1.0,0.0038610038,1.0,,,1.0
24045,85.39203,1.0,0.0049875313,1.0,,,1.0
24046,48.79064,1.0,0.004819277,1.0,,,1.0
24047,39.670795,1.0,0.008474576,1.0,,,1.0
24048,47.869267,1.0,0.0099502485,1.0,,,1.0
24049,72.904945,1.0,0.0067340066,1.0,,,1.0
24050,65.544975,1.0,0.010416667,1.0,,,1.0
24051,69.73952,1.0,0.028571429,1.0,,,1.0
24052,16.708004,1.0,0.0063492064,1.0,,,1.0
24053,65.62722,1.0,0.004576659,1.0,,,1.0
24054,38.617455,1.0,0.008196721,1.0,,,1.0
24055,7.6502056,1.0,0.0,1.0,,,1.0
24056,7.6716256,1.0,0.02,1.0,,,1.0
24057,98.70822,1.0,0.012987013,1.0,,,1.0
24058,39.850513,1.0,0.009433962,1.0,,,1.0
24059,13.098313,1.0,0.01010101,1.0,,,1.0
24060,56.998066,1.0,0.004405286,1.0,,,1.0
24061,32.76053,1.0,0.023529412,1.0,,,1.0
24062,48.70965,1.0,0.008438818,1.0,,,1.0
24063,54.69655,1.0,0.009615385,1.0,,,1.0
24064,42.670406,1.0,0.003012048,1.0,,,1.0
24065,67.19436,1.0,0.0076923077,1.0,,,1.0
24066,54.932995,1.0,0.0,1.0,,,1.0
24067,27.337452,1.0,0.017857144,1.0,,,1.0
24068,109.534454,1.0,0.0053619305,1.0,,,1.0
24069,10.475016,1.0,0.07692308,1.0,,,1.0
24070,87.21734,1.0,0.0070921984,1.0,,,1.0
24071,49.071426,1.0,0.0034364262,1.0,,,1.0
24072,8.471772,1.0,0.0,1.0,,,1.0
24073,3.5173073,1.0,0.0,1.0,,,1.0
24074,4.8072734,1.0,0.0,1.0,,,1.0
24075,30.074759,1.0,0.008474576,1.0,,,1.0
24076,44.186485,1.0,0.015384615,1.0,,,1.0
24077,11.794325,1.0,0.0,1.0,,,1.0
24078,44.69185,1.0,0.004830918,1.0,,,1.0
24079,16.898422,1.0,0.017857144,1.0,,,1.0
24080,49.648373,1.0,0.0,1.0,,,1.0
24081,27.434822,1.0,0.0093896715,1.0,,,1.0
24082,11.207099,1.0,0.02631579,1.0,,,1.0
24083,21.224447,1.0,0.0032573289,1.0,,,1.0
24084,47.99573,1.0,0.007936508,1.0,,,1.0
24085,91.68036,1.0,0.005181347,1.0,,,1.0
24086,8.086519,1.0,0.023255814,1.0,,,1.0
24087,33.16621,1.0,0.0,1.0,,,1.0
24088,26.844906,1.0,0.012048192,1.0,,,1.0
24089,24.904442,1.0,0.0,1.0,,,1.0
24090,8.305113,1.0,0.012345679,1.0,,,1.0
24091,33.202873,1.0,0.0124223605,1.0,,,1.0
24092,38.341583,1.0,0.004115226,1.0,,,1.0
24093,54.970505,1.0,0.005586592,1.0,,,1.0
24094,70.53568,1.0,0.008547009,1.0,,,1.0
24095,35.36286,1.0,0.011363637,1.0,,,1.0
24096,30.882236,1.0,0.04761905,1.0,,,1.0
24097,47.018696,1.0,0.00862069,1.0,,,1.0
24098,67.00446,1.0,0.0057803467,1.0,,,1.0
24099,46.33236,1.0,0.005181347,1.0,,,1.0
24100,66.11485,1.0,0.0093896715,1.0,,,1.0
24101,13.453282,1.0,0.0,1.0,,,1.0
24102,79.2343,1.0,0.013333334,1.0,,,1.0
24103,19.031137,1.0,0.008928572,1.0,,,1.0
24104,17.238285,1.0,0.051282052,1.0,,,1.0
24105,58.396866,1.0,0.0040983604,1.0,,,1.0
24106,51.433937,1.0,0.01438849,1.0,,,1.0
24107,49.67842,1.0,0.0051150895,1.0,,,1.0
24108,32.57352,1.0,0.0,1.0,,,1.0
24109,43.57887,1.0,0.0074626864,1.0,,,1.0
24110,64.32761,1.0,0.014492754,1.0,,,1.0
24111,14.040343,1.0,0.004651163,1.0,,,1.0
24112,20.660381,1.0,0.004901961,1.0,,,1.0
24113,56.376305,1.0,0.00877193,1.0,,,1.0
24114,89.88506,1.0,0.0072727273,1.0,,,1.0
24115,37.1636,1.0,0.01724138,1.0,,,1.0
24116,41.92771,1.0,0.0,1.0,,,1.0
24117,26.010574,1.0,0.0,1.0,,,1.0
24118,9.789427,1.0,0.0,1.0,,,1.0
24119,23.818201,1.0,0.025641026,1.0,,,1.0
24120,15.907417,1.0,0.00877193,1.0,,,1.0
24121,15.026207,1.0,0.0,1.0,,,1.0
24122,80.49888,1.0,0.0088495575,1.0,,,1.0
24123,42.09108,1.0,0.011976048,1.0,,,1.0
24124,9.703286,1.0,0.0,1.0,,,1.0
24125,38.15101,1.0,0.04,1.0,,,1.0
24126,22.038883,1.0,0.002020202,1.0,,,1.0
24127,88.475075,1.0,0.007874016,1.0,,,1.0
24128,42.121235,1.0,0.009803922,1.0,,,1.0
24129,7.757848,1.0,0.006060606,1.0,,,1.0
24130,27.811241,1.0,0.012121212,1.0,,,1.0
24131,4.9003944,1.0,0.0042918455,1.0,,,1.0
24132,73.267296,1.0,0.016129032,1.0,,,1.0
24133,26.598612,1.0,0.0077220076,1.0,,,1.0
24134,46.788628,1.0,0.0077220076,1.0,,,1.0
24135,22.181314,1.0,0.015873017,1.0,,,1.0
24136,64.83706,1.0,0.025641026,1.0,,,1.0
24137,73.78843,1.0,0.0625,1.0,,,1.0
24138,5.7402344,1.0,0.007490637,1.0,,,1.0
24139,11.626777,1.0,0.014492754,1.0,,,1.0
24140,28.163345,1.0,0.0,1.0,,,1.0
24141,45.663223,1.0,0.02,1.0,,,1.0
24142,13.624444,1.0,0.015384615,1.0,,,1.0
24143,5.942357,1.0,0.028571429,1.0,,,1.0
24144,3.888906,1.0,0.0,1.0,,,1.0
24145,49.48252,1.0,0.009615385,1.0,,,1.0
24146,64.17689,1.0,0.010526316,1.0,,,1.0
24147,27.34006,1.0,0.029850746,1.0,,,1.0
24148,25.20799,1.0,0.017699115,1.0,,,1.0
24149,12.421917,1.0,0.0,1.0,,,1.0
24150,4.6047916,1.0,0.0058139535,1.0,,,1.0
24151,33.089294,1.0,0.0030674846,1.0,,,1.0
24152,39.28646,1.0,0.012820513,1.0,,,1.0
24153,21.05285,1.0,0.0,1.0,,,1.0
24154,56.376305,1.0,0.0039525693,1.0,,,1.0
24155,21.05285,1.0,0.012987013,1.0,,,1.0
24156,51.034954,1.0,0.0088495575,1.0,,,1.0
24157,7.2036743,1.0,0.0013679891,1.0,,,1.0
24158,33.63215,1.0,0.0,1.0,,,1.0
24159,65.69165,1.0,0.007352941,1.0,,,1.0
24160,64.32761,1.0,0.012578616,1.0,,,1.0
24161,8.150454,1.0,0.0,1.0,,,1.0
24162,106.4167,1.0,0.004938272,1.0,,,1.0
24163,44.930576,1.0,0.0,1.0,,,1.0
24164,14.164524,1.0,0.0,1.0,,,1.0
24165,12.767271,1.0,0.014285714,1.0,,,1.0
24166,29.400625,1.0,0.0045454544,1.0,,,1.0
24167,44.186485,1.0,0.01724138,1.0,,,1.0
24168,27.200813,1.0,0.009259259,1.0,,,1.0
24169,28.149693,1.0,0.0068965517,1.0,,,1.0
24170,73.267296,1.0,0.0,1.0,,,1.0
24171,13.402913,1.0,0.0,1.0,,,1.0
24172,3.9497902,1.0,0.025641026,1.0,,,1.0
24173,30.141285,1.0,0.004830918,1.0,,,1.0
24174,23.524294,1.0,0.010204081,1.0,,,1.0
24175,36.196194,1.0,0.0049261083,1.0,,,1.0
24176,53.51324,1.0,0.012738854,1.0,,,1.0
24177,37.32487,1.0,0.006688963,1.0,,,1.0
24178,31.414385,1.0,0.01369863,1.0,,,1.0
24179,39.65617,1.0,0.0,1.0,,,1.0
24180,27.641802,1.0,0.0,1.0,,,1.0
24181,42.46982,1.0,0.010416667,1.0,,,1.0
24182,19.328005,1.0,0.01754386,1.0,,,1.0
24183,14.071262,1.0,0.0,1.0,,,1.0
24184,2.360707,1.0,0.0,1.0,,,1.0
24185,43.452435,1.0,0.02739726,1.0,,,1.0
24186,15.2047,1.0,0.024096385,1.0,,,1.0
24187,45.86945,1.0,0.006535948,1.0,,,1.0
24188,33.09114,1.0,0.0038314175,1.0,,,1.0
24189,35.37117,1.0,0.004347826,1.0,,,1.0
24190,17.966253,1.0,0.0,1.0,,,1.0
24191,21.146269,1.0,0.0053333333,1.0,,,1.0
24192,24.49634,1.0,0.0035587188,1.0,,,1.0
24193,22.211855,1.0,0.007380074,1.0,,,1.0
24194,27.398245,1.0,0.0,1.0,,,1.0
24195,22.811604,1.0,0.0,1.0,,,1.0
24196,100.17136,1.0,0.0054644807,1.0,,,1.0
24197,29.261364,1.0,0.0074626864,1.0,,,1.0
24198,13.012485,1.0,0.0074074073,1.0,,,1.0
24199,8.361886,1.0,0.0,1.0,,,1.0
24200,7.8730083,1.0,0.0,1.0,,,1.0
24201,11.497827,1.0,0.037037037,1.0,,,1.0
24202,5.2218137,1.0,0.010471204,1.0,,,1.0
24203,31.98157,1.0,0.0054644807,1.0,,,1.0
24204,18.444569,1.0,0.00952381,1.0,,,1.0
24205,54.036522,1.0,0.0023584906,1.0,,,1.0
24206,20.410341,1.0,0.11764706,1.0,,,1.0
24207,37.211807,1.0,0.010362694,1.0,,,1.0
24208,47.477528,1.0,0.00625,1.0,,,1.0
24209,115.46164,1.0,0.0036968577,1.0,,,1.0
24210,15.442033,1.0,0.003984064,1.0,,,1.0
24211,26.391079,1.0,0.0,1.0,,,1.0
24212,88.882866,1.0,0.008064516,1.0,,,1.0
24213,37.339203,1.0,0.0,1.0,,,1.0
24214,51.696503,1.0,0.013793103,1.0,,,1.0
24215,25.412148,1.0,0.022727273,1.0,,,1.0
24216,10.417367,1.0,0.0054054055,1.0,,,1.0
24217,11.264287,1.0,0.0,1.0,,,1.0
24218,17.255814,1.0,0.0,1.0,,,1.0
24219,85.4125,1.0,0.015267176,1.0,,,1.0
24220,31.676895,1.0,0.00625,1.0,,,1.0
24221,8.955486,1.0,0.008928572,1.0,,,1.0
24222,14.742199,1.0,0.0,1.0,,,1.0
24223,15.710909,1.0,0.0027247956,1.0,,,1.0
24224,21.05285,1.0,0.0,1.0,,,1.0
24225,101.899734,1.0,0.006802721,1.0,,,1.0
24226,21.765255,1.0,0.005249344,1.0,,,1.0
24227,16.55712,1.0,0.0,1.0,,,1.0
24228,43.2561,1.0,0.002770083,1.0,,,1.0
24229,17.723326,1.0,0.0036630037,1.0,,,1.0
24230,51.82656,1.0,0.004132231,1.0,,,1.0
24231,5.178595,1.0,0.0,1.0,,,1.0
24232,69.42076,1.0,0.0064935065,1.0,,,1.0
24233,70.227974,1.0,0.012345679,1.0,,,1.0
24234,39.80052,1.0,0.00456621,1.0,,,1.0
24235,85.39203,1.0,0.0037664783,1.0,,,1.0
24236,74.48423,1.0,0.015503876,1.0,,,1.0
24237,20.330032,1.0,0.0,1.0,,,1.0
24238,38.268024,1.0,0.005540166,1.0,,,1.0
24239,44.676476,1.0,0.0,1.0,,,1.0
24240,48.90187,1.0,0.0,1.0,,,1.0
24241,20.897692,1.0,0.0,1.0,,,1.0
24242,38.545357,1.0,0.0069444445,1.0,,,1.0
24243,61.361763,1.0,0.009569378,1.0,,,1.0
24244,7.107679,1.0,0.0,1.0,,,1.0
24245,66.09364,1.0,0.00754717,1.0,,,1.0
24246,39.538147,1.0,0.00877193,1.0,,,1.0
24247,11.770379,1.0,0.0,1.0,,,1.0
24248,37.10791,1.0,0.014084507,1.0,,,1.0
24249,25.848244,1.0,0.024390243,1.0,,,1.0
24250,7.076908,1.0,0.0,1.0,,,1.0
24251,27.416014,1.0,0.017857144,1.0,,,1.0
24252,37.615612,1.0,0.0088495575,1.0,,,1.0
24253,55.010258,1.0,0.010869565,1.0,,,1.0
24254,67.00446,1.0,0.006369427,1.0,,,1.0
24255,11.332186,1.0,0.015625,1.0,,,1.0
24256,22.316236,1.0,0.012820513,1.0,,,1.0
24257,65.10116,1.0,0.013157895,1.0,,,1.0
24258,53.07025,1.0,0.0,1.0,,,1.0
24259,50.277218,1.0,0.012738854,1.0,,,1.0
24260,57.009228,1.0,0.032258064,1.0,,,1.0
24261,43.528442,1.0,0.008032128,1.0,,,1.0
24262,4.8516703,1.0,0.005,1.0,,,1.0
24263,22.641968,1.0,0.0,1.0,,,1.0
24264,76.26888,1.0,0.006666667,1.0,,,1.0
24265,17.221462,1.0,0.012903226,1.0,,,1.0
24266,4.73508,1.0,0.003773585,1.0,,,1.0
24267,52.174686,1.0,0.0,1.0,,,1.0
24268,15.734167,1.0,0.0,1.0,,,1.0
24269,34.88508,1.0,0.0,1.0,,,1.0
24270,40.274933,1.0,0.007633588,1.0,,,1.0
24271,55.052856,1.0,0.003508772,1.0,,,1.0
24272,7.4338923,1.0,0.0,1.0,,,1.0
24273,4.100144,1.0,0.0,1.0,,,1.0
24274,36.548706,1.0,0.0033444816,1.0,,,1.0
24275,15.734494,1.0,0.0,1.0,,,1.0
24276,81.30377,1.0,0.010204081,1.0,,,1.0
24277,71.00416,1.0,0.004115226,1.0,,,1.0
24278,42.09108,1.0,0.008403362,1.0,,,1.0
24279,20.569935,1.0,0.015267176,1.0,,,1.0
24280,10.2914295,1.0,0.008658009,1.0,,,1.0
24281,36.802784,1.0,0.008474576,1.0,,,1.0
24282,22.731928,1.0,0.01923077,1.0,,,1.0
24283,47.030117,1.0,0.027027028,1.0,,,1.0
24284,35.344078,1.0,0.0036363637,1.0,,,1.0
24285,9.446992,1.0,0.0,1.0,,,1.0
24286,8.86182,1.0,0.0,1.0,,,1.0
24287,6.602537,1.0,0.004950495,1.0,,,1.0
24288,14.169033,1.0,0.006472492,1.0,,,1.0
24289,58.682476,1.0,0.0070921984,1.0,,,1.0
24290,19.011799,1.0,0.0068728523,1.0,,,1.0
24291,86.9146,1.0,0.013157895,1.0,,,1.0
24292,55.581814,1.0,0.0,1.0,,,1.0
24293,3.199803,1.0,0.0,1.0,,,1.0
24294,25.878626,1.0,0.016666668,1.0,,,1.0
24295,32.836216,1.0,0.012658228,1.0,,,1.0
24296,1.4246854,1.0,0.0,1.0,,,1.0
24297,23.667639,1.0,0.0,1.0,,,1.0
24298,19.743355,1.0,0.013513514,1.0,,,1.0
24299,4.127383,1.0,0.025641026,1.0,,,1.0
24300,33.450512,1.0,0.0072727273,1.0,,,1.0
24301,8.867181,1.0,0.0,1.0,,,1.0
24302,71.00416,1.0,0.006993007,1.0,,,1.0
24303,10.0774,1.0,0.0,1.0,,,1.0
24304,42.433804,1.0,0.0,1.0,,,1.0
24305,25.49416,1.0,0.0,1.0,,,1.0
24306,26.583462,1.0,0.009852217,1.0,,,1.0
24307,5.254825,1.0,0.0,1.0,,,1.0
24308,0.8557256,1.0,0.0032786885,1.0,,,1.0
24309,124.35362,1.0,0.0,1.0,,,1.0
24310,22.300467,1.0,0.010309278,1.0,,,1.0
24311,4.139856,1.0,0.010526316,1.0,,,1.0
24312,29.339872,1.0,0.007633588,1.0,,,1.0
24313,50.381268,1.0,0.0028490028,1.0,,,1.0
24314,6.356737,1.0,0.0,1.0,,,1.0
24315,66.69815,1.0,0.003220612,1.0,,,1.0
24316,48.740227,1.0,0.021276595,1.0,,,1.0
24317,19.924585,1.0,0.0,1.0,,,1.0
24318,53.47464,1.0,0.0017636684,1.0,,,1.0
24319,41.246243,1.0,0.0070422534,1.0,,,1.0
24320,33.08499,1.0,0.002624672,1.0,,,1.0
24321,9.233019,1.0,0.0,1.0,,,1.0
24322,6.1657777,1.0,0.0,1.0,,,1.0
24323,93.257744,1.0,0.0027855153,1.0,,,1.0
24324,58.884464,1.0,0.010309278,1.0,,,1.0
24325,10.417367,1.0,0.0026666666,1.0,,,1.0
24326,41.66026,1.0,0.0,1.0,,,1.0
24327,40.818283,1.0,0.008,1.0,,,1.0
24328,10.292553,1.0,0.0,1.0,,,1.0
24329,71.75185,1.0,0.008368201,1.0,,,1.0
24330,20.437895,1.0,0.01,1.0,,,1.0
24331,63.443348,1.0,0.008928572,1.0,,,1.0
24332,17.61155,1.0,0.0,1.0,,,1.0
24333,55.66456,1.0,0.007434944,1.0,,,1.0
24334,59.740917,1.0,0.0,1.0,,,1.0
24335,33.13557,1.0,0.007352941,1.0,,,1.0
24336,15.077546,1.0,0.01,1.0,,,1.0
24337,43.452435,1.0,0.005602241,1.0,,,1.0
24338,30.517681,1.0,0.00990099,1.0,,,1.0
24339,59.164825,1.0,0.051282052,1.0,,,1.0
24340,7.1522684,1.0,0.0,1.0,,,1.0
24341,9.62606,1.0,0.019607844,1.0,,,1.0
24342,27.06299,1.0,0.0056497175,1.0,,,1.0
24343,5.9358444,1.0,0.0,1.0,,,1.0
24344,25.297274,1.0,0.0,1.0,,,1.0
24345,32.74656,1.0,0.0,1.0,,,1.0
24346,25.49425,1.0,0.0,1.0,,,1.0
24347,33.751427,1.0,0.021276595,1.0,,,1.0
24348,31.83337,1.0,0.014492754,1.0,,,1.0
24349,32.38077,1.0,0.014925373,1.0,,,1.0
24350,38.43795,1.0,0.00862069,1.0,,,1.0
24351,56.551052,1.0,0.0034364262,1.0,,,1.0
24352,63.615448,1.0,0.0,1.0,,,1.0
24353,70.227974,1.0,0.004166667,1.0,,,1.0
24354,32.008953,1.0,0.010526316,1.0,,,1.0
24355,41.109066,1.0,0.014285714,1.0,,,1.0
24356,32.082397,1.0,0.006849315,1.0,,,1.0
24357,112.43434,1.0,0.016,1.0,,,1.0
24358,27.358868,1.0,0.014492754,1.0,,,1.0
24359,9.081582,1.0,0.0,1.0,,,1.0
24360,53.054295,1.0,0.0,1.0,,,1.0
24361,6.5273986,1.0,0.0,1.0,,,1.0
24362,32.233627,1.0,0.020833334,1.0,,,1.0
24363,30.517681,1.0,0.0,1.0,,,1.0
24364,54.970505,1.0,0.010526316,1.0,,,1.0
24365,38.605515,1.0,0.0,1.0,,,1.0
24366,6.2766943,1.0,0.0,1.0,,,1.0
24367,29.171177,1.0,0.0057803467,1.0,,,1.0
24368,18.226812,1.0,0.010204081,1.0,,,1.0
24369,48.50151,1.0,0.011764706,1.0,,,1.0
24370,100.17136,1.0,0.032258064,1.0,,,1.0
24371,50.154015,1.0,0.02247191,1.0,,,1.0
24372,104.55939,1.0,0.0061728396,1.0,,,1.0
24373,45.66446,1.0,0.020408163,1.0,,,1.0
24374,10.914925,1.0,0.0,1.0,,,1.0
24375,35.462036,1.0,0.026666667,1.0,,,1.0
24376,15.640654,1.0,0.071428575,1.0,,,1.0
24377,2.9382298,1.0,0.0057803467,1.0,,,1.0
24378,15.184995,1.0,0.0,1.0,,,1.0
24379,39.252228,1.0,0.008264462,1.0,,,1.0
24380,36.261192,1.0,0.011235955,1.0,,,1.0
24381,48.55921,1.0,0.014084507,1.0,,,1.0
24382,3.6952112,1.0,0.0,1.0,,,1.0
24383,16.23779,1.0,0.0,1.0,,,1.0
24384,20.025188,1.0,0.006134969,1.0,,,1.0
24385,3.453421,1.0,0.0,1.0,,,1.0
24386,25.002401,1.0,0.01,1.0,,,1.0
24387,7.744138,1.0,0.057142857,1.0,,,1.0
24388,80.45577,1.0,0.003937008,1.0,,,1.0
24389,25.829971,1.0,0.005263158,1.0,,,1.0
24390,14.26171,1.0,0.015384615,1.0,,,1.0
24391,13.722892,1.0,0.013513514,1.0,,,1.0
24392,32.76053,1.0,0.0,1.0,,,1.0
24393,31.141136,1.0,0.0,1.0,,,1.0
24394,63.79785,1.0,0.0091743115,1.0,,,1.0
24395,11.927629,1.0,0.012987013,1.0,,,1.0
24396,18.049849,1.0,0.0057803467,1.0,,,1.0
24397,15.292614,1.0,0.002770083,1.0,,,1.0
24398,19.006784,1.0,0.013513514,1.0,,,1.0
24399,61.799316,1.0,0.0,1.0,,,1.0
24400,117.691864,1.0,0.005154639,1.0,,,1.0
24401,55.254353,1.0,0.0072727273,1.0,,,1.0
24402,13.785668,1.0,0.004878049,1.0,,,1.0
24403,42.670406,1.0,0.0,1.0,,,1.0
24404,79.94795,1.0,0.00990099,1.0,,,1.0
24405,8.650054,1.0,0.0029325513,1.0,,,1.0
24406,23.532372,1.0,0.0,1.0,,,1.0
24407,19.484348,1.0,0.0067114094,1.0,,,1.0
24408,51.34904,1.0,0.015384615,1.0,,,1.0
24409,24.143202,1.0,0.0124223605,1.0,,,1.0
24410,57.181202,1.0,0.0,1.0,,,1.0
24411,12.667369,1.0,0.0,1.0,,,1.0
24412,80.03177,1.0,0.005988024,1.0,,,1.0
24413,17.047565,1.0,0.0012180269,1.0,,,1.0
24414,5.4896626,1.0,0.011235955,1.0,,,1.0
24415,62.089314,1.0,0.0070422534,1.0,,,1.0
24416,101.642006,1.0,0.0,1.0,,,1.0
24417,39.381508,1.0,0.0055555557,1.0,,,1.0
24418,30.345688,1.0,0.015748031,1.0,,,1.0
24419,22.994444,1.0,0.04255319,1.0,,,1.0
24420,26.844906,1.0,0.008,1.0,,,1.0
24421,57.67615,1.0,0.0067114094,1.0,,,1.0
24422,24.143202,1.0,0.011111111,1.0,,,1.0
24423,25.938126,1.0,0.0,1.0,,,1.0
24424,30.398499,1.0,0.0,1.0,,,1.0
24425,59.166702,1.0,0.010256411,1.0,,,1.0
24426,102.88374,1.0,0.0024937657,1.0,,,1.0
24427,85.54174,1.0,0.0,1.0,,,1.0
24428,40.51056,1.0,0.007843138,1.0,,,1.0
24429,54.11786,1.0,0.012820513,1.0,,,1.0
24430,27.253378,1.0,0.0032894737,1.0,,,1.0
24431,3.596065,1.0,0.025641026,1.0,,,1.0
24432,9.895033,1.0,0.011235955,1.0,,,1.0
24433,23.861872,1.0,0.025974026,1.0,,,1.0
24434,55.412785,1.0,0.008810572,1.0,,,1.0
24435,23.097351,1.0,0.004255319,1.0,,,1.0
24436,7.357517,1.0,0.00729927,1.0,,,1.0
24437,31.287855,1.0,0.01754386,1.0,,,1.0
24438,46.33236,1.0,0.0040816325,1.0,,,1.0
24439,93.26041,1.0,0.0,1.0,,,1.0
24440,19.816198,1.0,0.0,1.0,,,1.0
24441,31.676895,1.0,0.0036363637,1.0,,,1.0
24442,66.482666,1.0,0.0038610038,1.0,,,1.0
24443,38.605515,1.0,0.008,1.0,,,1.0
24444,3.654637,1.0,0.0,1.0,,,1.0
24445,2.6361423,1.0,0.0,1.0,,,1.0
24446,24.677889,1.0,0.01183432,1.0,,,1.0
24447,15.458066,1.0,0.014925373,1.0,,,1.0
24448,14.970981,1.0,0.006849315,1.0,,,1.0
24449,17.3507,1.0,0.01010101,1.0,,,1.0
24450,45.536263,1.0,0.004524887,1.0,,,1.0
24451,36.47682,1.0,0.0,1.0,,,1.0
24452,37.56037,1.0,0.0064935065,1.0,,,1.0
24453,13.538914,1.0,0.0058139535,1.0,,,1.0
24454,32.75164,1.0,0.0,1.0,,,1.0
24455,29.79571,1.0,0.0088495575,1.0,,,1.0
24456,51.6686,1.0,0.008196721,1.0,,,1.0
24457,43.36274,1.0,0.009345794,1.0,,,1.0
24458,57.555965,1.0,0.0043668123,1.0,,,1.0
24459,14.066858,1.0,0.0,1.0,,,1.0
24460,53.47464,1.0,0.0,1.0,,,1.0
24461,22.413727,1.0,0.0,1.0,,,1.0
24462,48.210796,1.0,0.011976048,1.0,,,1.0
24463,29.128477,1.0,0.00952381,1.0,,,1.0
24464,26.339779,1.0,0.013157895,1.0,,,1.0
24465,106.4167,1.0,0.0062305294,1.0,,,1.0
24466,77.65414,1.0,0.003690037,1.0,,,1.0
24467,33.345943,1.0,0.014285714,1.0,,,1.0
24468,16.506775,1.0,0.0,1.0,,,1.0
24469,33.19042,1.0,0.0,1.0,,,1.0
24470,5.936295,1.0,0.0,1.0,,,1.0
24471,19.816198,1.0,0.022988506,1.0,,,1.0
24472,34.06485,1.0,0.008583691,1.0,,,1.0
24473,66.375374,1.0,0.0,1.0,,,1.0
24474,11.806811,1.0,0.015503876,1.0,,,1.0
24475,97.870995,1.0,0.01438849,1.0,,,1.0
24476,34.06485,1.0,0.00862069,1.0,,,1.0
24477,36.19504,1.0,0.0,1.0,,,1.0
24478,31.090446,1.0,0.010309278,1.0,,,1.0
24479,9.50374,1.0,0.003929273,1.0,,,1.0
24480,35.419224,1.0,0.0036231885,1.0,,,1.0
24481,17.862709,1.0,0.004385965,1.0,,,1.0
24482,11.914865,1.0,0.012658228,1.0,,,1.0
24483,51.72345,1.0,0.010526316,1.0,,,1.0
24484,17.851648,1.0,0.0,1.0,,,1.0
24485,7.073308,1.0,0.0,1.0,,,1.0
24486,47.17457,1.0,0.0,1.0,,,1.0
24487,39.380566,1.0,0.0030395137,1.0,,,1.0
24488,5.5661783,1.0,0.0,1.0,,,1.0
24489,49.648373,1.0,0.004576659,1.0,,,1.0
24490,115.54238,1.0,0.0038834952,1.0,,,1.0
24491,42.83199,1.0,0.00896861,1.0,,,1.0
24492,75.27209,1.0,0.008064516,1.0,,,1.0
24493,76.92152,1.0,0.01010101,1.0,,,1.0
24494,48.344757,1.0,0.0,1.0,,,1.0
24495,18.291834,1.0,0.005076142,1.0,,,1.0
24496,16.408041,1.0,0.04761905,1.0,,,1.0
24497,40.818283,1.0,0.01438849,1.0,,,1.0
24498,37.09724,1.0,0.0038610038,1.0,,,1.0
24499,32.40112,1.0,0.044444446,1.0,,,1.0
24500,83.9123,1.0,0.004201681,1.0,,,1.0
24501,7.4586225,1.0,0.023809524,1.0,,,1.0
24502,41.959114,1.0,0.0065789474,1.0,,,1.0
24503,78.47665,1.0,0.005988024,1.0,,,1.0
24504,24.483389,1.0,0.0,1.0,,,1.0
24505,12.37858,1.0,0.023809524,1.0,,,1.0
24506,4.911495,1.0,0.0,1.0,,,1.0
24507,49.504684,1.0,0.002967359,1.0,,,1.0
24508,33.504845,1.0,0.015748031,1.0,,,1.0
24509,19.733622,1.0,0.0,1.0,,,1.0
24510,17.593369,1.0,0.020833334,1.0,,,1.0
24511,21.349707,1.0,0.011494253,1.0,,,1.0
24512,44.855648,1.0,0.0,1.0,,,1.0
24513,11.429759,1.0,0.051282052,1.0,,,1.0
24514,8.57208,1.0,0.011049724,1.0,,,1.0
24515,24.132084,1.0,0.0,1.0,,,1.0
24516,58.724476,1.0,0.0070921984,1.0,,,1.0
24517,70.76439,1.0,0.008064516,1.0,,,1.0
24518,44.54079,1.0,0.013793103,1.0,,,1.0
24519,5.072774,1.0,0.013888889,1.0,,,1.0
24520,38.98328,1.0,0.00877193,1.0,,,1.0
24521,39.306293,1.0,0.009756098,1.0,,,1.0
24522,10.2914295,1.0,0.004651163,1.0,,,1.0
24523,35.712788,1.0,0.00896861,1.0,,,1.0
24524,38.605515,1.0,0.00896861,1.0,,,1.0
24525,37.873116,1.0,0.0,1.0,,,1.0
24526,26.583462,1.0,0.007194245,1.0,,,1.0
24527,36.355564,1.0,0.0,1.0,,,1.0
24528,32.872955,1.0,0.0,1.0,,,1.0
24529,27.44689,1.0,0.0019723866,1.0,,,1.0
24530,8.974204,1.0,0.0,1.0,,,1.0
24531,43.869236,1.0,0.0055555557,1.0,,,1.0
24532,88.78885,1.0,0.009615385,1.0,,,1.0
24533,69.323784,1.0,0.010869565,1.0,,,1.0
24534,87.21102,1.0,0.004651163,1.0,,,1.0
24535,7.877853,1.0,0.008,1.0,,,1.0
24536,9.814813,1.0,0.0074074073,1.0,,,1.0
24537,81.40033,1.0,0.010050251,1.0,,,1.0
24538,17.680567,1.0,0.0,1.0,,,1.0
24539,59.89199,1.0,0.032258064,1.0,,,1.0
24540,47.44271,1.0,0.0024038462,1.0,,,1.0
24541,49.098423,1.0,0.0,1.0,,,1.0
24542,20.112333,1.0,0.0,1.0,,,1.0
24543,81.453354,1.0,0.0054054055,1.0,,,1.0
24544,17.94387,1.0,0.0,1.0,,,1.0
24545,8.540623,1.0,0.024096385,1.0,,,1.0
24546,21.264977,1.0,0.003533569,1.0,,,1.0
24547,37.615612,1.0,0.0072727273,1.0,,,1.0
24548,52.038982,1.0,0.008097166,1.0,,,1.0
24549,17.71004,1.0,0.0,1.0,,,1.0
24550,31.247925,1.0,0.0,1.0,,,1.0
24551,106.4167,1.0,0.0048076925,1.0,,,1.0
24552,4.60416,1.0,0.0,1.0,,,1.0
24553,25.700184,1.0,0.0,1.0,,,1.0
24554,13.907254,1.0,0.0,1.0,,,1.0
24555,68.78812,1.0,0.004338395,1.0,,,1.0
24556,3.4421377,1.0,0.0051020407,1.0,,,1.0
24557,42.958508,1.0,0.0,1.0,,,1.0
24558,6.9287057,1.0,0.0,1.0,,,1.0
24559,12.071023,1.0,0.0,1.0,,,1.0
24560,32.000538,1.0,0.009708738,1.0,,,1.0
24561,1.9907964,1.0,0.0,1.0,,,1.0
24562,5.1881576,1.0,0.0,1.0,,,1.0
24563,50.154015,1.0,0.0034843206,1.0,,,1.0
24564,46.875473,1.0,0.0,1.0,,,1.0
24565,85.426926,1.0,0.009615385,1.0,,,1.0
24566,30.518845,1.0,0.0056657223,1.0,,,1.0
24567,99.97798,1.0,0.011235955,1.0,,,1.0
24568,15.729678,1.0,0.0,1.0,,,1.0
24569,81.30124,1.0,0.012903226,1.0,,,1.0
24570,30.460304,1.0,0.0,1.0,,,1.0
24571,5.6301913,1.0,0.0,1.0,,,1.0
24572,21.821314,1.0,0.0,1.0,,,1.0
24573,85.54174,1.0,0.004705882,1.0,,,1.0
24574,9.020291,1.0,0.0,1.0,,,1.0
24575,17.221462,1.0,0.0072727273,1.0,,,1.0
24576,16.938007,1.0,0.009259259,1.0,,,1.0
24577,51.027836,1.0,0.0025445293,1.0,,,1.0
24578,19.031137,1.0,0.0093896715,1.0,,,1.0
24579,85.775536,1.0,0.00952381,1.0,,,1.0
24580,17.151144,1.0,0.0,1.0,,,1.0
24581,18.76394,1.0,0.005586592,1.0,,,1.0
24582,37.820805,1.0,0.009569378,1.0,,,1.0
24583,41.873383,1.0,0.0091743115,1.0,,,1.0
24584,10.120346,1.0,0.01,1.0,,,1.0
24585,10.338918,1.0,0.15384616,1.0,,,1.0
24586,26.62647,1.0,0.005319149,1.0,,,1.0
24587,58.550465,1.0,0.0058479533,1.0,,,1.0
24588,40.818283,1.0,0.018691588,1.0,,,1.0
24589,4.981664,1.0,0.0054347827,1.0,,,1.0
24590,43.676426,1.0,0.004889976,1.0,,,1.0
24591,108.342125,1.0,0.006779661,1.0,,,1.0
24592,16.994284,1.0,0.0,1.0,,,1.0
24593,18.384838,1.0,0.006369427,1.0,,,1.0
24594,21.321611,1.0,0.0069444445,1.0,,,1.0
24595,25.412148,1.0,0.007874016,1.0,,,1.0
24596,13.715927,1.0,0.035714287,1.0,,,1.0
24597,8.132355,1.0,0.024390243,1.0,,,1.0
24598,32.200317,1.0,0.006535948,1.0,,,1.0
24599,109.534454,1.0,0.0055710305,1.0,,,1.0
24600,43.452435,1.0,0.00486618,1.0,,,1.0
24601,11.467682,1.0,0.0,1.0,,,1.0
24602,41.03044,1.0,0.003076923,1.0,,,1.0
24603,37.45758,1.0,0.016129032,1.0,,,1.0
24604,72.75457,1.0,0.0,1.0,,,1.0
24605,29.145634,1.0,0.013986014,1.0,,,1.0
24606,9.445115,1.0,0.013333334,1.0,,,1.0
24607,4.4688644,1.0,0.0,1.0,,,1.0
24608,106.4167,1.0,0.007968128,1.0,,,1.0
24609,53.51324,1.0,0.015873017,1.0,,,1.0
24610,62.121014,1.0,0.0,1.0,,,1.0
24611,23.168713,1.0,0.020833334,1.0,,,1.0
24612,15.274217,1.0,0.012578616,1.0,,,1.0
24613,33.80733,1.0,0.0,1.0,,,1.0
24614,9.06116,1.0,0.005479452,1.0,,,1.0
24615,66.482666,1.0,0.0038535646,1.0,,,1.0
24616,3.3273473,1.0,0.0,1.0,,,1.0
24617,70.53568,1.0,0.012820513,1.0,,,1.0
24618,27.401033,1.0,0.011976048,1.0,,,1.0
24619,59.643055,1.0,0.004237288,1.0,,,1.0
24620,35.480804,1.0,0.0,1.0,,,1.0
24621,18.392775,1.0,0.0,1.0,,,1.0
24622,19.968933,1.0,0.0,1.0,,,1.0
24623,72.904945,1.0,0.0068965517,1.0,,,1.0
24624,8.563146,1.0,0.0,1.0,,,1.0
24625,7.5880694,1.0,0.0,1.0,,,1.0
24626,9.280605,1.0,0.0,1.0,,,1.0
24627,14.178438,1.0,0.016129032,1.0,,,1.0
24628,45.026672,1.0,0.011904762,1.0,,,1.0
24629,10.715193,1.0,0.0,1.0,,,1.0
24630,89.88506,1.0,0.01459854,1.0,,,1.0
24631,11.718223,1.0,0.005988024,1.0,,,1.0
24632,6.3962793,1.0,0.0,1.0,,,1.0
24633,54.69655,1.0,0.004672897,1.0,,,1.0
24634,17.130257,1.0,0.0035587188,1.0,,,1.0
24635,102.05991,1.0,0.0029325513,1.0,,,1.0
24636,16.523008,1.0,0.0,1.0,,,1.0
24637,38.53932,1.0,0.011235955,1.0,,,1.0
24638,17.424686,1.0,0.0,1.0,,,1.0
24639,66.09364,1.0,0.004878049,1.0,,,1.0
24640,21.408934,1.0,0.0,1.0,,,1.0
24641,8.505482,1.0,0.0025839794,1.0,,,1.0
24642,2.9059796,1.0,0.0,1.0,,,1.0
24643,8.438405,1.0,0.0,1.0,,,1.0
24644,34.24573,1.0,0.0,1.0,,,1.0
24645,80.108826,1.0,0.0054644807,1.0,,,1.0
24646,55.66456,1.0,0.005235602,1.0,,,1.0
24647,12.883763,1.0,0.0,1.0,,,1.0
24648,17.080246,1.0,0.0,1.0,,,1.0
24649,16.826746,1.0,0.003984064,1.0,,,1.0
24650,35.013527,1.0,0.004524887,1.0,,,1.0
24651,25.499916,1.0,0.006289308,1.0,,,1.0
24652,20.501278,1.0,0.0,1.0,,,1.0
24653,66.481125,1.0,0.0042462847,1.0,,,1.0
24654,14.988053,1.0,0.0,1.0,,,1.0
24655,42.601368,1.0,0.005319149,1.0,,,1.0
24656,14.280531,1.0,0.005263158,1.0,,,1.0
24657,21.030607,1.0,0.010752688,1.0,,,1.0
24658,45.2774,1.0,0.025316456,1.0,,,1.0
24659,47.869267,1.0,0.007874016,1.0,,,1.0
24660,19.577953,1.0,0.0077220076,1.0,,,1.0
24661,10.839958,1.0,0.015873017,1.0,,,1.0
24662,14.17463,1.0,0.027027028,1.0,,,1.0
24663,25.325775,1.0,0.0,1.0,,,1.0
24664,29.793516,1.0,0.009852217,1.0,,,1.0
24665,49.520912,1.0,0.0019305019,1.0,,,1.0
24666,2.5785956,1.0,0.0,1.0,,,1.0
24667,112.634705,1.0,0.0032894737,1.0,,,1.0
24668,35.30824,1.0,0.011494253,1.0,,,1.0
24669,13.199777,1.0,0.0,1.0,,,1.0
24670,16.250355,1.0,0.013422819,1.0,,,1.0
24671,3.8213198,1.0,0.0,1.0,,,1.0
24672,27.44689,1.0,0.013793103,1.0,,,1.0
24673,15.541981,1.0,0.013986014,1.0,,,1.0
24674,2.9385405,1.0,0.0,1.0,,,1.0
24675,7.7050233,1.0,0.017699115,1.0,,,1.0
24676,11.047302,1.0,0.02173913,1.0,,,1.0
24677,17.190779,1.0,0.0036231885,1.0,,,1.0
24678,8.851355,1.0,0.0,1.0,,,1.0
24679,19.930353,1.0,0.0062111802,1.0,,,1.0
24680,16.645771,1.0,0.019607844,1.0,,,1.0
24681,73.42956,1.0,0.0068259384,1.0,,,1.0
24682,31.79395,1.0,0.021052632,1.0,,,1.0
24683,5.7220106,1.0,0.0,1.0,,,1.0
24684,42.433804,1.0,0.00896861,1.0,,,1.0
24685,17.160767,1.0,0.006060606,1.0,,,1.0
24686,80.49888,1.0,0.007194245,1.0,,,1.0
24687,26.439705,1.0,0.008403362,1.0,,,1.0
24688,21.482412,1.0,0.015748031,1.0,,,1.0
24689,43.865376,1.0,0.0,1.0,,,1.0
24690,29.71264,1.0,0.0070422534,1.0,,,1.0
24691,39.496872,1.0,0.029411765,1.0,,,1.0
24692,80.49888,1.0,0.014705882,1.0,,,1.0
24693,106.12697,1.0,0.0,1.0,,,1.0
24694,75.0706,1.0,0.0057471264,1.0,,,1.0
24695,45.39266,1.0,0.00952381,1.0,,,1.0
24696,33.258663,1.0,0.0059701493,1.0,,,1.0
24697,9.226552,1.0,0.0,1.0,,,1.0
24698,11.311873,1.0,0.0,1.0,,,1.0
24699,16.053251,1.0,0.027027028,1.0,,,1.0
24700,50.20582,1.0,0.0068965517,1.0,,,1.0
24701,13.699568,1.0,0.0,1.0,,,1.0
24702,41.959114,1.0,0.006451613,1.0,,,1.0
24703,25.659761,1.0,0.005934718,1.0,,,1.0
24704,4.2779646,1.0,0.0,1.0,,,1.0
24705,1.4781412,1.0,0.0047393367,1.0,,,1.0
24706,16.242645,1.0,0.0,1.0,,,1.0
24707,31.721066,1.0,0.0,1.0,,,1.0
24708,9.170343,1.0,0.025,1.0,,,1.0
24709,13.9931135,1.0,0.015873017,1.0,,,1.0
24710,57.555965,1.0,0.008438818,1.0,,,1.0
24711,56.72165,1.0,0.008097166,1.0,,,1.0
24712,9.752502,1.0,0.007874016,1.0,,,1.0
24713,18.248724,1.0,0.0,1.0,,,1.0
24714,106.25835,1.0,0.012903226,1.0,,,1.0
24715,21.353016,1.0,0.018691588,1.0,,,1.0
24716,44.199844,1.0,0.030303031,1.0,,,1.0
24717,8.36786,1.0,0.0,1.0,,,1.0
24718,89.88506,1.0,0.006116208,1.0,,,1.0
24719,68.33606,1.0,0.006289308,1.0,,,1.0
24720,42.433804,1.0,0.008733625,1.0,,,1.0
24721,26.936724,1.0,0.00952381,1.0,,,1.0
24722,73.267296,1.0,0.0036363637,1.0,,,1.0
24723,10.58089,1.0,0.0,1.0,,,1.0
24724,31.287855,1.0,0.011363637,1.0,,,1.0
24725,77.17307,1.0,0.0,1.0,,,1.0
24726,17.991966,1.0,0.006289308,1.0,,,1.0
24727,19.970177,1.0,0.007633588,1.0,,,1.0
24728,29.266802,1.0,0.0,1.0,,,1.0
24729,52.085163,1.0,0.001934236,1.0,,,1.0
24730,16.566917,1.0,0.03448276,1.0,,,1.0
24731,31.414385,1.0,0.0,1.0,,,1.0
24732,50.27301,1.0,0.014705882,1.0,,,1.0
24733,13.657829,1.0,0.006430868,1.0,,,1.0
24734,13.366343,1.0,0.010309278,1.0,,,1.0
24735,21.247622,1.0,0.014925373,1.0,,,1.0
24736,68.1871,1.0,0.006802721,1.0,,,1.0
24737,35.05502,1.0,0.0,1.0,,,1.0
24738,4.0519733,1.0,0.0049751243,1.0,,,1.0
24739,8.950486,1.0,0.0,1.0,,,1.0
24740,6.605809,1.0,0.0,1.0,,,1.0
24741,42.670406,1.0,0.0038461538,1.0,,,1.0
24742,4.5229816,1.0,0.011764706,1.0,,,1.0
24743,12.370679,1.0,0.0,1.0,,,1.0
24744,25.297274,1.0,0.011049724,1.0,,,1.0
24745,6.4633512,1.0,0.0,1.0,,,1.0
24746,11.005406,1.0,0.0,1.0,,,1.0
24747,21.29406,1.0,0.0033557047,1.0,,,1.0
24748,17.345606,1.0,0.0,1.0,,,1.0
24749,23.765238,1.0,0.0,1.0,,,1.0
24750,17.240332,1.0,0.009009009,1.0,,,1.0
24751,40.984673,1.0,0.002105263,1.0,,,1.0
24752,16.250273,1.0,0.05882353,1.0,,,1.0
24753,11.61208,1.0,0.01459854,1.0,,,1.0
24754,10.170442,1.0,0.0,1.0,,,1.0
24755,24.681133,1.0,0.006535948,1.0,,,1.0
24756,18.12767,1.0,0.011764706,1.0,,,1.0
24757,24.407019,1.0,0.0051020407,1.0,,,1.0
24758,39.596268,1.0,0.0093896715,1.0,,,1.0
24759,38.605515,1.0,0.019607844,1.0,,,1.0
24760,48.48685,1.0,0.008547009,1.0,,,1.0
24761,1.4061143,1.0,0.0,1.0,,,1.0
24762,114.3943,1.0,0.0068259384,1.0,,,1.0
24763,17.026337,1.0,0.0,1.0,,,1.0
24764,44.115444,1.0,0.004830918,1.0,,,1.0
24765,14.700169,1.0,0.0,1.0,,,1.0
24766,58.790627,1.0,0.011560693,1.0,,,1.0
24767,43.865376,1.0,0.007518797,1.0,,,1.0
24768,8.441886,1.0,0.011363637,1.0,,,1.0
24769,28.43654,1.0,0.012121212,1.0,,,1.0
24770,47.477283,1.0,0.007782101,1.0,,,1.0
24771,100.17136,1.0,0.004282655,1.0,,,1.0
24772,74.18345,1.0,0.008,1.0,,,1.0
24773,15.497237,1.0,0.001984127,1.0,,,1.0
24774,44.71084,1.0,0.008695652,1.0,,,1.0
24775,108.2672,1.0,0.006666667,1.0,,,1.0
24776,46.681614,1.0,0.008,1.0,,,1.0
24777,16.748564,1.0,0.0,1.0,,,1.0
24778,49.071426,1.0,0.0046296297,1.0,,,1.0
24779,41.39017,1.0,0.033898305,1.0,,,1.0
24780,20.063238,1.0,0.0054644807,1.0,,,1.0
24781,6.2339106,1.0,0.0,1.0,,,1.0
24782,11.837843,1.0,0.0,1.0,,,1.0
24783,24.433,1.0,0.0,1.0,,,1.0
24784,6.857017,1.0,0.004484305,1.0,,,1.0
24785,19.516108,1.0,0.0062695923,1.0,,,1.0
24786,56.689713,1.0,0.0,1.0,,,1.0
24787,43.690777,1.0,0.006535948,1.0,,,1.0
24788,25.356062,1.0,0.013888889,1.0,,,1.0
24789,4.796164,1.0,0.0,1.0,,,1.0
24790,33.76362,1.0,0.0,1.0,,,1.0
24791,57.09135,1.0,0.0091743115,1.0,,,1.0
24792,45.371925,1.0,0.0070921984,1.0,,,1.0
24793,8.08492,1.0,0.015873017,1.0,,,1.0
24794,28.946867,1.0,0.0,1.0,,,1.0
24795,21.77913,1.0,0.008928572,1.0,,,1.0
24796,68.1871,1.0,0.004651163,1.0,,,1.0
24797,21.424936,1.0,0.008403362,1.0,,,1.0
24798,4.2028346,1.0,0.0024752475,1.0,,,1.0
24799,3.534782,1.0,0.0,1.0,,,1.0
24800,34.468987,1.0,0.0,1.0,,,1.0
24801,13.21457,1.0,0.0,1.0,,,1.0
24802,40.613304,1.0,0.016260162,1.0,,,1.0
24803,2.7521362,1.0,0.0064102565,1.0,,,1.0
24804,2.3530848,1.0,0.0,1.0,,,1.0
24805,4.4075356,1.0,0.0,1.0,,,1.0
24806,33.612812,1.0,0.0,1.0,,,1.0
24807,20.203737,1.0,0.015873017,1.0,,,1.0
24808,16.443638,1.0,0.0035587188,1.0,,,1.0
24809,59.60921,1.0,0.0025252525,1.0,,,1.0
24810,28.003475,1.0,0.0,1.0,,,1.0
24811,58.97087,1.0,0.007751938,1.0,,,1.0
24812,45.2774,1.0,0.0024875621,1.0,,,1.0
24813,69.440056,1.0,0.007575758,1.0,,,1.0
24814,13.554958,1.0,0.004237288,1.0,,,1.0
24815,5.4344897,1.0,0.0,1.0,,,1.0
24816,76.92968,1.0,0.0,1.0,,,1.0
24817,90.34002,1.0,0.003690037,1.0,,,1.0
24818,0.8361865,1.0,0.0,1.0,,,1.0
24819,23.14426,1.0,0.0091743115,1.0,,,1.0
24820,22.151024,1.0,0.00990099,1.0,,,1.0
24821,30.193117,1.0,0.0035587188,1.0,,,1.0
24822,34.06618,1.0,0.00990099,1.0,,,1.0
24823,50.154434,1.0,0.012903226,1.0,,,1.0
24824,1.773491,1.0,0.006289308,1.0,,,1.0
24825,86.02153,1.0,0.009569378,1.0,,,1.0
24826,43.427776,1.0,0.0,1.0,,,1.0
24827,3.5736728,1.0,0.0,1.0,,,1.0
24828,6.9490037,1.0,0.010204081,1.0,,,1.0
24829,13.104199,1.0,0.015748031,1.0,,,1.0
24830,21.15729,1.0,0.007518797,1.0,,,1.0
24831,21.09312,1.0,0.003144654,1.0,,,1.0
24832,9.814813,1.0,0.0,1.0,,,1.0
24833,83.95971,1.0,0.0040816325,1.0,,,1.0
24834,52.808224,1.0,0.006535948,1.0,,,1.0
24835,21.68584,1.0,0.0,1.0,,,1.0
24836,16.837341,1.0,0.0,1.0,,,1.0
24837,46.373108,1.0,0.011764706,1.0,,,1.0
24838,5.335041,1.0,0.025641026,1.0,,,1.0
24839,12.663508,1.0,0.0,1.0,,,1.0
24840,15.372381,1.0,0.0056179776,1.0,,,1.0
24841,48.93671,1.0,0.01459854,1.0,,,1.0
24842,8.311778,1.0,0.0036363637,1.0,,,1.0
24843,12.611394,1.0,0.0,1.0,,,1.0
24844,55.27203,1.0,0.0124223605,1.0,,,1.0
24845,96.56541,1.0,0.003690037,1.0,,,1.0
24846,14.05879,1.0,0.02173913,1.0,,,1.0
24847,29.825748,1.0,0.0078125,1.0,,,1.0
24848,27.647724,1.0,0.05882353,1.0,,,1.0
24849,4.030438,1.0,0.0,1.0,,,1.0
24850,86.82055,1.0,0.025641026,1.0,,,1.0
24851,4.5075145,1.0,0.025641026,1.0,,,1.0
24852,49.443634,1.0,0.0116959065,1.0,,,1.0
24853,19.11791,1.0,0.0,1.0,,,1.0
24854,18.097738,1.0,0.0066225166,1.0,,,1.0
24855,126.36123,1.0,0.0050125313,1.0,,,1.0
24856,14.703046,1.0,0.01369863,1.0,,,1.0
24857,25.57826,1.0,0.0116959065,1.0,,,1.0
24858,51.93564,1.0,0.0032051282,1.0,,,1.0
24859,62.705486,1.0,0.0,1.0,,,1.0
24860,24.044283,1.0,0.04761905,1.0,,,1.0
24861,38.605515,1.0,0.021276595,1.0,,,1.0
24862,40.818283,1.0,0.0,1.0,,,1.0
24863,9.588086,1.0,0.0,1.0,,,1.0
24864,17.042133,1.0,0.007352941,1.0,,,1.0
24865,17.301376,1.0,0.0,1.0,,,1.0
24866,115.54238,1.0,0.006430868,1.0,,,1.0
24867,12.386882,1.0,0.003021148,1.0,,,1.0
24868,7.6262255,1.0,0.0067114094,1.0,,,1.0
24869,46.203773,1.0,0.017094018,1.0,,,1.0
24870,25.792208,1.0,0.016528925,1.0,,,1.0
24871,115.46164,1.0,0.009049774,1.0,,,1.0
24872,35.792465,1.0,0.014925373,1.0,,,1.0
24873,13.592775,1.0,0.054054055,1.0,,,1.0
24874,39.670803,1.0,0.003787879,1.0,,,1.0
24875,9.301244,1.0,0.0074626864,1.0,,,1.0
24876,23.04075,1.0,0.010638298,1.0,,,1.0
24877,56.20208,1.0,0.016393442,1.0,,,1.0
24878,43.126938,1.0,0.0029761905,1.0,,,1.0
24879,18.94404,1.0,0.0,1.0,,,1.0
24880,56.76366,1.0,0.01923077,1.0,,,1.0
24881,18.178839,1.0,0.0051282053,1.0,,,1.0
24882,32.25735,1.0,0.0,1.0,,,1.0
24883,12.099222,1.0,0.0012642225,1.0,,,1.0
24884,27.9347,1.0,0.009661836,1.0,,,1.0
24885,11.85304,1.0,0.0,1.0,,,1.0
24886,109.21901,1.0,0.011764706,1.0,,,1.0
24887,112.634705,1.0,0.0037313432,1.0,,,1.0
24888,97.18298,1.0,0.008,1.0,,,1.0
24889,46.32421,1.0,0.0,1.0,,,1.0
24890,23.002968,1.0,0.0,1.0,,,1.0
24891,48.210796,1.0,0.0,1.0,,,1.0
24892,33.977493,1.0,0.0022075055,1.0,,,1.0
24893,14.943771,1.0,0.0068965517,1.0,,,1.0
24894,21.539755,1.0,0.0,1.0,,,1.0
24895,55.27203,1.0,0.012269938,1.0,,,1.0
24896,88.20392,1.0,0.014084507,1.0,,,1.0
24897,12.122321,1.0,0.012820513,1.0,,,1.0
24898,56.85838,1.0,0.0,1.0,,,1.0
24899,4.7654037,1.0,0.0,1.0,,,1.0
24900,38.341583,1.0,0.0,1.0,,,1.0
24901,31.379911,1.0,0.0,1.0,,,1.0
24902,69.73952,1.0,0.0069444445,1.0,,,1.0
24903,78.61112,1.0,0.020833334,1.0,,,1.0
24904,24.840118,1.0,0.0,1.0,,,1.0
24905,75.317406,1.0,0.0,1.0,,,1.0
24906,10.824467,1.0,0.0057306592,1.0,,,1.0
24907,77.92276,1.0,0.0068965517,1.0,,,1.0
24908,16.622807,1.0,0.0064102565,1.0,,,1.0
24909,18.0773,1.0,0.0038535646,1.0,,,1.0
24910,51.34904,1.0,0.021276595,1.0,,,1.0
24911,77.521576,1.0,0.0070422534,1.0,,,1.0
24912,38.120075,1.0,0.025,1.0,,,1.0
24913,32.65515,1.0,0.015873017,1.0,,,1.0
24914,17.99455,1.0,0.010416667,1.0,,,1.0
24915,51.839165,1.0,0.016393442,1.0,,,1.0
24916,115.54238,1.0,0.011111111,1.0,,,1.0
24917,5.6113143,1.0,0.0032786885,1.0,,,1.0
24918,12.933343,1.0,0.0063897762,1.0,,,1.0
24919,89.88506,1.0,0.004640371,1.0,,,1.0
24920,33.721535,1.0,0.0,1.0,,,1.0
24921,41.11562,1.0,0.020833334,1.0,,,1.0
24922,29.222048,1.0,0.003787879,1.0,,,1.0
24923,6.166778,1.0,0.0,1.0,,,1.0
24924,12.962901,1.0,0.011764706,1.0,,,1.0
24925,31.98157,1.0,0.0,1.0,,,1.0
24926,33.95981,1.0,0.033898305,1.0,,,1.0
24927,18.849949,1.0,0.010471204,1.0,,,1.0
24928,19.222391,1.0,0.0034013605,1.0,,,1.0
24929,85.54174,1.0,0.002994012,1.0,,,1.0
24930,13.184698,1.0,0.0,1.0,,,1.0
24931,102.05991,1.0,0.0046296297,1.0,,,1.0
24932,17.80592,1.0,0.03773585,1.0,,,1.0
24933,46.002415,1.0,0.007968128,1.0,,,1.0
24934,54.884457,1.0,0.0,1.0,,,1.0
24935,30.353115,1.0,0.0040816325,1.0,,,1.0
24936,40.399334,1.0,0.0036101083,1.0,,,1.0
24937,5.1318965,1.0,0.0,1.0,,,1.0
24938,1.4836397,1.0,0.0,1.0,,,1.0
24939,24.273438,1.0,0.0061728396,1.0,,,1.0
24940,37.81681,1.0,0.009615385,1.0,,,1.0
24941,6.019398,1.0,0.0,1.0,,,1.0
24942,14.030464,1.0,0.00729927,1.0,,,1.0
24943,11.927468,1.0,0.0,1.0,,,1.0
24944,49.915157,1.0,0.0,1.0,,,1.0
24945,26.896175,1.0,0.0073260074,1.0,,,1.0
24946,18.867086,1.0,0.0,1.0,,,1.0
24947,9.973577,1.0,0.0,1.0,,,1.0
24948,55.549763,1.0,0.0072727273,1.0,,,1.0
24949,47.281834,1.0,0.0,1.0,,,1.0
24950,15.520515,1.0,0.0018348624,1.0,,,1.0
24951,24.86785,1.0,0.004576659,1.0,,,1.0
24952,60.758087,1.0,0.0066006603,1.0,,,1.0
24953,6.5687785,1.0,0.005988024,1.0,,,1.0
24954,25.882061,1.0,0.009708738,1.0,,,1.0
24955,24.723,1.0,0.0,1.0,,,1.0
24956,76.26888,1.0,0.0,1.0,,,1.0
24957,116.173706,1.0,0.0,1.0,,,1.0
24958,18.447407,1.0,0.0,1.0,,,1.0
24959,26.67058,1.0,0.006849315,1.0,,,1.0
24960,3.5619464,1.0,0.0052083335,1.0,,,1.0
24961,9.962406,1.0,0.024691358,1.0,,,1.0
24962,108.342125,1.0,0.0,1.0,,,1.0
24963,54.561714,1.0,0.0,1.0,,,1.0
24964,27.253378,1.0,0.002386635,1.0,,,1.0
24965,8.004041,1.0,0.0,1.0,,,1.0
24966,63.03454,1.0,0.0,1.0,,,1.0
24967,13.783965,1.0,0.025316456,1.0,,,1.0
24968,24.426115,1.0,0.0,1.0,,,1.0
24969,64.022675,1.0,0.012658228,1.0,,,1.0
24970,37.220436,1.0,0.0044444446,1.0,,,1.0
24971,30.952871,1.0,0.005988024,1.0,,,1.0
24972,20.348982,1.0,0.012345679,1.0,,,1.0
24973,48.546574,1.0,0.0054054055,1.0,,,1.0
24974,48.612003,1.0,0.0,1.0,,,1.0
24975,57.282772,1.0,0.0019607844,1.0,,,1.0
24976,50.05071,1.0,0.005076142,1.0,,,1.0
24977,49.67842,1.0,0.010752688,1.0,,,1.0
24978,36.13689,1.0,0.006134969,1.0,,,1.0
24979,27.891542,1.0,0.0,1.0,,,1.0
24980,37.186207,1.0,0.007194245,1.0,,,1.0
24981,9.192943,1.0,0.0,1.0,,,1.0
24982,14.997123,1.0,0.0,1.0,,,1.0
24983,3.6802619,1.0,0.0,1.0,,,1.0
24984,79.221214,1.0,0.0025839794,1.0,,,1.0
24985,21.230251,1.0,0.0057142857,1.0,,,1.0
24986,29.848951,1.0,0.00921659,1.0,,,1.0
24987,30.53755,1.0,0.007352941,1.0,,,1.0
24988,14.359159,1.0,0.008064516,1.0,,,1.0
24989,37.865128,1.0,0.0043572984,1.0,,,1.0
24990,5.54983,1.0,0.0,1.0,,,1.0
24991,25.49416,1.0,0.0052083335,1.0,,,1.0
24992,31.215162,1.0,0.018181818,1.0,,,1.0
24993,18.53049,1.0,0.005249344,1.0,,,1.0
24994,52.038982,1.0,0.0027777778,1.0,,,1.0
24995,40.580776,1.0,0.0030395137,1.0,,,1.0
24996,27.189682,1.0,0.0,1.0,,,1.0
24997,10.099489,1.0,0.060606062,1.0,,,1.0
24998,31.563461,1.0,0.0,1.0,,,1.0
24999,36.51394,1.0,0.006024096,1.0,,,1.0
25000,78.47665,1.0,0.01369863,1.0,,,1.0
25001,17.160767,1.0,0.017857144,1.0,,,1.0
25002,26.254536,1.0,0.0062111802,1.0,,,1.0
25003,10.547261,1.0,0.0,1.0,,,1.0
25004,15.602861,1.0,0.0,1.0,,,1.0
25005,3.4441762,1.0,0.0,1.0,,,1.0
25006,66.769264,1.0,0.0057971017,1.0,,,1.0
25007,23.045599,1.0,0.0,1.0,,,1.0
25008,38.484417,1.0,0.0036363637,1.0,,,1.0
25009,22.208775,1.0,0.0,1.0,,,1.0
25010,1.2684944,1.0,0.0,1.0,,,1.0
25011,14.246368,1.0,0.0,1.0,,,1.0
25012,50.20582,1.0,0.005376344,1.0,,,1.0
25013,22.03126,1.0,0.0,1.0,,,1.0
25014,115.54238,1.0,0.006006006,1.0,,,1.0
25015,59.80664,1.0,0.0,1.0,,,1.0
25016,42.433804,1.0,0.0061728396,1.0,,,1.0
25017,5.666222,1.0,0.0074626864,1.0,,,1.0
25018,32.561844,1.0,0.0056980057,1.0,,,1.0
25019,21.33177,1.0,0.015503876,1.0,,,1.0
25020,106.25835,1.0,0.011764706,1.0,,,1.0
25021,25.666985,1.0,0.021978023,1.0,,,1.0
25022,38.6258,1.0,0.012820513,1.0,,,1.0
25023,63.03454,1.0,0.020408163,1.0,,,1.0
25024,41.54876,1.0,0.0054644807,1.0,,,1.0
25025,4.1511807,1.0,0.0,1.0,,,1.0
25026,29.348307,1.0,0.002538071,1.0,,,1.0
25027,14.842461,1.0,0.0,1.0,,,1.0
25028,85.39203,1.0,0.0037313432,1.0,,,1.0
25029,29.480516,1.0,0.0,1.0,,,1.0
25030,27.592148,1.0,0.004524887,1.0,,,1.0
25031,32.128426,1.0,0.016393442,1.0,,,1.0
25032,68.17176,1.0,0.018518519,1.0,,,1.0
25033,13.485043,1.0,0.0019267823,1.0,,,1.0
25034,30.472588,1.0,0.02739726,1.0,,,1.0
25035,32.16524,1.0,0.0,1.0,,,1.0
25036,9.814813,1.0,0.0037313432,1.0,,,1.0
25037,16.24137,1.0,0.0,1.0,,,1.0
25038,19.378733,1.0,0.0,1.0,,,1.0
25039,33.302765,1.0,0.05882353,1.0,,,1.0
25040,36.13066,1.0,0.0,1.0,,,1.0
25041,6.405932,1.0,0.0,1.0,,,1.0
25042,27.347898,1.0,0.0036630037,1.0,,,1.0
25043,66.81842,1.0,0.004219409,1.0,,,1.0
25044,9.037322,1.0,0.0057306592,1.0,,,1.0
25045,27.253378,1.0,0.007662835,1.0,,,1.0
25046,59.4938,1.0,0.00952381,1.0,,,1.0
25047,19.592306,1.0,0.0044247787,1.0,,,1.0
25048,40.91182,1.0,0.0121951215,1.0,,,1.0
25049,36.161846,1.0,0.0,1.0,,,1.0
25050,44.951385,1.0,0.007843138,1.0,,,1.0
25051,38.940258,1.0,0.021276595,1.0,,,1.0
25052,3.880898,1.0,0.012987013,1.0,,,1.0
25053,10.2914295,1.0,0.006430868,1.0,,,1.0
25054,15.125833,1.0,0.012987013,1.0,,,1.0
25055,23.164492,1.0,0.0,1.0,,,1.0
25056,98.70822,1.0,0.0,1.0,,,1.0
25057,59.80664,1.0,0.0,1.0,,,1.0
25058,10.345575,1.0,0.0,1.0,,,1.0
25059,46.28599,1.0,0.0058139535,1.0,,,1.0
25060,24.482115,1.0,0.012820513,1.0,,,1.0
25061,47.07799,1.0,0.0,1.0,,,1.0
25062,23.282707,1.0,0.008810572,1.0,,,1.0
25063,73.504425,1.0,0.010638298,1.0,,,1.0
25064,94.27873,1.0,0.003322259,1.0,,,1.0
25065,7.3954434,1.0,0.0,1.0,,,1.0
25066,79.17712,1.0,0.0038095238,1.0,,,1.0
25067,11.332186,1.0,0.017857144,1.0,,,1.0
25068,21.25492,1.0,0.01369863,1.0,,,1.0
25069,9.734073,1.0,0.0,1.0,,,1.0
25070,74.078445,1.0,0.0063091484,1.0,,,1.0
25071,12.744813,1.0,0.0,1.0,,,1.0
25072,27.416014,1.0,0.0035460992,1.0,,,1.0
25073,9.397729,1.0,0.0066006603,1.0,,,1.0
25074,59.73874,1.0,0.010989011,1.0,,,1.0
25075,84.1685,1.0,0.008658009,1.0,,,1.0
25076,39.773018,1.0,0.009433962,1.0,,,1.0
25077,53.86719,1.0,0.0056818184,1.0,,,1.0
25078,15.710282,1.0,0.0040816325,1.0,,,1.0
25079,14.457653,1.0,0.0,1.0,,,1.0
25080,10.904931,1.0,0.0058479533,1.0,,,1.0
25081,24.132462,1.0,0.0,1.0,,,1.0
25082,6.1980896,1.0,0.0,1.0,,,1.0
25083,41.445866,1.0,0.012658228,1.0,,,1.0
25084,39.398098,1.0,0.029411765,1.0,,,1.0
25085,41.441708,1.0,0.0,1.0,,,1.0
25086,55.052856,1.0,0.008130081,1.0,,,1.0
25087,11.809041,1.0,0.023529412,1.0,,,1.0
25088,15.854267,1.0,0.0057803467,1.0,,,1.0
25089,102.72474,1.0,0.0046948357,1.0,,,1.0
25090,21.355864,1.0,0.012048192,1.0,,,1.0
25091,55.507927,1.0,0.01,1.0,,,1.0
25092,19.816198,1.0,0.0125,1.0,,,1.0
25093,63.829147,1.0,0.0058139535,1.0,,,1.0
25094,14.940424,1.0,0.016949153,1.0,,,1.0
25095,27.017624,1.0,0.004,1.0,,,1.0
25096,39.3626,1.0,0.014705882,1.0,,,1.0
25097,11.341791,1.0,0.006134969,1.0,,,1.0
25098,5.915169,1.0,0.0,1.0,,,1.0
25099,35.41428,1.0,0.011627907,1.0,,,1.0
25100,18.077206,1.0,0.015873017,1.0,,,1.0
25101,16.257109,1.0,0.009090909,1.0,,,1.0
25102,38.739883,1.0,0.003929273,1.0,,,1.0
25103,65.50862,1.0,0.0,1.0,,,1.0
25104,30.952871,1.0,0.0,1.0,,,1.0
25105,96.84659,1.0,0.006289308,1.0,,,1.0
25106,27.19665,1.0,0.0052083335,1.0,,,1.0
25107,27.34006,1.0,0.008130081,1.0,,,1.0
25108,73.75817,1.0,0.002915452,1.0,,,1.0
25109,75.32171,1.0,0.0057142857,1.0,,,1.0
25110,14.904296,1.0,0.0,1.0,,,1.0
25111,43.941647,1.0,0.0,1.0,,,1.0
25112,34.06485,1.0,0.011111111,1.0,,,1.0
25113,49.61073,1.0,0.0,1.0,,,1.0
25114,79.86068,1.0,0.027777778,1.0,,,1.0
25115,15.854267,1.0,0.011299435,1.0,,,1.0
25116,34.591675,1.0,0.010204081,1.0,,,1.0
25117,54.57973,1.0,0.0,1.0,,,1.0
25118,125.9227,1.0,0.009259259,1.0,,,1.0
25119,15.588434,1.0,0.0,1.0,,,1.0
25120,25.499916,1.0,0.0,1.0,,,1.0
25121,62.83131,1.0,0.004524887,1.0,,,1.0
25122,3.6503112,1.0,0.0,1.0,,,1.0
25123,66.288795,1.0,0.0093896715,1.0,,,1.0
25124,23.061047,1.0,0.029850746,1.0,,,1.0
25125,102.05991,1.0,0.004032258,1.0,,,1.0
25126,35.344078,1.0,0.0025,1.0,,,1.0
25127,26.726902,1.0,0.016393442,1.0,,,1.0
25128,30.739561,1.0,0.008196721,1.0,,,1.0
25129,8.612072,1.0,0.014084507,1.0,,,1.0
25130,11.757669,1.0,0.008403362,1.0,,,1.0
25131,18.53049,1.0,0.006756757,1.0,,,1.0
25132,20.71445,1.0,0.006430868,1.0,,,1.0
25133,10.632828,1.0,0.025641026,1.0,,,1.0
25134,34.849037,1.0,0.007751938,1.0,,,1.0
25135,43.676426,1.0,0.0,1.0,,,1.0
25136,23.470491,1.0,0.006535948,1.0,,,1.0
25137,86.611275,1.0,0.007518797,1.0,,,1.0
25138,116.13675,1.0,0.013605442,1.0,,,1.0
25139,38.739883,1.0,0.0124223605,1.0,,,1.0
25140,10.775877,1.0,0.016129032,1.0,,,1.0
25141,29.301908,1.0,0.03508772,1.0,,,1.0
25142,24.573772,1.0,0.0,1.0,,,1.0
25143,12.873835,1.0,0.0,1.0,,,1.0
25144,15.331136,1.0,0.0,1.0,,,1.0
25145,74.01742,1.0,0.003533569,1.0,,,1.0
25146,21.62871,1.0,0.018181818,1.0,,,1.0
25147,6.6987934,1.0,0.0,1.0,,,1.0
25148,17.160767,1.0,0.005882353,1.0,,,1.0
25149,38.605515,1.0,0.015625,1.0,,,1.0
25150,64.32761,1.0,0.00729927,1.0,,,1.0
25151,18.632347,1.0,0.0,1.0,,,1.0
25152,14.378158,1.0,0.0034602077,1.0,,,1.0
25153,6.060622,1.0,0.0,1.0,,,1.0
25154,39.993114,1.0,0.032786883,1.0,,,1.0
25155,104.3949,1.0,0.0,1.0,,,1.0
25156,49.87287,1.0,0.0072202166,1.0,,,1.0
25157,70.459526,1.0,0.00990099,1.0,,,1.0
25158,29.493286,1.0,0.0044247787,1.0,,,1.0
25159,5.6800966,1.0,0.009009009,1.0,,,1.0
25160,29.415401,1.0,0.0,1.0,,,1.0
25161,60.52878,1.0,0.0070422534,1.0,,,1.0
25162,27.44689,1.0,0.0039138943,1.0,,,1.0
25163,2.716761,1.0,0.04761905,1.0,,,1.0
25164,9.625806,1.0,0.005376344,1.0,,,1.0
25165,5.54983,1.0,0.0,1.0,,,1.0
25166,38.6258,1.0,0.005586592,1.0,,,1.0
25167,2.7726064,1.0,0.0,1.0,,,1.0
25168,56.998066,1.0,0.0062111802,1.0,,,1.0
25169,12.17557,1.0,0.002469136,1.0,,,1.0
25170,25.68008,1.0,0.018181818,1.0,,,1.0
25171,32.082397,1.0,0.035714287,1.0,,,1.0
25172,20.499077,1.0,0.0,1.0,,,1.0
25173,53.408028,1.0,0.006134969,1.0,,,1.0
25174,69.42076,1.0,0.006993007,1.0,,,1.0
25175,21.657558,1.0,0.00729927,1.0,,,1.0
25176,35.419224,1.0,0.009852217,1.0,,,1.0
25177,116.8653,1.0,0.007194245,1.0,,,1.0
25178,49.67842,1.0,0.011560693,1.0,,,1.0
25179,32.80597,1.0,0.0044247787,1.0,,,1.0
25180,14.955749,1.0,0.008130081,1.0,,,1.0
25181,23.667639,1.0,0.0057636886,1.0,,,1.0
25182,13.677422,1.0,0.0054945056,1.0,,,1.0
25183,16.909649,1.0,0.0,1.0,,,1.0
25184,12.7748785,1.0,0.00952381,1.0,,,1.0
25185,26.905436,1.0,0.0046948357,1.0,,,1.0
25186,85.719864,1.0,0.0067114094,1.0,,,1.0
25187,81.51754,1.0,0.0,1.0,,,1.0
25188,125.9227,1.0,0.006968641,1.0,,,1.0
25189,6.1427817,1.0,0.0,1.0,,,1.0
25190,64.16052,1.0,0.0064935065,1.0,,,1.0
25191,43.430492,1.0,0.0068728523,1.0,,,1.0
25192,17.470339,1.0,0.009803922,1.0,,,1.0
25193,48.068512,1.0,0.010050251,1.0,,,1.0
25194,108.342125,1.0,0.0053475937,1.0,,,1.0
25195,59.164825,1.0,0.02,1.0,,,1.0
25196,2.8936722,1.0,0.0,1.0,,,1.0
25197,9.916504,1.0,0.004672897,1.0,,,1.0
25198,55.443703,1.0,0.012048192,1.0,,,1.0
25199,42.245228,1.0,0.0,1.0,,,1.0
25200,5.528044,1.0,0.0,1.0,,,1.0
25201,56.376305,1.0,0.0,1.0,,,1.0
25202,14.488159,1.0,0.004651163,1.0,,,1.0
25203,58.172653,1.0,0.012345679,1.0,,,1.0
25204,38.614624,1.0,0.0125,1.0,,,1.0
25205,25.597567,1.0,0.037037037,1.0,,,1.0
25206,10.39321,1.0,0.014925373,1.0,,,1.0
25207,15.497237,1.0,0.041666668,1.0,,,1.0
25208,40.36453,1.0,0.010989011,1.0,,,1.0
25209,4.6437974,1.0,0.0,1.0,,,1.0
25210,53.86719,1.0,0.0125,1.0,,,1.0
25211,25.148819,1.0,0.004672897,1.0,,,1.0
25212,27.416014,1.0,0.006779661,1.0,,,1.0
25213,58.815506,1.0,0.0053908355,1.0,,,1.0
25214,57.09135,1.0,0.006451613,1.0,,,1.0
25215,35.725864,1.0,0.011235955,1.0,,,1.0
25216,141.14594,1.0,0.004201681,1.0,,,1.0
25217,10.4493475,1.0,0.011627907,1.0,,,1.0
25218,56.591736,1.0,0.011428571,1.0,,,1.0
25219,22.24649,1.0,0.0,1.0,,,1.0
25220,39.676094,1.0,0.015873017,1.0,,,1.0
25221,46.28599,1.0,0.0065789474,1.0,,,1.0
25222,50.85755,1.0,0.0,1.0,,,1.0
25223,20.46048,1.0,0.0,1.0,,,1.0
25224,60.70733,1.0,0.003508772,1.0,,,1.0
25225,107.54991,1.0,0.0049261083,1.0,,,1.0
25226,25.37809,1.0,0.0033003301,1.0,,,1.0
25227,34.953686,1.0,0.0,1.0,,,1.0
25228,14.412979,1.0,0.007662835,1.0,,,1.0
25229,16.046627,1.0,0.014492754,1.0,,,1.0
25230,8.350668,1.0,0.0055555557,1.0,,,1.0
25231,10.383243,1.0,0.025316456,1.0,,,1.0
25232,13.880503,1.0,0.014925373,1.0,,,1.0
25233,16.13804,1.0,0.0,1.0,,,1.0
25234,73.504425,1.0,0.006802721,1.0,,,1.0
25235,19.989363,1.0,0.013605442,1.0,,,1.0
25236,15.946704,1.0,0.0051282053,1.0,,,1.0
25237,32.153214,1.0,0.012987013,1.0,,,1.0
25238,23.097351,1.0,0.019607844,1.0,,,1.0
25239,114.30052,1.0,0.003164557,1.0,,,1.0
25240,7.198407,1.0,0.0,1.0,,,1.0
25241,24.78873,1.0,0.011173184,1.0,,,1.0
25242,18.66259,1.0,0.009345794,1.0,,,1.0
25243,13.1684065,1.0,0.0,1.0,,,1.0
25244,25.148804,1.0,0.0,1.0,,,1.0
25245,49.618633,1.0,0.0027472528,1.0,,,1.0
25246,11.95074,1.0,0.010256411,1.0,,,1.0
25247,65.5214,1.0,0.003929273,1.0,,,1.0
25248,39.15433,1.0,0.010752688,1.0,,,1.0
25249,11.467682,1.0,0.013245033,1.0,,,1.0
25250,7.7481165,1.0,0.007194245,1.0,,,1.0
25251,23.902777,1.0,0.004347826,1.0,,,1.0
25252,3.4317071,1.0,0.0,1.0,,,1.0
25253,35.48016,1.0,0.008583691,1.0,,,1.0
25254,44.706028,1.0,0.010638298,1.0,,,1.0
25255,58.54401,1.0,0.00862069,1.0,,,1.0
25256,23.40791,1.0,0.016949153,1.0,,,1.0
25257,107.54991,1.0,0.0027777778,1.0,,,1.0
25258,35.480804,1.0,0.004950495,1.0,,,1.0
25259,88.882866,1.0,0.016,1.0,,,1.0
25260,6.048348,1.0,0.0,1.0,,,1.0
25261,34.24067,1.0,0.007017544,1.0,,,1.0
25262,72.904945,1.0,0.005899705,1.0,,,1.0
25263,29.930775,1.0,0.00152207,1.0,,,1.0
25264,37.985268,1.0,0.01980198,1.0,,,1.0
25265,33.63226,1.0,0.00952381,1.0,,,1.0
25266,17.862709,1.0,0.0,1.0,,,1.0
25267,12.803954,1.0,0.024390243,1.0,,,1.0
25268,36.739883,1.0,0.002538071,1.0,,,1.0
25269,16.546331,1.0,0.0124223605,1.0,,,1.0
25270,1.7737705,1.0,0.2,1.0,,,1.0
25271,38.037964,1.0,0.0,1.0,,,1.0
25272,53.98461,1.0,0.045454547,1.0,,,1.0
25273,15.401945,1.0,0.0,1.0,,,1.0
25274,19.986782,1.0,0.0,1.0,,,1.0
25275,7.214145,1.0,0.015151516,1.0,,,1.0
25276,6.208253,1.0,0.0,1.0,,,1.0
25277,89.298325,1.0,0.008064516,1.0,,,1.0
25278,51.71784,1.0,0.004716981,1.0,,,1.0
25279,21.469715,1.0,0.015151516,1.0,,,1.0
25280,41.122456,1.0,0.0,1.0,,,1.0
25281,10.565881,1.0,0.0,1.0,,,1.0
25282,63.79872,1.0,0.0067114094,1.0,,,1.0
25283,40.109795,1.0,0.017857144,1.0,,,1.0
25284,16.552843,1.0,0.018018018,1.0,,,1.0
25285,36.048527,1.0,0.007352941,1.0,,,1.0
25286,51.310734,1.0,0.0067114094,1.0,,,1.0
25287,17.636772,1.0,0.005509642,1.0,,,1.0
25288,32.000538,1.0,0.0038610038,1.0,,,1.0
25289,8.915836,1.0,0.0,1.0,,,1.0
25290,99.97798,1.0,0.0074626864,1.0,,,1.0
25291,25.49425,1.0,0.0,1.0,,,1.0
25292,7.090699,1.0,0.03773585,1.0,,,1.0
25293,4.647187,1.0,0.05263158,1.0,,,1.0
25294,12.54788,1.0,0.005376344,1.0,,,1.0
25295,33.066593,1.0,0.016129032,1.0,,,1.0
25296,3.2853243,1.0,0.0,1.0,,,1.0
25297,8.195077,1.0,0.0045871558,1.0,,,1.0
25298,60.758087,1.0,0.003787879,1.0,,,1.0
25299,48.54382,1.0,0.010256411,1.0,,,1.0
25300,8.367988,1.0,0.0,1.0,,,1.0
25301,32.783146,1.0,0.016666668,1.0,,,1.0
25302,0.59850883,1.0,0.0,1.0,,,1.0
25303,13.012477,1.0,0.00390625,1.0,,,1.0
25304,63.79785,1.0,0.011428571,1.0,,,1.0
25305,57.42195,1.0,0.008403362,1.0,,,1.0
25306,29.806673,1.0,0.0060975607,1.0,,,1.0
25307,33.423164,1.0,0.010309278,1.0,,,1.0
25308,8.368128,1.0,0.030303031,1.0,,,1.0
25309,11.153179,1.0,0.0,1.0,,,1.0
25310,38.20176,1.0,0.0054347827,1.0,,,1.0
25311,90.34002,1.0,0.004016064,1.0,,,1.0
25312,23.43256,1.0,0.0,1.0,,,1.0
25313,115.54238,1.0,0.0037664783,1.0,,,1.0
25314,24.48463,1.0,0.009615385,1.0,,,1.0
25315,78.47665,1.0,0.006134969,1.0,,,1.0
25316,47.07799,1.0,0.0121951215,1.0,,,1.0
25317,22.738113,1.0,0.0,1.0,,,1.0
25318,94.27873,1.0,0.0066225166,1.0,,,1.0
25319,108.342125,1.0,0.012820513,1.0,,,1.0
25320,29.216015,1.0,0.005586592,1.0,,,1.0
25321,17.99455,1.0,0.0042918455,1.0,,,1.0
25322,17.878262,1.0,0.0,1.0,,,1.0
25323,34.372967,1.0,0.015151516,1.0,,,1.0
25324,3.4835742,1.0,0.0,1.0,,,1.0
25325,6.0062428,1.0,0.023809524,1.0,,,1.0
25326,42.433804,1.0,0.008032128,1.0,,,1.0
25327,58.774593,1.0,0.0045871558,1.0,,,1.0
25328,59.60921,1.0,0.007782101,1.0,,,1.0
25329,2.7656558,1.0,0.0,1.0,,,1.0
25330,35.22851,1.0,0.012658228,1.0,,,1.0
25331,25.882061,1.0,0.010471204,1.0,,,1.0
25332,16.058016,1.0,0.0043668123,1.0,,,1.0
25333,1.4785856,1.0,0.0,1.0,,,1.0
25334,56.591736,1.0,0.013422819,1.0,,,1.0
25335,26.010574,1.0,0.010638298,1.0,,,1.0
25336,14.294573,1.0,0.011627907,1.0,,,1.0
25337,40.753742,1.0,0.010869565,1.0,,,1.0
25338,11.4873495,1.0,0.01438849,1.0,,,1.0
25339,56.75114,1.0,0.013157895,1.0,,,1.0
25340,68.1871,1.0,0.004201681,1.0,,,1.0
25341,97.03738,1.0,0.0,1.0,,,1.0
25342,43.21014,1.0,0.0028735632,1.0,,,1.0
25343,16.774187,1.0,0.0,1.0,,,1.0
25344,50.42292,1.0,0.019607844,1.0,,,1.0
25345,13.534932,1.0,0.0,1.0,,,1.0
25346,36.75747,1.0,0.0,1.0,,,1.0
25347,136.64789,1.0,0.008733625,1.0,,,1.0
25348,48.068512,1.0,0.007490637,1.0,,,1.0
25349,8.668233,1.0,0.0049751243,1.0,,,1.0
25350,105.86188,1.0,0.0062305294,1.0,,,1.0
25351,80.03177,1.0,0.0,1.0,,,1.0
25352,17.238586,1.0,0.0055555557,1.0,,,1.0
25353,51.628166,1.0,0.014084507,1.0,,,1.0
25354,10.668728,1.0,0.0,1.0,,,1.0
25355,5.248522,1.0,0.0025316456,1.0,,,1.0
25356,21.396473,1.0,0.004474273,1.0,,,1.0
25357,112.43434,1.0,0.006849315,1.0,,,1.0
25358,28.919506,1.0,0.004716981,1.0,,,1.0
25359,9.633877,1.0,0.004524887,1.0,,,1.0
25360,35.48016,1.0,0.012820513,1.0,,,1.0
25361,112.43434,1.0,0.012658228,1.0,,,1.0
25362,40.580776,1.0,0.004938272,1.0,,,1.0
25363,42.131424,1.0,0.0,1.0,,,1.0
25364,15.570074,1.0,0.010309278,1.0,,,1.0
25365,13.677582,1.0,0.0,1.0,,,1.0
25366,56.591736,1.0,0.0,1.0,,,1.0
25367,49.766655,1.0,0.0026954177,1.0,,,1.0
25368,28.149693,1.0,0.0,1.0,,,1.0
25369,14.432611,1.0,0.0,1.0,,,1.0
25370,16.959988,1.0,0.006289308,1.0,,,1.0
25371,12.479275,1.0,0.0,1.0,,,1.0
25372,39.25903,1.0,0.006849315,1.0,,,1.0
25373,10.417367,1.0,0.0,1.0,,,1.0
25374,59.26218,1.0,0.023529412,1.0,,,1.0
25375,14.500732,1.0,0.0,1.0,,,1.0
25376,28.163826,1.0,0.016260162,1.0,,,1.0
25377,14.24349,1.0,0.0,1.0,,,1.0
25378,56.22824,1.0,0.018867925,1.0,,,1.0
25379,30.510574,1.0,0.0033557047,1.0,,,1.0
25380,24.103207,1.0,0.0,1.0,,,1.0
25381,99.134476,1.0,0.008264462,1.0,,,1.0
25382,6.6234884,1.0,0.0,1.0,,,1.0
25383,33.70217,1.0,0.03448276,1.0,,,1.0
25384,17.026337,1.0,0.0,1.0,,,1.0
25385,61.374542,1.0,0.0074626864,1.0,,,1.0
25386,112.21493,1.0,0.007633588,1.0,,,1.0
25387,49.069714,1.0,0.008888889,1.0,,,1.0
25388,33.175777,1.0,0.00877193,1.0,,,1.0
25389,21.788668,1.0,0.0,1.0,,,1.0
25390,27.19665,1.0,0.0065789474,1.0,,,1.0
25391,28.420141,1.0,0.0031545742,1.0,,,1.0
25392,19.031137,1.0,0.006535948,1.0,,,1.0
25393,12.294084,1.0,0.0,1.0,,,1.0
25394,24.990395,1.0,0.005988024,1.0,,,1.0
25395,63.5304,1.0,0.0076923077,1.0,,,1.0
25396,28.149693,1.0,0.013513514,1.0,,,1.0
25397,30.460304,1.0,0.023529412,1.0,,,1.0
25398,13.634729,1.0,0.0049261083,1.0,,,1.0
25399,59.135498,1.0,0.0054644807,1.0,,,1.0
25400,64.17689,1.0,0.0042735045,1.0,,,1.0
25401,17.345606,1.0,0.0,1.0,,,1.0
25402,55.507927,1.0,0.0060975607,1.0,,,1.0
25403,33.175777,1.0,0.0024630541,1.0,,,1.0
25404,21.641373,1.0,0.0,1.0,,,1.0
25405,18.687347,1.0,0.0,1.0,,,1.0
25406,59.643055,1.0,0.006369427,1.0,,,1.0
25407,18.021574,1.0,0.0,1.0,,,1.0
25408,9.316567,1.0,0.0,1.0,,,1.0
25409,25.18401,1.0,0.004385965,1.0,,,1.0
25410,66.13528,1.0,0.011235955,1.0,,,1.0
25411,114.3943,1.0,0.004830918,1.0,,,1.0
25412,3.6657069,1.0,0.0065146578,1.0,,,1.0
25413,43.690777,1.0,0.003649635,1.0,,,1.0
25414,11.9833355,1.0,0.0,1.0,,,1.0
25415,39.600655,1.0,0.0068965517,1.0,,,1.0
25416,37.328815,1.0,0.010471204,1.0,,,1.0
25417,33.002865,1.0,0.00729927,1.0,,,1.0
25418,15.633151,1.0,0.0,1.0,,,1.0
25419,50.058445,1.0,0.009615385,1.0,,,1.0
25420,32.082397,1.0,0.013888889,1.0,,,1.0
25421,39.24241,1.0,0.003021148,1.0,,,1.0
25422,59.164825,1.0,0.0,1.0,,,1.0
25423,56.591736,1.0,0.009345794,1.0,,,1.0
25424,49.250523,1.0,0.005934718,1.0,,,1.0
25425,112.21493,1.0,0.0,1.0,,,1.0
25426,56.20208,1.0,0.00952381,1.0,,,1.0
25427,27.946663,1.0,0.0,1.0,,,1.0
25428,17.241955,1.0,0.010204081,1.0,,,1.0
25429,69.73952,1.0,0.0,1.0,,,1.0
25430,59.60921,1.0,0.0029850747,1.0,,,1.0
25431,6.5698805,1.0,0.0,1.0,,,1.0
25432,33.896175,1.0,0.010309278,1.0,,,1.0
25433,3.1523676,1.0,0.0060975607,1.0,,,1.0
25434,74.01808,1.0,0.02,1.0,,,1.0
25435,30.168306,1.0,0.0,1.0,,,1.0
25436,60.758087,1.0,0.007434944,1.0,,,1.0
25437,41.959114,1.0,0.009009009,1.0,,,1.0
25438,27.641935,1.0,0.0070422534,1.0,,,1.0
25439,18.298416,1.0,0.0,1.0,,,1.0
25440,8.062992,1.0,0.015384615,1.0,,,1.0
25441,4.5671997,1.0,0.016806724,1.0,,,1.0
25442,32.000538,1.0,0.0066006603,1.0,,,1.0
25443,50.27301,1.0,0.0,1.0,,,1.0
25444,32.865112,1.0,0.0,1.0,,,1.0
25445,49.10451,1.0,0.0066006603,1.0,,,1.0
25446,12.316238,1.0,0.0,1.0,,,0.0
25447,7.3367705,1.0,0.0,1.0,,,0.0
25448,3.9803393,1.0,0.0,1.0,,,0.0
25449,6.845909,1.0,0.0,1.0,,,0.0
25450,1.2202576,1.0,0.0,1.0,,,0.0
25451,4.1394563,1.0,0.0,1.0,,,0.0
25452,16.25775,1.0,0.0,1.0,,,0.0
25453,23.26793,1.0,0.0,1.0,,,0.0
25454,20.959023,1.0,0.006451613,1.0,,,0.0
25455,26.869389,1.0,0.0,1.0,,,0.0
25456,1.8879958,1.0,0.0,1.0,,,0.0
25457,1.4350767,1.0,0.0,1.0,,,0.0
25458,17.490643,1.0,0.0,1.0,,,0.0
25459,3.225331,1.0,0.0,1.0,,,0.0
25460,5.726193,1.0,0.0,1.0,,,0.0
25461,1.5203842,1.0,0.25,1.0,,,0.0
25462,1.5393541,1.0,0.0,1.0,,,0.0
25463,5.426899,1.0,0.0,1.0,,,0.0
25464,11.971501,1.0,0.0,1.0,,,0.0
25465,19.85698,1.0,0.0,1.0,,,0.0
25466,1.832595,1.0,0.0,1.0,,,0.0
25467,2.6569386,1.0,0.0,1.0,,,0.0
25468,1.9836023,1.0,0.0,1.0,,,0.0
25469,4.234954,1.0,0.0,1.0,,,0.0
25470,7.7984467,1.0,0.0,1.0,,,0.0
25471,4.3338184,1.0,0.05263158,1.0,,,0.0
25472,7.0607214,1.0,0.0,1.0,,,0.0
25473,5.644869,1.0,0.0,1.0,,,0.0
25474,5.35946,1.0,0.003267974,1.0,,,0.0
25475,5.164456,1.0,0.0,1.0,,,0.0
25476,7.6297917,1.0,0.0,1.0,,,0.0
25477,13.652018,1.0,0.0,1.0,,,0.0
25478,7.8724523,1.0,0.0,1.0,,,0.0
25479,10.448594,1.0,0.0,1.0,,,0.0
25480,8.045905,1.0,0.0,1.0,,,0.0
25481,9.022914,1.0,0.0,1.0,,,0.0
25482,4.7676425,1.0,0.0,1.0,,,0.0
25483,11.199063,1.0,0.0,1.0,,,0.0
25484,7.415996,1.0,0.0,1.0,,,0.0
25485,10.4,1.0,0.0,1.0,,,0.0
25486,1.2806653,1.0,0.0,1.0,,,0.0
25487,34.42337,1.0,0.0,1.0,,,0.0
25488,30.411959,1.0,0.0,1.0,,,0.0
25489,26.07889,1.0,0.0,1.0,,,0.0
25490,19.789963,1.0,0.0,1.0,,,0.0
25491,21.059755,1.0,0.0,1.0,,,0.0
25492,8.403913,1.0,0.0,1.0,,,0.0
25493,7.3890634,1.0,0.0,1.0,,,0.0
25494,74.36603,1.0,0.0,1.0,,,0.0
25495,27.457932,1.0,0.16666667,1.0,,,0.0
25496,11.5753,1.0,0.0,1.0,,,0.0
25497,7.5543985,1.0,0.0,1.0,,,0.0
25498,1.7452691,1.0,0.0,1.0,,,0.0
25499,12.505186,1.0,0.0,1.0,,,0.0
25500,2.4535222,1.0,0.0,1.0,,,0.0
25501,24.080614,1.0,0.0,1.0,,,0.0
25502,12.850621,1.0,0.0,1.0,,,0.0
25503,7.893226,1.0,0.0,1.0,,,0.0
25504,28.069378,1.0,0.0,1.0,,,0.0
25505,7.1158776,1.0,0.0,1.0,,,0.0
25506,21.124353,1.0,0.0,1.0,,,0.0
25507,11.127078,1.0,0.0,1.0,,,0.0
25508,6.8258095,1.0,0.0,1.0,,,0.0
25509,6.922848,1.0,0.0,1.0,,,0.0
25510,3.9456952,1.0,0.0,1.0,,,0.0
25511,20.698824,1.0,0.0,1.0,,,0.0
25512,12.469783,1.0,0.0,1.0,,,0.0
25513,51.96599,1.0,0.0,1.0,,,0.0
25514,4.3987327,1.0,0.0,1.0,,,0.0
25515,6.8510838,1.0,0.014705882,1.0,,,0.0
25516,3.8853378,1.0,0.0,1.0,,,0.0
25517,15.574796,1.0,0.0,1.0,,,0.0
25518,5.3739867,1.0,0.0,1.0,,,0.0
25519,5.062709,1.0,0.0,1.0,,,0.0
25520,11.280048,1.0,0.0,1.0,,,0.0
25521,1.4163519,1.0,0.0,1.0,,,0.0
25522,7.04824,1.0,0.0,1.0,,,0.0
25523,47.086132,1.0,0.0,1.0,,,0.0
25524,20.567738,1.0,0.0,1.0,,,0.0
25525,9.3109455,1.0,0.0,1.0,,,0.0
25526,13.180944,1.0,0.0,1.0,,,0.0
25527,24.910652,1.0,0.0,1.0,,,0.0
25528,33.01255,1.0,0.0,1.0,,,0.0
25529,47.839905,1.0,0.0,1.0,,,0.0
25530,2.1500113,1.0,0.0,1.0,,,0.0
25531,11.916569,1.0,0.0,1.0,,,0.0
25532,46.54684,1.0,0.0,1.0,,,0.0
25533,8.128647,1.0,0.0,1.0,,,0.0
25534,7.5200663,1.0,0.005076142,1.0,,,0.0
25535,25.040873,1.0,0.0,1.0,,,0.0
25536,57.324837,1.0,0.0,1.0,,,0.0
25537,1.82971,1.0,0.0,1.0,,,0.0
25538,17.744223,1.0,0.0,1.0,,,0.0
25539,3.195012,1.0,0.0,1.0,,,0.0
25540,43.19691,1.0,0.0,1.0,,,0.0
25541,14.763554,1.0,0.0,1.0,,,0.0
25542,52.54754,1.0,0.0,1.0,,,0.0
25543,2.725896,1.0,0.0,1.0,,,0.0
25544,6.517212,1.0,0.0,1.0,,,0.0
25545,13.511672,1.0,0.0,1.0,,,0.0
25546,1.7773246,1.0,0.0,1.0,,,0.0
25547,12.600364,1.0,0.0,1.0,,,0.0
25548,2.5396605,1.0,0.005586592,1.0,,,0.0
25549,25.632452,1.0,0.0,1.0,,,0.0
25550,11.968673,1.0,0.0,1.0,,,0.0
25551,8.996226,1.0,0.005235602,1.0,,,0.0
25552,35.30824,1.0,0.0,1.0,,,0.0
25553,49.994923,1.0,0.0,1.0,,,0.0
25554,3.8175776,1.0,0.0,1.0,,,0.0
25555,32.84237,1.0,0.0,1.0,,,0.0
25556,9.630355,1.0,0.0,1.0,,,0.0
25557,20.122372,1.0,0.0,1.0,,,0.0
25558,4.318416,1.0,0.0,1.0,,,0.0
25559,37.080826,1.0,0.0,1.0,,,0.0
25560,31.060781,1.0,0.0,1.0,,,0.0
25561,3.0146163,1.0,0.004132231,1.0,,,0.0
25562,9.345764,1.0,0.0,1.0,,,0.0
25563,3.1644485,1.0,0.0,1.0,,,0.0
25564,28.245121,1.0,0.0,1.0,,,0.0
25565,3.0995102,1.0,0.0,1.0,,,0.0
25566,26.570557,1.0,0.0,1.0,,,0.0
25567,31.198116,1.0,0.0,1.0,,,0.0
25568,5.21235,1.0,0.0025839794,1.0,,,0.0
25569,9.45948,1.0,0.0,1.0,,,0.0
25570,17.205826,1.0,0.0,1.0,,,0.0
25571,11.492666,1.0,0.008695652,1.0,,,0.0
25572,20.802237,1.0,0.0,1.0,,,0.0
25573,2.8071656,1.0,0.0,1.0,,,0.0
25574,6.1919847,1.0,0.0,1.0,,,0.0
25575,14.092998,1.0,0.0,1.0,,,0.0
25576,2.305385,1.0,0.0,1.0,,,0.0
25577,24.163654,1.0,0.0,1.0,,,0.0
25578,11.026163,1.0,0.0,1.0,,,0.0
25579,7.9709587,1.0,0.0,1.0,,,0.0
25580,1.1523062,1.0,0.0,1.0,,,0.0
25581,38.219822,1.0,0.0,1.0,,,0.0
25582,12.883815,1.0,0.0,1.0,,,0.0
25583,5.67768,1.0,0.008,1.0,,,0.0
25584,5.827521,1.0,0.0,1.0,,,0.0
25585,1.3281589,1.0,0.0,1.0,,,0.0
25586,4.326508,1.0,0.0021505377,1.0,,,0.0
25587,11.983896,1.0,0.0,1.0,,,0.0
25588,18.577438,1.0,0.0,1.0,,,0.0
25589,4.3577,1.0,0.0,1.0,,,0.0
25590,8.547445,1.0,0.0,1.0,,,0.0
25591,4.5488954,1.0,0.0,1.0,,,0.0
25592,7.4603066,1.0,0.0,1.0,,,0.0
25593,3.4441762,1.0,0.0,1.0,,,0.0
25594,15.604114,1.0,0.0,1.0,,,0.0
25595,26.152447,1.0,0.0,1.0,,,0.0
25596,1.5325516,1.0,0.0,1.0,,,0.0
25597,2.7727818,1.0,0.0,1.0,,,0.0
25598,2.946373,1.0,0.0,1.0,,,0.0
25599,1.2041918,1.0,0.0,1.0,,,0.0
25600,13.92646,1.0,0.0,1.0,,,0.0
25601,1.6052872,1.0,0.0,1.0,,,0.0
25602,21.168505,1.0,0.0,1.0,,,0.0
25603,2.19535,1.0,0.0,1.0,,,0.0
25604,15.108072,1.0,0.0,1.0,,,0.0
25605,20.746851,1.0,0.0,1.0,,,0.0
25606,47.331028,1.0,0.0,1.0,,,0.0
25607,4.974135,1.0,0.0,1.0,,,0.0
25608,64.0932,1.0,0.0,1.0,,,0.0
25609,58.724476,1.0,0.0,1.0,,,0.0
25610,1.4308172,1.0,0.0,1.0,,,0.0
25611,7.3745995,1.0,0.0,1.0,,,0.0
25612,15.379824,1.0,0.0,1.0,,,0.0
25613,14.688246,1.0,0.0,1.0,,,0.0
25614,5.4954376,1.0,0.0,1.0,,,0.0
25615,5.2184577,1.0,0.0,1.0,,,0.0
25616,2.3430543,1.0,0.0,1.0,,,0.0
25617,4.4481435,1.0,0.0,1.0,,,0.0
25618,13.813731,1.0,0.0,1.0,,,0.0
25619,2.386705,1.0,0.0,1.0,,,0.0
25620,11.017487,1.0,0.0116959065,1.0,,,0.0
25621,16.901781,1.0,0.0,1.0,,,0.0
25622,1.387329,1.0,0.0,1.0,,,0.0
25623,37.0972,1.0,0.0,1.0,,,0.0
25624,37.77315,1.0,0.0,1.0,,,0.0
25625,5.307631,1.0,0.0,1.0,,,0.0
25626,17.794376,1.0,0.0,1.0,,,0.0
25627,18.867495,1.0,0.0,1.0,,,0.0
25628,6.994368,1.0,0.0,1.0,,,0.0
25629,3.0969226,1.0,0.0,1.0,,,0.0
25630,13.5434,1.0,0.0,1.0,,,0.0
25631,20.068182,1.0,0.0,1.0,,,0.0
25632,10.644749,1.0,0.0,1.0,,,0.0
25633,7.093839,1.0,0.0,1.0,,,0.0
25634,24.237637,1.0,0.0,1.0,,,0.0
25635,7.9480696,1.0,0.0,1.0,,,0.0
25636,22.251028,1.0,0.0,1.0,,,0.0
25637,14.448611,1.0,0.0034364262,1.0,,,0.0
25638,14.119675,1.0,0.0,1.0,,,0.0
25639,4.3476386,1.0,0.010526316,1.0,,,0.0
25640,3.304637,1.0,0.0,1.0,,,0.0
25641,8.559911,1.0,0.009345794,1.0,,,0.0
25642,19.22069,1.0,0.0,1.0,,,0.0
25643,31.817795,1.0,0.0,1.0,,,0.0
25644,1.2083029,1.0,0.0,1.0,,,0.0
25645,6.021621,1.0,0.0,1.0,,,0.0
25646,2.3540664,1.0,0.0,1.0,,,0.0
25647,11.43276,1.0,0.0,1.0,,,0.0
25648,2.6749625,1.0,0.0,1.0,,,0.0
25649,49.78889,1.0,0.0,1.0,,,0.0
25650,30.251463,1.0,0.0,1.0,,,0.0
25651,31.762392,1.0,0.0,1.0,,,0.0
25652,10.190022,1.0,0.0,1.0,,,0.0
25653,16.975975,1.0,0.0,1.0,,,0.0
25654,1.5108657,1.0,0.0016528926,1.0,,,0.0
25655,18.774559,1.0,0.0,1.0,,,0.0
25656,12.157446,1.0,0.0,1.0,,,0.0
25657,7.817882,1.0,0.0,1.0,,,0.0
25658,10.061066,1.0,0.0,1.0,,,0.0
25659,18.66259,1.0,0.014925373,1.0,,,0.0
25660,36.612858,1.0,0.0,1.0,,,0.0
25661,1.5682753,1.0,0.0,1.0,,,0.0
25662,9.142458,1.0,0.0,1.0,,,0.0
25663,6.2696795,1.0,0.0,1.0,,,0.0
25664,4.326508,1.0,0.0,1.0,,,0.0
25665,8.571141,1.0,0.0,1.0,,,0.0
25666,0.30403188,1.0,0.0,1.0,,,0.0
25667,4.8701024,1.0,0.0,1.0,,,0.0
25668,5.921004,1.0,0.0,1.0,,,0.0
25669,3.1500552,1.0,0.0,1.0,,,0.0
25670,6.705121,1.0,0.017857144,1.0,,,0.0
25671,5.6737504,1.0,0.0,1.0,,,0.0
25672,7.5131583,1.0,0.0,1.0,,,0.0
25673,21.65146,1.0,0.0,1.0,,,0.0
25674,12.668473,1.0,0.0,1.0,,,0.0
25675,1.9930164,1.0,0.0027855153,1.0,,,0.0
25676,15.366534,1.0,0.022222223,1.0,,,0.0
25677,73.97231,1.0,0.0,1.0,,,0.0
25678,11.316554,1.0,0.0,1.0,,,0.0
25679,1.1633496,1.0,0.0,1.0,,,0.0
25680,33.37568,1.0,0.0,1.0,,,0.0
25681,12.930058,1.0,0.0,1.0,,,0.0
25682,6.3756,1.0,0.0,1.0,,,0.0
25683,32.53249,1.0,0.0,1.0,,,0.0
25684,3.805483,1.0,0.0,1.0,,,0.0
25685,20.056435,1.0,0.0,1.0,,,0.0
25686,1.5251386,1.0,0.011235955,1.0,,,0.0
25687,40.051346,1.0,0.0,1.0,,,0.0
25688,3.6565685,1.0,0.0,1.0,,,0.0
25689,16.781736,1.0,0.0,1.0,,,0.0
25690,4.2108126,1.0,0.020408163,1.0,,,0.0
25691,3.3133752,1.0,0.0,1.0,,,0.0
25692,12.820384,1.0,0.0,1.0,,,0.0
25693,8.383715,1.0,0.0,1.0,,,0.0
25694,38.073475,1.0,0.0,1.0,,,0.0
25695,1.7150239,1.0,0.0,1.0,,,0.0
25696,7.4805937,1.0,0.0,1.0,,,0.0
25697,19.181719,1.0,0.0,1.0,,,0.0
25698,2.031415,1.0,0.0,1.0,,,0.0
25699,20.559586,1.0,0.0,1.0,,,0.0
25700,50.170803,1.0,0.0,1.0,,,0.0
25701,15.85808,1.0,0.0,1.0,,,0.0
25702,51.565613,1.0,0.0,1.0,,,0.0
25703,0.4828547,1.0,0.0044444446,1.0,,,0.0
25704,8.190257,1.0,0.0,1.0,,,0.0
25705,30.97612,1.0,0.0,1.0,,,0.0
25706,19.639511,1.0,0.0,1.0,,,0.0
25707,3.5299733,1.0,0.0,1.0,,,0.0
25708,34.97686,1.0,0.0,1.0,,,0.0
25709,3.7461834,1.0,0.0,1.0,,,0.0
25710,19.761812,1.0,0.0,1.0,,,0.0
25711,38.995884,1.0,0.0025974025,1.0,,,0.0
25712,4.2715936,1.0,0.0,1.0,,,0.0
25713,17.224012,1.0,0.0,1.0,,,0.0
25714,9.2435875,1.0,0.0,1.0,,,0.0
25715,3.0285475,1.0,0.0,1.0,,,0.0
25716,17.653147,1.0,0.0,1.0,,,0.0
25717,10.237542,1.0,0.0,1.0,,,0.0
25718,3.2649553,1.0,0.005076142,1.0,,,0.0
25719,27.112019,1.0,0.0,1.0,,,0.0
25720,4.701515,1.0,0.0,1.0,,,0.0
25721,2.2520404,1.0,0.0,1.0,,,0.0
25722,10.247138,1.0,0.0,1.0,,,0.0
25723,20.42871,1.0,0.0,1.0,,,0.0
25724,9.442598,1.0,0.0,1.0,,,0.0
25725,17.053795,1.0,0.0,1.0,,,0.0
25726,6.926791,1.0,0.0,1.0,,,0.0
25727,30.254183,1.0,0.0,1.0,,,0.0
25728,11.2660675,1.0,0.0,1.0,,,0.0
25729,6.9642277,1.0,0.0,1.0,,,0.0
25730,46.011578,1.0,0.0,1.0,,,0.0
25731,11.549615,1.0,0.0,1.0,,,0.0
25732,13.405071,1.0,0.0,1.0,,,0.0
25733,21.140133,1.0,0.0,1.0,,,0.0
25734,6.9839983,1.0,0.0,1.0,,,0.0
25735,2.510243,1.0,0.0,1.0,,,0.0
25736,19.423925,1.0,0.0,1.0,,,0.0
25737,2.9651186,1.0,0.0,1.0,,,0.0
25738,17.17701,1.0,0.0,1.0,,,0.0
25739,12.330449,1.0,0.0,1.0,,,0.0
25740,7.7800384,1.0,0.0,1.0,,,0.0
25741,29.3524,1.0,0.0,1.0,,,0.0
25742,29.735897,1.0,0.0,1.0,,,0.0
25743,18.835705,1.0,0.0,1.0,,,0.0
25744,4.739655,1.0,0.0062111802,1.0,,,0.0
25745,34.796047,1.0,0.0,1.0,,,0.0
25746,5.0842752,1.0,0.0,1.0,,,0.0
25747,13.110115,1.0,0.0,1.0,,,0.0
25748,15.96171,1.0,0.0,1.0,,,0.0
25749,13.274675,1.0,0.0,1.0,,,0.0
25750,16.626612,1.0,0.0,1.0,,,0.0
25751,20.566038,1.0,0.0,1.0,,,0.0
25752,1.9696225,1.0,0.0,1.0,,,0.0
25753,3.2477717,1.0,0.030303031,1.0,,,0.0
25754,9.108086,1.0,0.0,1.0,,,0.0
25755,5.116428,1.0,0.0,1.0,,,0.0
25756,10.933344,1.0,0.0,1.0,,,0.0
25757,25.154406,1.0,0.0,1.0,,,0.0
25758,9.257704,1.0,0.0,1.0,,,0.0
25759,4.1989856,1.0,0.010309278,1.0,,,0.0
25760,3.6352906,1.0,0.0,1.0,,,0.0
25761,3.5623796,1.0,0.0,1.0,,,0.0
25762,23.609406,1.0,0.015873017,1.0,,,0.0
25763,63.230316,1.0,0.0,1.0,,,0.0
25764,14.843315,1.0,0.0,1.0,,,0.0
25765,6.7994285,1.0,0.007633588,1.0,,,0.0
25766,2.157664,1.0,0.0,1.0,,,0.0
25767,6.3507786,1.0,0.0,1.0,,,0.0
25768,3.2081907,1.0,0.0,1.0,,,0.0
25769,29.145634,1.0,0.0,1.0,,,0.0
25770,24.302916,1.0,0.0,1.0,,,0.0
25771,1.0267941,1.0,0.016393442,1.0,,,0.0
25772,5.7541094,1.0,0.0,1.0,,,0.0
25773,12.6280365,1.0,0.0,1.0,,,0.0
25774,25.534002,1.0,0.0,1.0,,,0.0
25775,5.629549,1.0,0.0,1.0,,,0.0
25776,2.6733985,1.0,0.0,1.0,,,0.0
25777,1.407094,1.0,0.0,1.0,,,0.0
25778,7.82334,1.0,0.0,1.0,,,0.0
25779,16.55128,1.0,0.0,1.0,,,0.0
25780,5.479067,1.0,0.014925373,1.0,,,0.0
25781,21.824738,1.0,0.0,1.0,,,0.0
25782,15.478704,1.0,0.0,1.0,,,0.0
25783,9.45948,1.0,0.0,1.0,,,0.0
25784,2.7738495,1.0,0.0,1.0,,,0.0
25785,2.614313,1.0,0.0,1.0,,,0.0
25786,25.491646,1.0,0.0,1.0,,,0.0
25787,4.3088264,1.0,0.0,1.0,,,0.0
25788,1.4224825,1.0,0.0034129692,1.0,,,0.0
25789,45.616398,1.0,0.0,1.0,,,0.0
25790,5.590235,1.0,0.0,1.0,,,0.0
25791,10.031765,1.0,0.0,1.0,,,0.0
25792,5.4601016,1.0,0.0,1.0,,,0.0
25793,1.8914101,1.0,0.0,1.0,,,0.0
25794,19.651363,1.0,0.0,1.0,,,0.0
25795,3.4942408,1.0,0.008695652,1.0,,,0.0
25796,8.747907,1.0,0.0,1.0,,,0.0
25797,16.659393,1.0,0.0,1.0,,,0.0
25798,2.244623,1.0,0.0,1.0,,,0.0
25799,1.4298464,1.0,0.11111111,1.0,,,0.0
25800,17.967577,1.0,0.0,1.0,,,0.0
25801,8.001008,1.0,0.0,1.0,,,0.0
25802,20.944622,1.0,0.0,1.0,,,0.0
25803,23.895338,1.0,0.0,1.0,,,0.0
25804,1.2702862,1.0,0.0,1.0,,,0.0
25805,30.845446,1.0,0.007751938,1.0,,,0.0
25806,16.837206,1.0,0.0,1.0,,,0.0
25807,3.379526,1.0,0.055555556,1.0,,,0.0
25808,6.007007,1.0,0.0,1.0,,,0.0
25809,21.996717,1.0,0.0,1.0,,,0.0
25810,5.434807,1.0,0.0,1.0,,,0.0
25811,4.368688,1.0,0.0,1.0,,,0.0
25812,4.580455,1.0,0.0,1.0,,,0.0
25813,27.19665,1.0,0.022222223,1.0,,,0.0
25814,15.786298,1.0,0.0,1.0,,,0.0
25815,24.70854,1.0,0.0,1.0,,,0.0
25816,3.080797,1.0,0.0,1.0,,,0.0
25817,16.837206,1.0,0.0,1.0,,,0.0
25818,22.237917,1.0,0.0,1.0,,,0.0
25819,1.2797723,1.0,0.0,1.0,,,0.0
25820,27.44689,1.0,0.008474576,1.0,,,0.0
25821,9.841714,1.0,0.0,1.0,,,0.0
25822,3.3083193,1.0,0.0,1.0,,,0.0
25823,2.940259,1.0,0.0,1.0,,,0.0
25824,17.505539,1.0,0.0,1.0,,,0.0
25825,4.433239,1.0,0.006802721,1.0,,,0.0
25826,16.325302,1.0,0.0,1.0,,,0.0
25827,40.190918,1.0,0.0,1.0,,,0.0
25828,38.1251,1.0,0.0,1.0,,,0.0
25829,27.067041,1.0,0.0,1.0,,,0.0
25830,1.2508786,1.0,0.0,1.0,,,0.0
25831,21.899319,1.0,0.0,1.0,,,0.0
25832,18.812536,1.0,0.0,1.0,,,0.0
25833,6.984637,1.0,0.0,1.0,,,0.0
25834,3.7455328,1.0,0.0,1.0,,,0.0
25835,2.5099163,1.0,0.003921569,1.0,,,0.0
25836,7.9424295,1.0,0.003533569,1.0,,,0.0
25837,2.8667707,1.0,0.0,1.0,,,0.0
25838,12.991876,1.0,0.0,1.0,,,0.0
25839,6.775505,1.0,0.0,1.0,,,0.0
25840,7.8225074,1.0,0.0,1.0,,,0.0
25841,17.198288,1.0,0.0,1.0,,,0.0
25842,4.8162365,1.0,0.0,1.0,,,0.0
25843,22.31546,1.0,0.0,1.0,,,0.0
25844,5.7436423,1.0,0.0,1.0,,,0.0
25845,16.167765,1.0,0.0,1.0,,,0.0
25846,3.3165948,1.0,0.0,1.0,,,0.0
25847,2.99174,1.0,0.018348623,1.0,,,0.0
25848,15.041305,1.0,0.0,1.0,,,0.0
25849,3.1351428,1.0,0.0033003301,1.0,,,0.0
25850,0.98964983,1.0,0.0,1.0,,,0.0
25851,1.0744951,1.0,0.0,1.0,,,0.0
25852,2.850351,1.0,0.0,1.0,,,0.0
25853,19.785618,1.0,0.0,1.0,,,0.0
25854,17.096218,1.0,0.0,1.0,,,0.0
25855,9.130418,1.0,0.0,1.0,,,0.0
25856,15.525543,1.0,0.0,1.0,,,0.0
25857,2.279132,1.0,0.0,1.0,,,0.0
25858,12.511644,1.0,0.0,1.0,,,0.0
25859,7.3102937,1.0,0.0,1.0,,,0.0
25860,30.412785,1.0,0.0,1.0,,,0.0
25861,11.100732,1.0,0.0,1.0,,,0.0
25862,8.630768,1.0,0.0,1.0,,,0.0
25863,10.300123,1.0,0.0,1.0,,,0.0
25864,13.019581,1.0,0.0,1.0,,,0.0
25865,20.41823,1.0,0.0,1.0,,,0.0
25866,34.131897,1.0,0.0,1.0,,,0.0
25867,5.445795,1.0,0.0,1.0,,,0.0
25868,20.194067,1.0,0.0,1.0,,,0.0
25869,16.135845,1.0,0.0,1.0,,,0.0
25870,7.9670987,1.0,0.008,1.0,,,0.0
25871,23.108297,1.0,0.0,1.0,,,0.0
25872,16.431438,1.0,0.0,1.0,,,0.0
25873,12.860384,1.0,0.0,1.0,,,0.0
25874,4.2294908,1.0,0.0,1.0,,,0.0
25875,3.6657069,1.0,0.0,1.0,,,0.0
25876,11.995031,1.0,0.0,1.0,,,0.0
25877,8.612072,1.0,0.0,1.0,,,0.0
25878,18.390366,1.0,0.0,1.0,,,0.0
25879,4.7804055,1.0,0.0,1.0,,,0.0
25880,7.996756,1.0,0.0,1.0,,,0.0
25881,0.6429959,1.0,0.11111111,1.0,,,0.0
25882,38.39752,1.0,0.0,1.0,,,0.0
25883,2.7971401,1.0,0.0,1.0,,,0.0
25884,19.617659,1.0,0.0,1.0,,,0.0
25885,19.769543,1.0,0.0,1.0,,,0.0
25886,8.145166,1.0,0.0,1.0,,,0.0
25887,25.398092,1.0,0.0,1.0,,,0.0
25888,14.705207,1.0,0.0,1.0,,,0.0
25889,13.277533,1.0,0.0,1.0,,,0.0
25890,4.021493,1.0,0.0,1.0,,,0.0
25891,1.2184217,1.0,0.019607844,1.0,,,0.0
25892,11.601362,1.0,0.0,1.0,,,0.0
25893,23.2515,1.0,0.0,1.0,,,0.0
25894,41.801483,1.0,0.002352941,1.0,,,0.0
25895,13.533036,1.0,0.0,1.0,,,0.0
25896,6.25079,1.0,0.0,1.0,,,0.0
25897,8.126761,1.0,0.0,1.0,,,0.0
25898,3.835941,1.0,0.0,1.0,,,0.0
25899,11.3603735,1.0,0.0,1.0,,,0.0
25900,10.068308,1.0,0.0,1.0,,,0.0
25901,5.026128,1.0,0.0,1.0,,,0.0
25902,9.37234,1.0,0.0,1.0,,,0.0
25903,3.4664,1.0,0.0,1.0,,,0.0
25904,5.386139,1.0,0.0,1.0,,,0.0
25905,5.7203946,1.0,0.0,1.0,,,0.0
25906,6.47282,1.0,0.0,1.0,,,0.0
25907,15.668099,1.0,0.0,1.0,,,0.0
25908,5.6261487,1.0,0.0,1.0,,,0.0
25909,11.916198,1.0,0.0,1.0,,,0.0
25910,11.5396595,1.0,0.0,1.0,,,0.0
25911,12.030415,1.0,0.0,1.0,,,0.0
25912,7.2791567,1.0,0.0,1.0,,,0.0
25913,5.3980393,1.0,0.0,1.0,,,0.0
25914,43.19691,1.0,0.0,1.0,,,0.0
25915,23.02529,1.0,0.0,1.0,,,0.0
25916,5.793957,1.0,0.0,1.0,,,0.0
25917,3.9311616,1.0,0.0,1.0,,,0.0
25918,11.837246,1.0,0.0,1.0,,,0.0
25919,16.79333,1.0,0.0,1.0,,,0.0
25920,8.40981,1.0,0.0,1.0,,,0.0
25921,9.413207,1.0,0.0,1.0,,,0.0
25922,23.886108,1.0,0.0,1.0,,,0.0
25923,3.6115816,1.0,0.0,1.0,,,0.0
25924,12.17557,1.0,0.0,1.0,,,0.0
25925,4.5606937,1.0,0.0,1.0,,,0.0
25926,13.981331,1.0,0.0,1.0,,,0.0
25927,1.0042188,1.0,0.0,1.0,,,0.0
25928,9.622304,1.0,0.0,1.0,,,0.0
25929,12.496875,1.0,0.0,1.0,,,0.0
25930,4.443359,1.0,0.0,1.0,,,0.0
25931,42.695927,1.0,0.0,1.0,,,0.0
25932,2.8589287,1.0,0.0,1.0,,,0.0
25933,31.99075,1.0,0.0,1.0,,,0.0
25934,20.342663,1.0,0.0,1.0,,,0.0
25935,44.279476,1.0,0.0,1.0,,,0.0
25936,3.5768998,1.0,0.0,1.0,,,0.0
25937,17.571043,1.0,0.0,1.0,,,0.0
25938,3.6078029,1.0,0.0,1.0,,,0.0
25939,38.086597,1.0,0.0,1.0,,,0.0
25940,14.041838,1.0,0.0,1.0,,,0.0
25941,10.147587,1.0,0.0,1.0,,,0.0
25942,6.243921,1.0,0.0,1.0,,,0.0
25943,8.998763,1.0,0.0,1.0,,,0.0
25944,5.2457075,1.0,0.0,1.0,,,0.0
25945,2.131683,1.0,0.0,1.0,,,0.0
25946,4.770122,1.0,0.0,1.0,,,0.0
25947,4.3974423,1.0,0.0,1.0,,,0.0
25948,3.0796027,1.0,0.0,1.0,,,0.0
25949,3.2010431,1.0,0.015873017,1.0,,,0.0
25950,11.463684,1.0,0.016393442,1.0,,,0.0
25951,8.570757,1.0,0.0,1.0,,,0.0
25952,2.8488033,1.0,0.028571429,1.0,,,0.0
25953,1.5811924,1.0,0.0,1.0,,,0.0
25954,1.650168,1.0,0.0,1.0,,,0.0
25955,6.119998,1.0,0.0,1.0,,,0.0
25956,11.206013,1.0,0.0,1.0,,,0.0
25957,11.311873,1.0,0.0,1.0,,,0.0
25958,3.4835742,1.0,0.01010101,1.0,,,0.0
25959,41.877502,1.0,0.0,1.0,,,0.0
25960,10.273547,1.0,0.0,1.0,,,0.0
25961,4.5508413,1.0,0.0,1.0,,,0.0
25962,37.097908,1.0,0.0,1.0,,,0.0
25963,1.280395,1.0,0.0,1.0,,,0.0
25964,12.669302,1.0,0.0,1.0,,,0.0
25965,17.890015,1.0,0.0,1.0,,,0.0
25966,25.11433,1.0,0.0,1.0,,,0.0
25967,6.9191113,1.0,0.0,1.0,,,0.0
25968,22.038883,1.0,0.0,1.0,,,0.0
25969,9.350459,1.0,0.0,1.0,,,0.0
25970,12.578396,1.0,0.0,1.0,,,0.0
25971,13.054905,1.0,0.0,1.0,,,0.0
25972,9.180678,1.0,0.0,1.0,,,0.0
25973,24.253176,1.0,0.0,1.0,,,0.0
25974,1.5054678,1.0,0.0,1.0,,,0.0
25975,19.013968,1.0,0.0,1.0,,,0.0
25976,3.5902705,1.0,0.0,1.0,,,0.0
25977,16.763823,1.0,0.0,1.0,,,0.0
25978,4.587343,1.0,0.0,1.0,,,0.0
25979,6.531293,1.0,0.0,1.0,,,0.0
25980,4.1987524,1.0,0.0,1.0,,,0.0
25981,105.86188,1.0,0.0,1.0,,,0.0
25982,1.3021568,1.0,0.0,1.0,,,0.0
25983,3.6961758,1.0,0.0,1.0,,,0.0
25984,30.266438,1.0,0.0,1.0,,,0.0
25985,1.8583801,1.0,0.0,1.0,,,0.0
25986,33.583973,1.0,0.0,1.0,,,0.0
25987,2.8198814,1.0,0.0,1.0,,,0.0
25988,13.507407,1.0,0.0,1.0,,,0.0
25989,12.509937,1.0,0.0,1.0,,,0.0
25990,57.206547,1.0,0.0,1.0,,,0.0
25991,7.847568,1.0,0.0,1.0,,,0.0
25992,36.180534,1.0,0.0,1.0,,,0.0
25993,5.004861,1.0,0.0,1.0,,,0.0
25994,20.451445,1.0,0.0,1.0,,,0.0
25995,16.904026,1.0,0.0,1.0,,,0.0
25996,9.335587,1.0,0.0,1.0,,,0.0
25997,2.8936722,1.0,0.0,1.0,,,0.0
25998,11.55225,1.0,0.0,1.0,,,0.0
25999,6.581911,1.0,0.0,1.0,,,0.0
26000,33.736305,1.0,0.0,1.0,,,0.0
26001,41.015022,1.0,0.0,1.0,,,0.0
26002,13.859273,1.0,0.0,1.0,,,0.0
26003,23.524294,1.0,0.0,1.0,,,0.0
26004,11.133903,1.0,0.0,1.0,,,0.0
26005,5.773179,1.0,0.0,1.0,,,0.0
26006,1.6752077,1.0,0.09090909,1.0,,,0.0
26007,0.8387175,1.0,0.0,1.0,,,0.0
26008,0.36337724,1.0,0.0,1.0,,,0.0
26009,9.42803,1.0,0.0,1.0,,,0.0
26010,40.209606,1.0,0.0,1.0,,,0.0
26011,13.299132,1.0,0.0,1.0,,,0.0
26012,18.23783,1.0,0.0,1.0,,,0.0
26013,6.6911716,1.0,0.0,1.0,,,0.0
26014,2.7738495,1.0,0.0,1.0,,,0.0
26015,1.2792577,1.0,0.0121951215,1.0,,,0.0
26016,7.841085,1.0,0.0,1.0,,,0.0
26017,28.841652,1.0,0.0,1.0,,,0.0
26018,55.942783,1.0,0.0,1.0,,,0.0
26019,20.131584,1.0,0.0,1.0,,,0.0
26020,6.266487,1.0,0.01010101,1.0,,,0.0
26021,1.0197929,1.0,0.05263158,1.0,,,0.0
26022,6.252542,1.0,0.0,1.0,,,0.0
26023,4.4325237,1.0,0.0,1.0,,,0.0
26024,8.793511,1.0,0.0,1.0,,,0.0
26025,23.377945,1.0,0.0,1.0,,,0.0
26026,2.3058438,1.0,0.0,1.0,,,0.0
26027,1.4193252,1.0,0.0,1.0,,,0.0
26028,4.1525507,1.0,0.0,1.0,,,0.0
26029,13.383705,1.0,0.0,1.0,,,0.0
26030,22.11434,1.0,0.0,1.0,,,0.0
26031,29.484797,1.0,0.0,1.0,,,0.0
26032,13.412811,1.0,0.0,1.0,,,0.0
26033,1.7419293,1.0,0.0,1.0,,,0.0
26034,3.979411,1.0,0.0,1.0,,,0.0
26035,36.72356,1.0,0.0,1.0,,,0.0
26036,43.36526,1.0,0.0,1.0,,,0.0
26037,2.4459496,1.0,0.005235602,1.0,,,0.0
26038,13.648391,1.0,0.0,1.0,,,0.0
26039,5.644869,1.0,0.0,1.0,,,0.0
26040,12.803768,1.0,0.0,1.0,,,0.0
26041,5.7905016,1.0,0.008264462,1.0,,,0.0
26042,1.4203855,1.0,0.0,1.0,,,0.0
26043,47.253952,1.0,0.0,1.0,,,0.0
26044,15.355115,1.0,0.0,1.0,,,0.0
26045,19.885406,1.0,0.0,1.0,,,0.0
26046,27.951174,1.0,0.0,1.0,,,0.0
26047,4.0180693,1.0,0.0,1.0,,,0.0
26048,34.23669,1.0,0.0,1.0,,,0.0
26049,17.715406,1.0,0.002570694,1.0,,,0.0
26050,97.54744,1.0,0.0,1.0,,,0.0
26051,7.0352473,1.0,0.0,1.0,,,0.0
26052,9.710665,1.0,0.0,1.0,,,0.0
26053,14.112305,1.0,0.0,1.0,,,0.0
26054,6.751319,1.0,0.0,1.0,,,0.0
26055,22.726322,1.0,0.0,1.0,,,0.0
26056,13.9218855,1.0,0.0,1.0,,,0.0
26057,1.780135,1.0,0.0,1.0,,,0.0
26058,10.0885725,1.0,0.0,1.0,,,0.0
26059,5.36818,1.0,0.0,1.0,,,0.0
26060,1.9946984,1.0,0.00952381,1.0,,,0.0
26061,19.050303,1.0,0.0,1.0,,,0.0
26062,26.562021,1.0,0.0,1.0,,,0.0
26063,6.62029,1.0,0.0,1.0,,,0.0
26064,1.0900767,1.0,0.0,1.0,,,0.0
26065,3.3667214,1.0,0.0,1.0,,,0.0
26066,28.091854,1.0,0.0,1.0,,,0.0
26067,11.784755,1.0,0.0,1.0,,,0.0
26068,1.1208014,1.0,0.16666667,1.0,,,0.0
26069,3.4221914,1.0,0.0,1.0,,,0.0
26070,2.718556,1.0,0.0,1.0,,,0.0
26071,7.2060933,1.0,0.0,1.0,,,0.0
26072,14.578277,1.0,0.0,1.0,,,0.0
26073,7.32381,1.0,0.0,1.0,,,0.0
26074,9.92584,1.0,0.0,1.0,,,0.0
26075,15.564875,1.0,0.0,1.0,,,0.0
26076,14.700386,1.0,0.0,1.0,,,0.0
26077,26.253965,1.0,0.0,1.0,,,0.0
26078,17.131384,1.0,0.0,1.0,,,0.0
26079,6.1964793,1.0,0.0,1.0,,,0.0
26080,3.4889157,1.0,0.0,1.0,,,0.0
26081,10.84549,1.0,0.0,1.0,,,0.0
26082,11.544022,1.0,0.0,1.0,,,0.0
26083,11.572532,1.0,0.0,1.0,,,0.0
26084,1.0471485,1.0,0.0058479533,1.0,,,0.0
26085,7.4969344,1.0,0.0,1.0,,,0.0
26086,15.140724,1.0,0.0,1.0,,,0.0
26087,2.8132048,1.0,0.013333334,1.0,,,0.0
26088,17.710821,1.0,0.0,1.0,,,0.0
26089,1.9152672,1.0,0.0,1.0,,,0.0
26090,36.13066,1.0,0.003921569,1.0,,,0.0
26091,35.701984,1.0,0.0,1.0,,,0.0
26092,13.32918,1.0,0.0,1.0,,,0.0
26093,22.628185,1.0,0.0,1.0,,,0.0
26094,8.57208,1.0,0.0,1.0,,,0.0
26095,1.7211878,1.0,0.0,1.0,,,0.0
26096,23.783321,1.0,0.0,1.0,,,0.0
26097,12.566214,1.0,0.0,1.0,,,0.0
26098,10.914854,1.0,0.0,1.0,,,0.0
26099,3.0272613,1.0,0.0,1.0,,,0.0
26100,13.7393,1.0,0.0,1.0,,,0.0
26101,13.023564,1.0,0.0,1.0,,,0.0
26102,5.091678,1.0,0.0,1.0,,,0.0
26103,5.171675,1.0,0.0,1.0,,,0.0
26104,16.150284,1.0,0.0,1.0,,,0.0
26105,6.63348,1.0,0.0,1.0,,,0.0
26106,63.727287,1.0,0.0,1.0,,,0.0
26107,8.284503,1.0,0.0,1.0,,,0.0
26108,6.6711597,1.0,0.0,1.0,,,0.0
26109,1.6052872,1.0,0.002570694,1.0,,,0.0
26110,5.4948792,1.0,0.0,1.0,,,0.0
26111,18.622063,1.0,0.0,1.0,,,0.0
26112,3.015241,1.0,0.0,1.0,,,0.0
26113,28.589708,1.0,0.0,1.0,,,0.0
26114,6.2458153,1.0,0.0022371365,1.0,,,0.0
26115,17.851454,1.0,0.0,1.0,,,0.0
26116,1.7851925,1.0,0.007874016,1.0,,,0.0
26117,17.205826,1.0,0.0,1.0,,,0.0
26118,7.0323925,1.0,0.0,1.0,,,0.0
26119,15.695861,1.0,0.0,1.0,,,0.0
26120,39.54712,1.0,0.0,1.0,,,0.0
26121,31.970627,1.0,0.0,1.0,,,0.0
26122,29.138422,1.0,0.0,1.0,,,0.0
26123,1.7059594,1.0,0.011428571,1.0,,,0.0
26124,22.154835,1.0,0.0,1.0,,,0.0
26125,7.0518494,1.0,0.0,1.0,,,0.0
26126,16.009295,1.0,0.0,1.0,,,0.0
26127,17.52716,1.0,0.0,1.0,,,0.0
26128,37.639343,1.0,0.0,1.0,,,0.0
26129,1.7651721,1.0,0.0,1.0,,,0.0
26130,6.684581,1.0,0.0,1.0,,,0.0
26131,5.248522,1.0,0.0,1.0,,,0.0
26132,4.2032304,1.0,0.0,1.0,,,0.0
26133,2.885829,1.0,0.0,1.0,,,0.0
26134,25.663242,1.0,0.0,1.0,,,0.0
26135,13.451177,1.0,0.0,1.0,,,0.0
26136,32.03548,1.0,0.0,1.0,,,0.0
26137,43.86323,1.0,0.0,1.0,,,0.0
26138,6.5125213,1.0,0.0,1.0,,,0.0
26139,41.83559,1.0,0.013157895,1.0,,,0.0
26140,33.97899,1.0,0.0,1.0,,,0.0
26141,3.9269083,1.0,0.0,1.0,,,0.0
26142,14.6236315,1.0,0.0,1.0,,,0.0
26143,4.4048643,1.0,0.0,1.0,,,0.0
26144,2.37244,1.0,0.0,1.0,,,0.0
26145,5.258862,1.0,0.0074626864,1.0,,,0.0
26146,2.0139167,1.0,0.0,1.0,,,0.0
26147,25.757715,1.0,0.0,1.0,,,0.0
26148,4.4611816,1.0,0.0,1.0,,,0.0
26149,1.5527613,1.0,0.0,1.0,,,0.0
26150,5.104397,1.0,0.0,1.0,,,0.0
26151,4.437476,1.0,0.0,1.0,,,0.0
26152,18.102116,1.0,0.0,1.0,,,0.0
26153,5.5871525,1.0,0.0,1.0,,,0.0
26154,1.5466472,1.0,0.008695652,1.0,,,0.0
26155,5.915387,1.0,0.0,1.0,,,0.0
26156,1.9043924,1.0,0.0036363637,1.0,,,0.0
26157,7.5353274,1.0,0.0,1.0,,,0.0
26158,19.595388,1.0,0.0,1.0,,,0.0
26159,19.009827,1.0,0.0,1.0,,,0.0
26160,1.7120359,1.0,0.007352941,1.0,,,0.0
26161,64.768616,1.0,0.0,1.0,,,0.0
26162,19.524166,1.0,0.0,1.0,,,0.0
26163,11.056958,1.0,0.0,1.0,,,0.0
26164,1.4391149,1.0,0.0,1.0,,,0.0
26165,1.1995418,1.0,0.0,1.0,,,0.0
26166,15.748296,1.0,0.0,1.0,,,0.0
26167,15.610687,1.0,0.0,1.0,,,0.0
26168,15.172309,1.0,0.0,1.0,,,0.0
26169,11.260857,1.0,0.0,1.0,,,0.0
26170,25.578806,1.0,0.0,1.0,,,0.0
26171,6.5161295,1.0,0.0,1.0,,,0.0
26172,18.53786,1.0,0.015873017,1.0,,,0.0
26173,11.639606,1.0,0.0,1.0,,,0.0
26174,2.7464287,1.0,0.0,1.0,,,0.0
26175,5.9250507,1.0,0.0,1.0,,,0.0
26176,4.627841,1.0,0.0,1.0,,,0.0
26177,20.227179,1.0,0.0,1.0,,,0.0
26178,5.996732,1.0,0.0,1.0,,,0.0
26179,3.039952,1.0,0.0,1.0,,,0.0
26180,1.7169234,1.0,0.0,1.0,,,0.0
26181,50.839977,1.0,0.0,1.0,,,0.0
26182,16.885338,1.0,0.0,1.0,,,0.0
26183,11.119252,1.0,0.0,1.0,,,0.0
26184,1.3513951,1.0,0.0,1.0,,,0.0
26185,3.9398386,1.0,0.0,1.0,,,0.0
26186,3.822781,1.0,0.0,1.0,,,0.0
26187,9.450678,1.0,0.0026954177,1.0,,,0.0
26188,51.56755,1.0,0.0,1.0,,,0.0
26189,1.9506469,1.0,0.0,1.0,,,0.0
26190,24.130167,1.0,0.0,1.0,,,0.0
26191,8.116765,1.0,0.0,1.0,,,0.0
26192,2.7344291,1.0,0.0,1.0,,,0.0
26193,8.882333,1.0,0.0,1.0,,,0.0
26194,9.18991,1.0,0.0,1.0,,,0.0
26195,6.6748915,1.0,0.0,1.0,,,0.0
26196,3.8570163,1.0,0.0,1.0,,,0.0
26197,8.220824,1.0,0.0,1.0,,,0.0
26198,26.364855,1.0,0.0,1.0,,,0.0
26199,24.198574,1.0,0.0,1.0,,,0.0
26200,8.990678,1.0,0.0,1.0,,,0.0
26201,16.459791,1.0,0.0,1.0,,,0.0
26202,11.139916,1.0,0.0,1.0,,,0.0
26203,20.637543,1.0,0.0,1.0,,,0.0
26204,2.1152213,1.0,0.0,1.0,,,0.0
26205,37.332947,1.0,0.0,1.0,,,0.0
26206,17.666626,1.0,0.0,1.0,,,0.0
26207,43.276054,1.0,0.0,1.0,,,0.0
26208,9.025703,1.0,0.0,1.0,,,0.0
26209,28.684065,1.0,0.0,1.0,,,0.0
26210,5.614506,1.0,0.013513514,1.0,,,0.0
26211,10.941774,1.0,0.0,1.0,,,0.0
26212,7.402244,1.0,0.0,1.0,,,0.0
26213,4.840003,1.0,0.0,1.0,,,0.0
26214,6.4607663,1.0,0.0,1.0,,,0.0
26215,3.8883104,1.0,0.0,1.0,,,0.0
26216,8.235971,1.0,0.0,1.0,,,0.0
26217,1.7803456,1.0,0.0,1.0,,,0.0
26218,9.392084,1.0,0.0,1.0,,,0.0
26219,10.960106,1.0,0.0,1.0,,,0.0
26220,9.4137125,1.0,0.0,1.0,,,0.0
26221,2.5363214,1.0,0.0,1.0,,,0.0
26222,24.103207,1.0,0.0078125,1.0,,,0.0
26223,3.750141,1.0,0.0,1.0,,,0.0
26224,14.592158,1.0,0.0036231885,1.0,,,0.0
26225,11.474963,1.0,0.0,1.0,,,0.0
26226,23.234327,1.0,0.0,1.0,,,0.0
26227,30.705864,1.0,0.0,1.0,,,0.0
26228,9.528379,1.0,0.0,1.0,,,0.0
26229,17.551826,1.0,0.0,1.0,,,0.0
26230,1.0913335,1.0,0.0,1.0,,,0.0
26231,7.0972137,1.0,0.0,1.0,,,0.0
26232,5.8312163,1.0,0.0,1.0,,,0.0
26233,13.819099,1.0,0.0,1.0,,,0.0
26234,17.861702,1.0,0.0,1.0,,,0.0
26235,8.775678,1.0,0.008547009,1.0,,,0.0
26236,32.835667,1.0,0.0,1.0,,,0.0
26237,10.135539,1.0,0.0,1.0,,,0.0
26238,26.795074,1.0,0.0,1.0,,,0.0
26239,29.709818,1.0,0.0,1.0,,,0.0
26240,2.1113203,1.0,0.0,1.0,,,0.0
26241,15.177498,1.0,0.0,1.0,,,0.0
26242,7.082824,1.0,0.0,1.0,,,0.0
26243,0.8345775,1.0,0.0,1.0,,,0.0
26244,12.54788,1.0,0.0,1.0,,,0.0
26245,32.729725,1.0,0.0,1.0,,,0.0
26246,9.108281,1.0,0.015384615,1.0,,,0.0
26247,2.3786578,1.0,0.0,1.0,,,0.0
26248,15.200306,1.0,0.0,1.0,,,0.0
26249,2.2489295,1.0,0.0,1.0,,,0.0
26250,31.634468,1.0,0.0,1.0,,,0.0
26251,7.2896466,1.0,0.0,1.0,,,0.0
26252,7.5358257,1.0,0.027027028,1.0,,,0.0
26253,68.531425,1.0,0.0,1.0,,,0.0
26254,18.200136,1.0,0.0,1.0,,,0.0
26255,11.27605,1.0,0.0,1.0,,,0.0
26256,3.670717,1.0,0.0,1.0,,,0.0
26257,6.8283534,1.0,0.0,1.0,,,0.0
26258,0.47960106,1.0,0.0,1.0,,,0.0
26259,1.7737705,1.0,0.25,1.0,,,0.0
26260,36.548706,1.0,0.0,1.0,,,0.0
26261,5.9040275,1.0,0.006451613,1.0,,,0.0
26262,18.158268,1.0,0.0,1.0,,,0.0
26263,1.3087301,1.0,0.0,1.0,,,0.0
26264,5.2522745,1.0,0.0,1.0,,,0.0
26265,11.215111,1.0,0.0,1.0,,,0.0
26266,15.36048,1.0,0.0,1.0,,,0.0
26267,27.383442,1.0,0.0,1.0,,,0.0
26268,9.335449,1.0,0.0,1.0,,,0.0
26269,42.420937,1.0,0.0,1.0,,,0.0
26270,57.20817,1.0,0.0,1.0,,,0.0
26271,8.129485,1.0,0.0,1.0,,,0.0
26272,4.068778,1.0,0.0,1.0,,,0.0
26273,6.063712,1.0,0.0,1.0,,,0.0
26274,4.7894373,1.0,0.0,1.0,,,0.0
26275,23.490244,1.0,0.0,1.0,,,0.0
26276,0.5268535,1.0,0.0,1.0,,,0.0
26277,7.788344,1.0,0.0,1.0,,,0.0
26278,8.089057,1.0,0.0,1.0,,,0.0
26279,12.231929,1.0,0.0,1.0,,,0.0
26280,12.289663,1.0,0.0,1.0,,,0.0
26281,2.870127,1.0,0.0,1.0,,,0.0
26282,39.433228,1.0,0.0,1.0,,,0.0
26283,21.621307,1.0,0.0,1.0,,,0.0
26284,2.8530793,1.0,0.0,1.0,,,0.0
26285,34.77546,1.0,0.0,1.0,,,0.0
26286,4.6222734,1.0,0.0066225166,1.0,,,0.0
26287,28.163826,1.0,0.0,1.0,,,0.0
26288,37.80578,1.0,0.0,1.0,,,0.0
26289,18.903006,1.0,0.014285714,1.0,,,0.0
26290,8.515113,1.0,0.0,1.0,,,0.0
26291,43.276054,1.0,0.0,1.0,,,0.0
26292,4.5161395,1.0,0.0,1.0,,,0.0
26293,11.256665,1.0,0.0,1.0,,,0.0
26294,8.882333,1.0,0.0,1.0,,,0.0
26295,7.847654,1.0,0.0,1.0,,,0.0
26296,5.084662,1.0,0.0,1.0,,,0.0
26297,6.750834,1.0,0.0,1.0,,,0.0
26298,2.8365967,1.0,0.0,1.0,,,0.0
26299,9.710445,1.0,0.0,1.0,,,0.0
26300,2.8396485,1.0,0.0,1.0,,,0.0
26301,7.5187078,1.0,0.0,1.0,,,0.0
26302,5.125937,1.0,0.0,1.0,,,0.0
26303,3.9311616,1.0,0.0,1.0,,,0.0
26304,3.0886095,1.0,0.0,1.0,,,0.0
26305,1.7760984,1.0,0.0,1.0,,,0.0
26306,3.9204094,1.0,0.0,1.0,,,0.0
26307,1.7870293,1.0,0.0,1.0,,,0.0
26308,4.2343054,1.0,0.0,1.0,,,0.0
26309,2.4516516,1.0,0.0,1.0,,,0.0
26310,8.320311,1.0,0.0,1.0,,,0.0
26311,23.8898,1.0,0.0,1.0,,,0.0
26312,3.4446445,1.0,0.012048192,1.0,,,0.0
26313,6.20008,1.0,0.0,1.0,,,0.0
26314,2.9211068,1.0,0.0,1.0,,,0.0
26315,2.5596743,1.0,0.0,1.0,,,0.0
26316,31.314589,1.0,0.0,1.0,,,0.0
26317,4.141032,1.0,0.0,1.0,,,0.0
26318,7.3675046,1.0,0.0,1.0,,,0.0
26319,1.180261,1.0,0.0,1.0,,,0.0
26320,3.7775211,1.0,0.0,1.0,,,0.0
26321,3.8622894,1.0,0.0,1.0,,,0.0
26322,24.806047,1.0,0.0,1.0,,,0.0
26323,0.79433876,1.0,0.0,1.0,,,0.0
26324,7.9605727,1.0,0.0,1.0,,,0.0
26325,16.884632,1.0,0.0,1.0,,,0.0
26326,5.9341407,1.0,0.0,1.0,,,0.0
26327,30.328583,1.0,0.0,1.0,,,0.0
26328,5.394208,1.0,0.0,1.0,,,0.0
26329,13.608448,1.0,0.0,1.0,,,0.0
26330,12.289663,1.0,0.0,1.0,,,0.0
26331,23.596943,1.0,0.0,1.0,,,0.0
26332,19.827127,1.0,0.0,1.0,,,0.0
26333,1.780697,1.0,0.013333334,1.0,,,0.0
26334,9.321193,1.0,0.0,1.0,,,0.0
26335,11.0092945,1.0,0.0,1.0,,,0.0
26336,42.574345,1.0,0.0,1.0,,,0.0
26337,20.19856,1.0,0.0,1.0,,,0.0
26338,8.986721,1.0,0.0,1.0,,,0.0
26339,3.837535,1.0,0.0,1.0,,,0.0
26340,26.17644,1.0,0.0,1.0,,,0.0
26341,3.1265407,1.0,0.0,1.0,,,0.0
26342,3.6948879,1.0,0.0,1.0,,,0.0
26343,36.66546,1.0,0.0,1.0,,,0.0
26344,21.77913,1.0,0.0031545742,1.0,,,0.0
26345,22.118126,1.0,0.083333336,1.0,,,0.0
26346,14.128893,1.0,0.0,1.0,,,0.0
26347,10.67255,1.0,0.0,1.0,,,0.0
26348,29.331173,1.0,0.0,1.0,,,0.0
26349,7.847751,1.0,0.0,1.0,,,0.0
26350,9.651933,1.0,0.0,1.0,,,0.0
26351,20.25623,1.0,0.0,1.0,,,0.0
26352,23.876856,1.0,0.0,1.0,,,0.0
26353,9.805939,1.0,0.0,1.0,,,0.0
26354,1.7624296,1.0,0.0057471264,1.0,,,0.0
26355,3.5521953,1.0,0.0,1.0,,,0.0
26356,1.793577,1.0,0.0054054055,1.0,,,0.0
26357,21.68204,1.0,0.0,1.0,,,0.0
26358,19.482624,1.0,0.0,1.0,,,0.0
26359,14.5990715,1.0,0.0,1.0,,,0.0
26360,8.257441,1.0,0.0,1.0,,,0.0
26361,9.664444,1.0,0.0,1.0,,,0.0
26362,29.019789,1.0,0.0,1.0,,,0.0
26363,18.218977,1.0,0.0,1.0,,,0.0
26364,1.8600091,1.0,0.0,1.0,,,0.0
26365,5.8027687,1.0,0.0,1.0,,,0.0
26366,4.032815,1.0,0.0,1.0,,,0.0
26367,30.040243,1.0,0.0,1.0,,,0.0
26368,5.876188,1.0,0.03846154,1.0,,,0.0
26369,4.188113,1.0,0.032258064,1.0,,,0.0
26370,2.3489683,1.0,0.012903226,1.0,,,0.0
26371,15.327382,1.0,0.0,1.0,,,0.0
26372,2.0021346,1.0,0.0,1.0,,,0.0
26373,8.572276,1.0,0.0,1.0,,,0.0
26374,14.659108,1.0,0.0,1.0,,,0.0
26375,14.096849,1.0,0.0,1.0,,,0.0
26376,9.271936,1.0,0.0,1.0,,,0.0
26377,6.6205173,1.0,0.0,1.0,,,0.0
26378,18.928402,1.0,0.0,1.0,,,0.0
26379,23.062561,1.0,0.0,1.0,,,0.0
26380,24.749247,1.0,0.0,1.0,,,0.0
26381,11.041275,1.0,0.0,1.0,,,0.0
26382,14.192277,1.0,0.0,1.0,,,0.0
26383,12.248856,1.0,0.0,1.0,,,0.0
26384,9.920197,1.0,0.0,1.0,,,0.0
26385,1.4455221,1.0,0.0,1.0,,,0.0
26386,1.6519485,1.0,0.0,1.0,,,0.0
26387,8.061463,1.0,0.0,1.0,,,0.0
26388,7.5386705,1.0,0.0,1.0,,,0.0
26389,18.549002,1.0,0.0,1.0,,,0.0
26390,2.3266914,1.0,0.0,1.0,,,0.0
26391,4.6175523,1.0,0.0,1.0,,,0.0
26392,8.465124,1.0,0.0,1.0,,,0.0
26393,7.2915874,1.0,0.0,1.0,,,0.0
26394,1.987694,1.0,0.010362694,1.0,,,0.0
26395,7.2915874,1.0,0.0,1.0,,,0.0
26396,23.673264,1.0,0.0,1.0,,,0.0
26397,4.3251843,1.0,0.009009009,1.0,,,0.0
26398,1.5912719,1.0,0.0,1.0,,,0.0
26399,25.010864,1.0,0.0,1.0,,,0.0
26400,17.635798,1.0,0.0,1.0,,,0.0
26401,10.237542,1.0,0.0,1.0,,,0.0
26402,5.012233,1.0,0.0,1.0,,,0.0
26403,1.2810702,1.0,0.0,1.0,,,0.0
26404,3.025869,1.0,0.008064516,1.0,,,0.0
26405,20.398426,1.0,0.0,1.0,,,0.0
26406,8.52271,1.0,0.0,1.0,,,0.0
26407,0.74541193,1.0,0.0,1.0,,,0.0
26408,1.7059594,1.0,0.0,1.0,,,0.0
26409,6.0079026,1.0,0.0,1.0,,,0.0
26410,9.714267,1.0,0.0,1.0,,,0.0
26411,4.69217,1.0,0.0,1.0,,,0.0
26412,22.039587,1.0,0.0,1.0,,,0.0
26413,48.330437,1.0,0.0,1.0,,,0.0
26414,15.5459175,1.0,0.0,1.0,,,0.0
26415,4.911495,1.0,0.0,1.0,,,0.0
26416,2.2368877,1.0,0.0,1.0,,,0.0
26417,8.451652,1.0,0.0,1.0,,,0.0
26418,7.9727774,1.0,0.0,1.0,,,0.0
26419,1.2945048,1.0,0.0,1.0,,,0.0
26420,1.0929662,1.0,0.0,1.0,,,0.0
26421,23.434078,1.0,0.0,1.0,,,0.0
26422,12.668288,1.0,0.0,1.0,,,0.0
26423,7.77163,1.0,0.0,1.0,,,0.0
26424,25.317003,1.0,0.0,1.0,,,0.0
26425,19.331314,1.0,0.0,1.0,,,0.0
26426,25.527897,1.0,0.0,1.0,,,0.0
26427,3.0362327,1.0,0.0,1.0,,,0.0
26428,5.310717,1.0,0.0,1.0,,,0.0
26429,16.563026,1.0,0.0,1.0,,,0.0
26430,2.7799149,1.0,0.0,1.0,,,0.0
26431,17.802874,1.0,0.0,1.0,,,0.0
26432,16.266764,1.0,0.0,1.0,,,0.0
26433,9.271963,1.0,0.0,1.0,,,0.0
26434,4.304673,1.0,0.0,1.0,,,0.0
26435,18.307943,1.0,0.0,1.0,,,0.0
26436,4.241016,1.0,0.0,1.0,,,0.0
26437,18.19593,1.0,0.0,1.0,,,0.0
26438,10.621163,1.0,0.0,1.0,,,0.0
26439,12.805389,1.0,0.0,1.0,,,0.0
26440,16.99164,1.0,0.0,1.0,,,0.0
26441,8.441843,1.0,0.0,1.0,,,0.0
26442,25.082806,1.0,0.0,1.0,,,0.0
26443,2.218985,1.0,0.0,1.0,,,0.0
26444,7.0525346,1.0,0.0,1.0,,,0.0
26445,0.59204996,1.0,0.020833334,1.0,,,0.0
26446,8.005694,1.0,0.0,1.0,,,0.0
26447,4.1440763,1.0,0.0,1.0,,,0.0
26448,1.1524935,1.0,0.0,1.0,,,0.0
26449,5.2098823,1.0,0.0,1.0,,,0.0
26450,17.053886,1.0,0.0,1.0,,,0.0
26451,2.5596743,1.0,0.0,1.0,,,0.0
26452,0.8554146,1.0,0.0,1.0,,,0.0
26453,1.6202712,1.0,0.0,1.0,,,0.0
26454,18.47358,1.0,0.0,1.0,,,0.0
26455,21.964874,1.0,0.0,1.0,,,0.0
26456,69.72588,1.0,0.0,1.0,,,0.0
26457,11.660112,1.0,0.0,1.0,,,0.0
26458,9.627266,1.0,0.0,1.0,,,0.0
26459,12.151961,1.0,0.0,1.0,,,0.0
26460,3.7648506,1.0,0.0,1.0,,,0.0
26461,3.7196083,1.0,0.0,1.0,,,0.0
26462,8.851273,1.0,0.0,1.0,,,0.0
26463,31.98157,1.0,0.018867925,1.0,,,0.0
26464,2.298636,1.0,0.0,1.0,,,0.0
26465,10.816403,1.0,0.007194245,1.0,,,0.0
26466,3.835941,1.0,0.0,1.0,,,0.0
26467,9.127805,1.0,0.0,1.0,,,0.0
26468,12.113005,1.0,0.0,1.0,,,0.0
26469,32.114613,1.0,0.0,1.0,,,0.0
26470,19.371653,1.0,0.0,1.0,,,0.0
26471,16.622372,1.0,0.0,1.0,,,0.0
26472,41.856773,1.0,0.0,1.0,,,0.0
26473,5.403112,1.0,0.0,1.0,,,0.0
26474,32.126717,1.0,0.0,1.0,,,0.0
26475,3.304637,1.0,0.0,1.0,,,0.0
26476,20.810743,1.0,0.0,1.0,,,0.0
26477,25.885262,1.0,0.0,1.0,,,0.0
26478,0.9625105,1.0,0.0,1.0,,,0.0
26479,12.427747,1.0,0.0,1.0,,,0.0
26480,5.2870603,1.0,0.0,1.0,,,0.0
26481,17.840837,1.0,0.0,1.0,,,0.0
26482,8.647755,1.0,0.0,1.0,,,0.0
26483,9.707293,1.0,0.003322259,1.0,,,0.0
26484,4.145135,1.0,0.0,1.0,,,0.0
26485,11.748712,1.0,0.0,1.0,,,0.0
26486,13.76545,1.0,0.0,1.0,,,0.0
26487,3.7562075,1.0,0.0,1.0,,,0.0
26488,2.9661157,1.0,0.014084507,1.0,,,0.0
26489,8.14441,1.0,0.0,1.0,,,0.0
26490,12.264581,1.0,0.0,1.0,,,0.0
26491,25.163176,1.0,0.0,1.0,,,0.0
26492,3.9690566,1.0,0.024390243,1.0,,,0.0
26493,21.864887,1.0,0.0,1.0,,,0.0
26494,8.63427,1.0,0.0,1.0,,,0.0
26495,9.598059,1.0,0.0,1.0,,,0.0
26496,27.558882,1.0,0.0,1.0,,,0.0
26497,7.132774,1.0,0.0,1.0,,,0.0
26498,22.691023,1.0,0.0,1.0,,,0.0
26499,2.799802,1.0,0.0,1.0,,,0.0
26500,42.61417,1.0,0.0,1.0,,,0.0
26501,45.088406,1.0,0.0,1.0,,,0.0
26502,2.4214766,1.0,0.0,1.0,,,0.0
26503,23.970488,1.0,0.0,1.0,,,0.0
26504,3.0054202,1.0,0.0,1.0,,,0.0
26505,23.390242,1.0,0.0,1.0,,,0.0
26506,36.35093,1.0,0.0,1.0,,,0.0
26507,10.868231,1.0,0.0,1.0,,,0.0
26508,5.7093587,1.0,0.0,1.0,,,0.0
26509,2.510072,1.0,0.0077220076,1.0,,,0.0
26510,3.0672681,1.0,0.0,1.0,,,0.0
26511,7.1692543,1.0,0.0,1.0,,,0.0
26512,8.167971,1.0,0.0,1.0,,,0.0
26513,6.188097,1.0,0.0,1.0,,,0.0
26514,0.92387456,1.0,0.25,1.0,,,0.0
26515,18.948994,1.0,0.0,1.0,,,0.0
26516,3.5005012,1.0,0.0,1.0,,,0.0
26517,15.501572,1.0,0.0,1.0,,,0.0
26518,2.4771097,1.0,0.0,1.0,,,0.0
26519,12.19703,1.0,0.0,1.0,,,0.0
26520,11.416682,1.0,0.0,1.0,,,0.0
26521,4.9465094,1.0,0.0,1.0,,,0.0
26522,13.385781,1.0,0.0,1.0,,,0.0
26523,3.805483,1.0,0.0,1.0,,,0.0
26524,43.363792,1.0,0.0,1.0,,,0.0
26525,11.763322,1.0,0.0,1.0,,,0.0
26526,26.484722,1.0,0.0,1.0,,,0.0
26527,2.3640156,1.0,0.0,1.0,,,0.0
26528,17.05777,1.0,0.0,1.0,,,0.0
26529,11.252026,1.0,0.0,1.0,,,0.0
26530,3.9144573,1.0,0.0,1.0,,,0.0
26531,37.942635,1.0,0.0,1.0,,,0.0
26532,4.990839,1.0,0.0,1.0,,,0.0
26533,6.6366215,1.0,0.0,1.0,,,0.0
26534,15.769545,1.0,0.0,1.0,,,0.0
26535,14.7226305,1.0,0.0,1.0,,,0.0
26536,2.9693673,1.0,0.0,1.0,,,0.0
26537,8.088149,1.0,0.0,1.0,,,0.0
26538,5.5109196,1.0,0.0,1.0,,,0.0
26539,3.979411,1.0,0.007142857,1.0,,,0.0
26540,16.367472,1.0,0.0,1.0,,,0.0
26541,38.311577,1.0,0.0,1.0,,,0.0
26542,39.024807,1.0,0.0,1.0,,,0.0
26543,2.923769,1.0,0.035714287,1.0,,,0.0
26544,6.858695,1.0,0.0,1.0,,,0.0
26545,10.321869,1.0,0.0,1.0,,,0.0
26546,25.47288,1.0,0.0,1.0,,,0.0
26547,31.897554,1.0,0.0,1.0,,,0.0
26548,3.7090127,1.0,0.0,1.0,,,0.0
26549,17.502083,1.0,0.0,1.0,,,0.0
26550,32.517662,1.0,0.0,1.0,,,0.0
26551,21.86418,1.0,0.0,1.0,,,0.0
26552,21.617445,1.0,0.0,1.0,,,0.0
26553,5.076908,1.0,0.0,1.0,,,0.0
26554,39.690876,1.0,0.0,1.0,,,0.0
26555,10.301084,1.0,0.0057803467,1.0,,,0.0
26556,13.569645,1.0,0.0,1.0,,,0.0
26557,14.647486,1.0,0.0,1.0,,,0.0
26558,44.611576,1.0,0.0,1.0,,,0.0
26559,34.372967,1.0,0.0,1.0,,,0.0
26560,21.479454,1.0,0.0,1.0,,,0.0
26561,18.42681,1.0,0.0,1.0,,,0.0
26562,6.6369267,1.0,0.0,1.0,,,0.0
26563,5.277267,1.0,0.012048192,1.0,,,0.0
26564,4.228145,1.0,0.0,1.0,,,0.0
26565,8.803052,1.0,0.0,1.0,,,0.0
26566,3.4058268,1.0,0.0,1.0,,,0.0
26567,2.1152213,1.0,0.0,1.0,,,0.0
26568,20.988853,1.0,0.0,1.0,,,0.0
26569,5.5874043,1.0,0.0,1.0,,,0.0
26570,6.9560695,1.0,0.0,1.0,,,0.0
26571,7.238444,1.0,0.0,1.0,,,0.0
26572,6.9191113,1.0,0.010752688,1.0,,,0.0
26573,10.292553,1.0,0.0,1.0,,,0.0
26574,8.350668,1.0,0.0,1.0,,,0.0
26575,53.026596,1.0,0.0,1.0,,,0.0
26576,7.4865575,1.0,0.0,1.0,,,0.0
26577,4.1489115,1.0,0.0,1.0,,,0.0
26578,2.4794269,1.0,0.0,1.0,,,0.0
26579,29.98109,1.0,0.0,1.0,,,0.0
26580,9.092001,1.0,0.0,1.0,,,0.0
26581,4.309883,1.0,0.008,1.0,,,0.0
26582,26.40676,1.0,0.0,1.0,,,0.0
26583,6.171707,1.0,0.0,1.0,,,0.0
26584,10.459357,1.0,0.0,1.0,,,0.0
26585,43.82759,1.0,0.0,1.0,,,0.0
26586,7.0352707,1.0,0.0,1.0,,,0.0
26587,22.359007,1.0,0.0,1.0,,,0.0
26588,3.5234637,1.0,0.0,1.0,,,0.0
26589,1.3039412,1.0,0.0,1.0,,,0.0
26590,1.614666,1.0,0.0,1.0,,,0.0
26591,22.211111,1.0,0.0,1.0,,,0.0
26592,6.581911,1.0,0.0,1.0,,,0.0
26593,11.433817,1.0,0.0,1.0,,,0.0
26594,2.4718459,1.0,0.0,1.0,,,0.0
26595,13.640062,1.0,0.008474576,1.0,,,0.0
26596,17.45198,1.0,0.0,1.0,,,0.0
26597,29.836897,1.0,0.0,1.0,,,0.0
26598,8.595297,1.0,0.0,1.0,,,0.0
26599,10.614885,1.0,0.010752688,1.0,,,0.0
26600,6.3623285,1.0,0.0,1.0,,,0.0
26601,17.994062,1.0,0.0,1.0,,,0.0
26602,6.650081,1.0,0.0,1.0,,,0.0
26603,21.844057,1.0,0.0,1.0,,,0.0
26604,5.563219,1.0,0.0,1.0,,,0.0
26605,6.242818,1.0,0.0,1.0,,,0.0
26606,25.49145,1.0,0.0,1.0,,,0.0
26607,17.782154,1.0,0.0,1.0,,,0.0
26608,3.4580216,1.0,0.0,1.0,,,0.0
26609,4.6964917,1.0,0.005586592,1.0,,,0.0
26610,15.946704,1.0,0.0,1.0,,,0.0
26611,3.8183205,1.0,0.0,1.0,,,0.0
26612,3.3523517,1.0,0.0,1.0,,,0.0
26613,6.948309,1.0,0.0,1.0,,,0.0
26614,17.524515,1.0,0.0,1.0,,,0.0
26615,11.7456,1.0,0.0,1.0,,,0.0
26616,5.166971,1.0,0.004524887,1.0,,,0.0
26617,12.111128,1.0,0.0,1.0,,,0.0
26618,8.381731,1.0,0.0,1.0,,,0.0
26619,11.297608,1.0,0.01010101,1.0,,,0.0
26620,17.731949,1.0,0.0,1.0,,,0.0
26621,3.928765,1.0,0.0,1.0,,,0.0
26622,22.18502,1.0,0.0,1.0,,,0.0
26623,19.406836,1.0,0.0,1.0,,,0.0
26624,33.21839,1.0,0.0,1.0,,,0.0
26625,10.705531,1.0,0.0,1.0,,,0.0
26626,34.49035,1.0,0.0,1.0,,,0.0
26627,8.166445,1.0,0.0,1.0,,,0.0
26628,3.840537,1.0,0.0,1.0,,,0.0
26629,44.17085,1.0,0.0,1.0,,,0.0
26630,24.501682,1.0,0.0,1.0,,,0.0
26631,3.1773138,1.0,0.005988024,1.0,,,0.0
26632,17.971159,1.0,0.0,1.0,,,0.0
26633,6.582887,1.0,0.0,1.0,,,0.0
26634,9.373476,1.0,0.0,1.0,,,0.0
26635,8.308546,1.0,0.0,1.0,,,0.0
26636,67.00446,1.0,0.009708738,1.0,,,0.0
26637,8.948303,1.0,0.0,1.0,,,0.0
26638,30.91658,1.0,0.0,1.0,,,0.0
26639,28.593393,1.0,0.0,1.0,,,0.0
26640,19.009827,1.0,0.0,1.0,,,0.0
26641,4.8345423,1.0,0.0,1.0,,,0.0
26642,1.7851925,1.0,0.027027028,1.0,,,0.0
26643,2.603222,1.0,0.0,1.0,,,0.0
26644,5.2758393,1.0,0.0,1.0,,,0.0
26645,2.0907934,1.0,0.0,1.0,,,0.0
26646,8.64551,1.0,0.0,1.0,,,0.0
26647,7.0710444,1.0,0.0,1.0,,,0.0
26648,24.945095,1.0,0.0,1.0,,,0.0
26649,2.429203,1.0,0.0,1.0,,,0.0
26650,2.9084415,1.0,0.0,1.0,,,0.0
26651,5.336957,1.0,0.004255319,1.0,,,0.0
26652,2.8453019,1.0,0.012658228,1.0,,,0.0
26653,3.595356,1.0,0.0,1.0,,,0.0
26654,3.4350414,1.0,0.0,1.0,,,0.0
26655,3.3062575,1.0,0.0,1.0,,,0.0
26656,17.655048,1.0,0.0,1.0,,,0.0
26657,43.45475,1.0,0.0,1.0,,,0.0
26658,4.1842422,1.0,0.0,1.0,,,0.0
26659,12.977559,1.0,0.0,1.0,,,0.0
26660,9.470682,1.0,0.0,1.0,,,0.0
26661,1.4224825,1.0,0.005291005,1.0,,,0.0
26662,9.757698,1.0,0.0,1.0,,,0.0
26663,18.617317,1.0,0.0,1.0,,,0.0
26664,7.30788,1.0,0.002079002,1.0,,,0.0
26665,2.3394578,1.0,0.0,1.0,,,0.0
26666,11.380848,1.0,0.0,1.0,,,0.0
26667,10.75477,1.0,0.0,1.0,,,0.0
26668,1.7001191,1.0,0.0,1.0,,,0.0
26669,90.2831,1.0,0.0066225166,1.0,,,0.0
26670,26.676054,1.0,0.0,1.0,,,0.0
26671,28.610165,1.0,0.0,1.0,,,0.0
26672,52.59856,1.0,0.0,1.0,,,0.0
26673,6.4001665,1.0,0.0,1.0,,,0.0
26674,45.83575,1.0,0.0,1.0,,,0.0
26675,5.841916,1.0,0.0,1.0,,,0.0
26676,23.610413,1.0,0.0,1.0,,,0.0
26677,0.3263631,1.0,0.0,1.0,,,0.0
26678,15.74673,1.0,0.0,1.0,,,0.0
26679,45.35113,1.0,0.0,1.0,,,0.0
26680,8.613556,1.0,0.0,1.0,,,0.0
26681,3.8191617,1.0,0.0,1.0,,,0.0
26682,8.031329,1.0,0.0054054055,1.0,,,0.0
26683,35.421356,1.0,0.0,1.0,,,0.0
26684,8.664635,1.0,0.0,1.0,,,0.0
26685,14.969397,1.0,0.0,1.0,,,0.0
26686,1.2252004,1.0,0.0,1.0,,,0.0
26687,1.0471485,1.0,0.0,1.0,,,0.0
26688,3.3579836,1.0,0.0,1.0,,,0.0
26689,27.853294,1.0,0.0,1.0,,,0.0
26690,9.855789,1.0,0.0,1.0,,,0.0
26691,9.805939,1.0,0.0,1.0,,,0.0
26692,11.382668,1.0,0.0,1.0,,,0.0
26693,31.726278,1.0,0.0,1.0,,,0.0
26694,19.24602,1.0,0.0,1.0,,,0.0
26695,5.6856375,1.0,0.0,1.0,,,0.0
26696,5.85604,1.0,0.0,1.0,,,0.0
26697,1.2114536,1.0,0.0,1.0,,,0.0
26698,16.701069,1.0,0.007194245,1.0,,,0.0
26699,3.7650645,1.0,0.0066225166,1.0,,,0.0
26700,5.173275,1.0,0.0,1.0,,,0.0
26701,2.3636858,1.0,0.0,1.0,,,0.0
26702,2.8936722,1.0,0.0,1.0,,,0.0
26703,7.8909144,1.0,0.0,1.0,,,0.0
26704,5.4741364,1.0,0.0,1.0,,,0.0
26705,4.2937818,1.0,0.0,1.0,,,0.0
26706,4.378418,1.0,0.0,1.0,,,0.0
26707,42.46549,1.0,0.0,1.0,,,0.0
26708,30.350233,1.0,0.0,1.0,,,0.0
26709,10.999615,1.0,0.0,1.0,,,0.0
26710,5.267328,1.0,0.0,1.0,,,0.0
26711,45.13609,1.0,0.0,1.0,,,0.0
26712,15.499711,1.0,0.0,1.0,,,0.0
26713,4.234954,1.0,0.0,1.0,,,0.0
26714,27.15014,1.0,0.0,1.0,,,0.0
26715,3.3010097,1.0,0.004524887,1.0,,,0.0
26716,21.041466,1.0,0.0,1.0,,,0.0
26717,10.668037,1.0,0.030303031,1.0,,,0.0
26718,2.230608,1.0,0.006802721,1.0,,,0.0
26719,11.029683,1.0,0.0,1.0,,,0.0
26720,16.002432,1.0,0.0,1.0,,,0.0
26721,9.57931,1.0,0.0,1.0,,,0.0
26722,21.51996,1.0,0.0023640662,1.0,,,0.0
26723,10.61107,1.0,0.021978023,1.0,,,0.0
26724,25.609583,1.0,0.0,1.0,,,0.0
26725,7.77163,1.0,0.0,1.0,,,0.0
26726,2.8395894,1.0,0.0028653296,1.0,,,0.0
26727,4.6529846,1.0,0.0,1.0,,,0.0
26728,12.240292,1.0,0.0,1.0,,,0.0
26729,1.4350767,1.0,0.0,1.0,,,0.0
26730,25.468626,1.0,0.0,1.0,,,0.0
26731,9.684182,1.0,0.0,1.0,,,0.0
26732,90.34002,1.0,0.0,1.0,,,0.0
26733,15.338991,1.0,0.0,1.0,,,0.0
26734,79.59619,1.0,0.0,1.0,,,0.0
26735,7.4076,1.0,0.0,1.0,,,0.0
26736,23.507252,1.0,0.0,1.0,,,0.0
26737,14.488538,1.0,0.0,1.0,,,0.0
26738,39.18393,1.0,0.0,1.0,,,0.0
26739,3.8701563,1.0,0.0,1.0,,,0.0
26740,67.477745,1.0,0.0,1.0,,,0.0
26741,5.1185637,1.0,0.0,1.0,,,0.0
26742,27.96857,1.0,0.0,1.0,,,0.0
26743,6.538606,1.0,0.0,1.0,,,0.0
26744,2.3393736,1.0,0.0,1.0,,,0.0
26745,19.41259,1.0,0.0,1.0,,,0.0
26746,3.9146967,1.0,0.0,1.0,,,0.0
26747,16.23795,1.0,0.0,1.0,,,0.0
26748,1.7001191,1.0,0.0,1.0,,,0.0
26749,30.213242,1.0,0.0,1.0,,,0.0
26750,61.210323,1.0,0.0,1.0,,,0.0
26751,7.695878,1.0,0.0,1.0,,,0.0
26752,24.433,1.0,0.0,1.0,,,0.0
26753,5.1657457,1.0,0.0,1.0,,,0.0
26754,1.1609869,1.0,0.0,1.0,,,0.0
26755,1.926108,1.0,0.0,1.0,,,0.0
26756,23.322514,1.0,0.0,1.0,,,0.0
26757,12.699909,1.0,0.0,1.0,,,0.0
26758,5.4004297,1.0,0.0,1.0,,,0.0
26759,7.000279,1.0,0.0,1.0,,,0.0
26760,7.2191586,1.0,0.0,1.0,,,0.0
26761,16.02964,1.0,0.0,1.0,,,0.0
26762,6.1138105,1.0,0.0,1.0,,,0.0
26763,6.3847,1.0,0.0,1.0,,,0.0
26764,26.06644,1.0,0.0,1.0,,,0.0
26765,27.459711,1.0,0.0,1.0,,,0.0
26766,2.3550467,1.0,0.0,1.0,,,0.0
26767,2.4026418,1.0,0.0,1.0,,,0.0
26768,2.8657308,1.0,0.0040816325,1.0,,,0.0
26769,19.310465,1.0,0.0,1.0,,,0.0
26770,44.92765,1.0,0.014925373,1.0,,,0.0
26771,39.84088,1.0,0.0,1.0,,,0.0
26772,4.8029656,1.0,0.0,1.0,,,0.0
26773,13.63411,1.0,0.0,1.0,,,0.0
26774,15.739581,1.0,0.0,1.0,,,0.0
26775,8.958007,1.0,0.0,1.0,,,0.0
26776,2.743902,1.0,0.0,1.0,,,0.0
26777,25.829971,1.0,0.0,1.0,,,0.0
26778,0.8361865,1.0,0.0,1.0,,,0.0
26779,7.3435664,1.0,0.0,1.0,,,0.0
26780,4.737549,1.0,0.011494253,1.0,,,0.0
26781,3.281095,1.0,0.0,1.0,,,0.0
26782,46.97585,1.0,0.0,1.0,,,0.0
26783,3.2532387,1.0,0.0,1.0,,,0.0
26784,15.152315,1.0,0.0,1.0,,,0.0
26785,6.226424,1.0,0.0,1.0,,,0.0
26786,4.827718,1.0,0.0,1.0,,,0.0
26787,37.332947,1.0,0.0,1.0,,,0.0
26788,1.922311,1.0,0.0,1.0,,,0.0
26789,14.829815,1.0,0.0,1.0,,,0.0
26790,5.0800815,1.0,0.0,1.0,,,0.0
26791,3.5276558,1.0,0.011764706,1.0,,,0.0
26792,18.159561,1.0,0.0,1.0,,,0.0
26793,20.264267,1.0,0.0,1.0,,,0.0
26794,7.2860923,1.0,0.0,1.0,,,0.0
26795,6.3362164,1.0,0.0,1.0,,,0.0
26796,5.4639797,1.0,0.00729927,1.0,,,0.0
26797,22.433485,1.0,0.0,1.0,,,0.0
26798,15.518332,1.0,0.0,1.0,,,0.0
26799,8.963264,1.0,0.0,1.0,,,0.0
26800,15.912369,1.0,0.0,1.0,,,0.0
26801,15.344975,1.0,0.0,1.0,,,0.0
26802,21.30014,1.0,0.0,1.0,,,0.0
26803,30.65195,1.0,0.0,1.0,,,0.0
26804,10.502636,1.0,0.0,1.0,,,0.0
26805,1.4478554,1.0,0.0,1.0,,,0.0
26806,23.473904,1.0,0.0,1.0,,,0.0
26807,5.616956,1.0,0.0,1.0,,,0.0
26808,16.175585,1.0,0.0,1.0,,,0.0
26809,6.6531324,1.0,0.0,1.0,,,0.0
26810,1.4544464,1.0,0.0952381,1.0,,,0.0
26811,4.7602034,1.0,0.0,1.0,,,0.0
26812,12.057639,1.0,0.0,1.0,,,0.0
26813,15.857368,1.0,0.0,1.0,,,0.0
26814,6.5274067,1.0,0.0,1.0,,,0.0
26815,10.959066,1.0,0.0,1.0,,,0.0
26816,23.397594,1.0,0.0,1.0,,,0.0
26817,13.838646,1.0,0.0,1.0,,,0.0
26818,10.011621,1.0,0.0,1.0,,,0.0
26819,14.395186,1.0,0.0,1.0,,,0.0
26820,19.79666,1.0,0.0,1.0,,,0.0
26821,8.726748,1.0,0.014492754,1.0,,,0.0
26822,2.872678,1.0,0.003236246,1.0,,,0.0
26823,17.442142,1.0,0.032258064,1.0,,,0.0
26824,25.399754,1.0,0.0,1.0,,,0.0
26825,1.5859413,1.0,0.0,1.0,,,0.0
26826,1.8458667,1.0,0.5,1.0,,,0.0
26827,1.5651438,1.0,0.0,1.0,,,0.0
26828,2.5785956,1.0,0.0049751243,1.0,,,0.0
26829,5.4907575,1.0,0.0,1.0,,,0.0
26830,56.85838,1.0,0.0,1.0,,,0.0
26831,1.5406302,1.0,0.0,1.0,,,0.0
26832,10.298828,1.0,0.003984064,1.0,,,0.0
26833,7.226095,1.0,0.0,1.0,,,0.0
26834,14.653553,1.0,0.0,1.0,,,0.0
26835,20.833323,1.0,0.0,1.0,,,0.0
26836,36.127262,1.0,0.0,1.0,,,0.0
26837,18.26184,1.0,0.0,1.0,,,0.0
26838,31.720434,1.0,0.0,1.0,,,0.0
26839,1.7937475,1.0,0.0,1.0,,,0.0
26840,15.661851,1.0,0.0,1.0,,,0.0
26841,27.49867,1.0,0.0,1.0,,,0.0
26842,9.161034,1.0,0.0,1.0,,,0.0
26843,4.015157,1.0,0.0,1.0,,,0.0
26844,10.046463,1.0,0.0,1.0,,,0.0
26845,10.668552,1.0,0.0,1.0,,,0.0
26846,13.985527,1.0,0.0,1.0,,,0.0
26847,18.23244,1.0,0.0,1.0,,,0.0
26848,12.016247,1.0,0.0,1.0,,,0.0
26849,16.95974,1.0,0.0,1.0,,,0.0
26850,20.804047,1.0,0.0,1.0,,,0.0
26851,6.3139386,1.0,0.0,1.0,,,0.0
26852,17.22903,1.0,0.0,1.0,,,0.0
26853,19.99705,1.0,0.0,1.0,,,0.0
26854,18.362617,1.0,0.0,1.0,,,0.0
26855,10.820617,1.0,0.0,1.0,,,0.0
26856,2.334663,1.0,0.01724138,1.0,,,0.0
26857,3.3803627,1.0,0.0,1.0,,,0.0
26858,14.50178,1.0,0.0,1.0,,,0.0
26859,6.543331,1.0,0.0,1.0,,,0.0
26860,58.39836,1.0,0.0,1.0,,,0.0
26861,15.756499,1.0,0.0,1.0,,,0.0
26862,4.756927,1.0,0.05882353,1.0,,,0.0
26863,15.182661,1.0,0.0,1.0,,,0.0
26864,19.917593,1.0,0.0,1.0,,,0.0
26865,33.16621,1.0,0.016393442,1.0,,,0.0
26866,1.1493624,1.0,0.011764706,1.0,,,0.0
26867,124.35362,1.0,0.0,1.0,,,0.0
26868,23.708342,1.0,0.0,1.0,,,0.0
26869,25.438265,1.0,0.0,1.0,,,0.0
26870,17.653574,1.0,0.0,1.0,,,0.0
26871,9.513192,1.0,0.0,1.0,,,0.0
26872,31.786293,1.0,0.0,1.0,,,0.0
26873,20.433842,1.0,0.0,1.0,,,0.0
26874,7.5910544,1.0,0.0,1.0,,,0.0
26875,18.189339,1.0,0.0,1.0,,,0.0
26876,6.144429,1.0,0.0,1.0,,,0.0
26877,15.330677,1.0,0.0,1.0,,,0.0
26878,7.876822,1.0,0.0,1.0,,,0.0
26879,1.8879958,1.0,0.0,1.0,,,0.0
26880,12.693286,1.0,0.0,1.0,,,0.0
26881,10.267579,1.0,0.0,1.0,,,0.0
26882,3.7549195,1.0,0.022222223,1.0,,,0.0
26883,15.773402,1.0,0.0,1.0,,,0.0
26884,2.181013,1.0,0.0,1.0,,,0.0
26885,13.2429285,1.0,0.0,1.0,,,0.0
26886,64.66152,1.0,0.0,1.0,,,0.0
26887,11.315853,1.0,0.0,1.0,,,0.0
26888,1.5603697,1.0,0.0,1.0,,,0.0
26889,3.1122494,1.0,0.0,1.0,,,0.0
26890,1.3900268,1.0,0.0,1.0,,,0.0
26891,6.9882383,1.0,0.0,1.0,,,0.0
26892,21.094084,1.0,0.0,1.0,,,0.0
26893,19.82148,1.0,0.0,1.0,,,0.0
26894,3.3256106,1.0,0.005181347,1.0,,,0.0
26895,5.6718073,1.0,0.0,1.0,,,0.0
26896,27.43373,1.0,0.0,1.0,,,0.0
26897,6.242632,1.0,0.0,1.0,,,0.0
26898,3.3590345,1.0,0.0,1.0,,,0.0
26899,39.760372,1.0,0.020408163,1.0,,,0.0
26900,1.9648008,1.0,0.0,1.0,,,0.0
26901,3.4032393,1.0,0.0062111802,1.0,,,0.0
26902,14.573719,1.0,0.002770083,1.0,,,0.0
26903,4.792774,1.0,0.0,1.0,,,0.0
26904,2.8550344,1.0,0.0,1.0,,,0.0
26905,3.410673,1.0,0.0,1.0,,,0.0
26906,17.821407,1.0,0.0,1.0,,,0.0
26907,14.269681,1.0,0.0,1.0,,,0.0
26908,3.1392286,1.0,0.0,1.0,,,0.0
26909,14.462691,1.0,0.0,1.0,,,0.0
26910,16.253716,1.0,0.0,1.0,,,0.0
26911,9.823915,1.0,0.0,1.0,,,0.0
26912,17.243198,1.0,0.0,1.0,,,0.0
26913,16.238874,1.0,0.0,1.0,,,0.0
26914,2.8670049,1.0,0.0,1.0,,,0.0
26915,3.5658672,1.0,0.0,1.0,,,0.0
26916,11.152303,1.0,0.0,1.0,,,0.0
26917,2.6869178,1.0,0.0,1.0,,,0.0
26918,0.90606475,1.0,0.0,1.0,,,0.0
26919,19.32072,1.0,0.0,1.0,,,0.0
26920,3.1314275,1.0,0.0,1.0,,,0.0
26921,11.119252,1.0,0.0,1.0,,,0.0
26922,11.287126,1.0,0.0,1.0,,,0.0
26923,5.026128,1.0,0.0,1.0,,,0.0
26924,27.595436,1.0,0.0,1.0,,,0.0
26925,15.185013,1.0,0.0,1.0,,,0.0
26926,24.798576,1.0,0.0,1.0,,,0.0
26927,15.773643,1.0,0.0,1.0,,,0.0
26928,13.446834,1.0,0.0,1.0,,,0.0
26929,4.4297585,1.0,0.0,1.0,,,0.0
26930,1.1529276,1.0,0.0,1.0,,,0.0
26931,7.078152,1.0,0.0,1.0,,,0.0
26932,10.8752365,1.0,0.0,1.0,,,0.0
26933,3.2027762,1.0,0.0,1.0,,,0.0
26934,11.611037,1.0,0.0,1.0,,,0.0
26935,16.417446,1.0,0.0,1.0,,,0.0
26936,19.215893,1.0,0.0,1.0,,,0.0
26937,16.881544,1.0,0.0,1.0,,,0.0
26938,9.358047,1.0,0.0,1.0,,,0.0
26939,12.778078,1.0,0.0,1.0,,,0.0
26940,4.521789,1.0,0.0,1.0,,,0.0
26941,49.337208,1.0,0.0,1.0,,,0.0
26942,9.07866,1.0,0.0,1.0,,,0.0
26943,1.9225378,1.0,0.0,1.0,,,0.0
26944,39.59441,1.0,0.0,1.0,,,0.0
26945,3.944534,1.0,0.0,1.0,,,0.0
26946,19.244022,1.0,0.0,1.0,,,0.0
26947,15.984256,1.0,0.0,1.0,,,0.0
26948,9.35484,1.0,0.0,1.0,,,0.0
26949,40.839893,1.0,0.0,1.0,,,0.0
26950,39.621334,1.0,0.0,1.0,,,0.0
26951,108.342125,1.0,0.0,1.0,,,0.0
26952,40.50304,1.0,0.0,1.0,,,0.0
26953,1.7933809,1.0,0.0,1.0,,,0.0
26954,14.943771,1.0,0.0038022813,1.0,,,0.0
26955,28.922083,1.0,0.0,1.0,,,0.0
26956,13.686739,1.0,0.0068965517,1.0,,,0.0
26957,14.902115,1.0,0.0,1.0,,,0.0
26958,2.1144083,1.0,0.0,1.0,,,0.0
26959,8.377863,1.0,0.0,1.0,,,0.0
26960,2.5063276,1.0,0.0,1.0,,,0.0
26961,8.945152,1.0,0.0,1.0,,,0.0
26962,17.293251,1.0,0.0,1.0,,,0.0
26963,4.7361355,1.0,0.0,1.0,,,0.0
26964,20.102848,1.0,0.0,1.0,,,0.0
26965,9.226552,1.0,0.0,1.0,,,0.0
26966,9.742422,1.0,0.0,1.0,,,0.0
26967,16.552843,1.0,0.0,1.0,,,0.0
26968,13.936645,1.0,0.0,1.0,,,0.0
26969,5.813688,1.0,0.0,1.0,,,0.0
26970,7.229159,1.0,0.0,1.0,,,0.0
26971,10.6026125,1.0,0.0,1.0,,,0.0
26972,3.015241,1.0,0.0,1.0,,,0.0
26973,3.1972554,1.0,0.0,1.0,,,0.0
26974,3.5519788,1.0,0.0,1.0,,,0.0
26975,1.5857438,1.0,0.0,1.0,,,0.0
26976,4.5282264,1.0,0.0,1.0,,,0.0
26977,32.628857,1.0,0.0,1.0,,,0.0
26978,11.652177,1.0,0.0,1.0,,,0.0
26979,8.945789,1.0,0.0,1.0,,,0.0
26980,4.350228,1.0,0.0,1.0,,,0.0
26981,45.374207,1.0,0.0,1.0,,,0.0
26982,9.062673,1.0,0.04761905,1.0,,,0.0
26983,16.878563,1.0,0.0,1.0,,,0.0
26984,13.135396,1.0,0.0,1.0,,,0.0
26985,1.391932,1.0,0.0,1.0,,,0.0
26986,13.06947,1.0,0.0,1.0,,,0.0
26987,12.042864,1.0,0.012345679,1.0,,,0.0
26988,15.741682,1.0,0.0,1.0,,,0.0
26989,2.1443584,1.0,0.0,1.0,,,0.0
26990,56.71575,1.0,0.0,1.0,,,0.0
26991,7.6626124,1.0,0.0,1.0,,,0.0
26992,17.24244,1.0,0.0,1.0,,,0.0
26993,15.532078,1.0,0.023809524,1.0,,,0.0
26994,3.3162055,1.0,0.0,1.0,,,0.0
26995,1.0166324,1.0,0.039215688,1.0,,,0.0
26996,22.680655,1.0,0.0,1.0,,,0.0
26997,9.754685,1.0,0.0,1.0,,,0.0
26998,18.809147,1.0,0.0,1.0,,,0.0
26999,3.3596768,1.0,0.0,1.0,,,0.0
27000,3.0202606,1.0,0.0,1.0,,,0.0
27001,30.562757,1.0,0.0,1.0,,,0.0
27002,10.552458,1.0,0.0,1.0,,,0.0
27003,11.382668,1.0,0.0,1.0,,,0.0
27004,2.9192054,1.0,0.0,1.0,,,0.0
27005,7.9245996,1.0,0.0,1.0,,,0.0
27006,10.777536,1.0,0.0,1.0,,,0.0
27007,8.186232,1.0,0.0,1.0,,,0.0
27008,1.2538544,1.0,0.0,1.0,,,0.0
27009,17.876175,1.0,0.0,1.0,,,0.0
27010,3.7501903,1.0,0.0,1.0,,,0.0
27011,5.7442684,1.0,0.0,1.0,,,0.0
27012,1.174172,1.0,0.0,1.0,,,0.0
27013,29.10761,1.0,0.0,1.0,,,0.0
27014,31.928665,1.0,0.0,1.0,,,0.0
27015,15.503401,1.0,0.0,1.0,,,0.0
27016,0.9241918,1.0,0.004651163,1.0,,,0.0
27017,2.103196,1.0,0.0,1.0,,,0.0
27018,2.3737597,1.0,0.014084507,1.0,,,0.0
27019,7.5149393,1.0,0.0,1.0,,,0.0
27020,3.139907,1.0,0.09090909,1.0,,,0.0
27021,19.227715,1.0,0.0,1.0,,,0.0
27022,15.132633,1.0,0.0,1.0,,,0.0
27023,2.8453019,1.0,0.014925373,1.0,,,0.0
27024,2.5423374,1.0,0.0,1.0,,,0.0
27025,0.6835891,1.0,0.5,1.0,,,0.0
27026,21.874973,1.0,0.0,1.0,,,0.0
27027,10.451274,1.0,0.0,1.0,,,0.0
27028,3.8318505,1.0,0.0,1.0,,,0.0
27029,57.319286,1.0,0.033333335,1.0,,,0.0
27030,7.930574,1.0,0.0018484289,1.0,,,0.0
27031,6.652539,1.0,0.0,1.0,,,0.0
27032,21.464493,1.0,0.0,1.0,,,0.0
27033,19.382065,1.0,0.0,1.0,,,0.0
27034,7.4005885,1.0,0.024390243,1.0,,,0.0
27035,15.510603,1.0,0.0,1.0,,,0.0
27036,1.2143984,1.0,0.0,1.0,,,0.0
27037,7.6518297,1.0,0.0,1.0,,,0.0
27038,5.232016,1.0,0.0,1.0,,,0.0
27039,9.0664015,1.0,0.0,1.0,,,0.0
27040,43.118603,1.0,0.0,1.0,,,0.0
27041,30.161976,1.0,0.0,1.0,,,0.0
27042,5.232582,1.0,0.0,1.0,,,0.0
27043,0.4852223,1.0,0.0,1.0,,,0.0
27044,12.854008,1.0,0.0,1.0,,,0.0
27045,11.753758,1.0,0.0,1.0,,,0.0
27046,24.755785,1.0,0.0,1.0,,,0.0
27047,19.60191,1.0,0.0,1.0,,,0.0
27048,35.248066,1.0,0.0,1.0,,,0.0
27049,3.8622048,1.0,0.0,1.0,,,0.0
27050,25.514368,1.0,0.0,1.0,,,0.0
27051,14.700169,1.0,0.0,1.0,,,0.0
27052,0.3750703,1.0,0.0091743115,1.0,,,0.0
27053,4.0127907,1.0,0.0,1.0,,,0.0
27054,10.411846,1.0,0.0,1.0,,,0.0
27055,1.3682215,1.0,0.0,1.0,,,0.0
27056,4.2937818,1.0,0.0,1.0,,,0.0
27057,55.378963,1.0,0.012345679,1.0,,,0.0
27058,4.4458423,1.0,0.0,1.0,,,0.0
27059,5.061821,1.0,0.0018281536,1.0,,,0.0
27060,15.169617,1.0,0.0,1.0,,,0.0
27061,7.4807525,1.0,0.0,1.0,,,0.0
27062,8.654224,1.0,0.11111111,1.0,,,0.0
27063,8.754653,1.0,0.0,1.0,,,0.0
27064,3.558853,1.0,0.0,1.0,,,0.0
27065,5.222362,1.0,0.0,1.0,,,0.0
27066,6.214307,1.0,0.0,1.0,,,0.0
27067,1.9930164,1.0,0.0,1.0,,,0.0
27068,6.113692,1.0,0.0,1.0,,,0.0
27069,18.877625,1.0,0.0,1.0,,,0.0
27070,12.943825,1.0,0.0,1.0,,,0.0
27071,2.4414952,1.0,0.008403362,1.0,,,0.0
27072,10.887891,1.0,0.0,1.0,,,0.0
27073,3.6721807,1.0,0.0,1.0,,,0.0
27074,7.5421343,1.0,0.0,1.0,,,0.0
27075,12.61283,1.0,0.0,1.0,,,0.0
27076,99.134476,1.0,0.0,1.0,,,0.0
27077,20.423462,1.0,0.0,1.0,,,0.0
27078,1.3157406,1.0,0.0027855153,1.0,,,0.0
27079,26.683714,1.0,0.0,1.0,,,0.0
27080,8.621264,1.0,0.0,1.0,,,0.0
27081,35.00725,1.0,0.0,1.0,,,0.0
27082,2.7222502,1.0,0.0,1.0,,,0.0
27083,15.398697,1.0,0.0,1.0,,,0.0
27084,2.0786123,1.0,0.0,1.0,,,0.0
27085,7.996756,1.0,0.0,1.0,,,0.0
27086,4.048984,1.0,0.0,1.0,,,0.0
27087,9.662169,1.0,0.0,1.0,,,0.0
27088,9.810234,1.0,0.0,1.0,,,0.0
27089,3.1500552,1.0,0.0,1.0,,,0.0
27090,1.2416838,1.0,0.0,1.0,,,0.0
27091,18.301256,1.0,0.0,1.0,,,0.0
27092,22.317558,1.0,0.0,1.0,,,0.0
27093,1.9703704,1.0,0.0,1.0,,,0.0
27094,13.783918,1.0,0.0,1.0,,,0.0
27095,16.289515,1.0,0.0,1.0,,,0.0
27096,2.2873886,1.0,0.0,1.0,,,0.0
27097,4.4688644,1.0,0.0,1.0,,,0.0
27098,1.3685595,1.0,0.0,1.0,,,0.0
27099,6.47282,1.0,0.0,1.0,,,0.0
27100,22.983883,1.0,0.0,1.0,,,0.0
27101,14.597908,1.0,0.0,1.0,,,0.0
27102,1.1633496,1.0,0.0,1.0,,,0.0
27103,12.40613,1.0,0.0,1.0,,,0.0
27104,0.9677919,1.0,0.004219409,1.0,,,0.0
27105,2.3833244,1.0,0.0,1.0,,,0.0
27106,10.826242,1.0,0.0,1.0,,,0.0
27107,7.9779625,1.0,0.0,1.0,,,0.0
27108,20.306541,1.0,0.0,1.0,,,0.0
27109,22.548363,1.0,0.0,1.0,,,0.0
27110,2.9430423,1.0,0.0,1.0,,,0.0
27111,45.316986,1.0,0.0,1.0,,,0.0
27112,26.682993,1.0,0.0,1.0,,,0.0
27113,6.007007,1.0,0.0,1.0,,,0.0
27114,2.4497316,1.0,0.024390243,1.0,,,0.0
27115,18.66259,1.0,0.0,1.0,,,0.0
27116,42.33811,1.0,0.0,1.0,,,0.0
27117,3.5704672,1.0,0.0,1.0,,,0.0
27118,17.246632,1.0,0.00952381,1.0,,,0.0
27119,14.703046,1.0,0.0,1.0,,,0.0
27120,1.7655512,1.0,0.0,1.0,,,0.0
27121,17.3507,1.0,0.0,1.0,,,0.0
27122,23.696447,1.0,0.0,1.0,,,0.0
27123,40.21296,1.0,0.0,1.0,,,0.0
27124,2.906217,1.0,0.0,1.0,,,0.0
27125,7.324265,1.0,0.0,1.0,,,0.0
27126,1.6212541,1.0,0.0,1.0,,,0.0
27127,10.5620365,1.0,0.0,1.0,,,0.0
27128,13.769259,1.0,0.0,1.0,,,0.0
27129,7.608638,1.0,0.0,1.0,,,0.0
27130,23.151915,1.0,0.0,1.0,,,0.0
27131,1.8116692,1.0,0.0,1.0,,,0.0
27132,1.6202712,1.0,0.0,1.0,,,0.0
27133,26.745647,1.0,0.0,1.0,,,0.0
27134,40.141743,1.0,0.005319149,1.0,,,0.0
27135,5.66111,1.0,0.0,1.0,,,0.0
27136,2.1585252,1.0,0.0,1.0,,,0.0
27137,14.999493,1.0,0.0,1.0,,,0.0
27138,9.700305,1.0,0.0,1.0,,,0.0
27139,11.348627,1.0,0.0,1.0,,,0.0
27140,0.96271676,1.0,0.0,1.0,,,0.0
27141,19.316387,1.0,0.0,1.0,,,0.0
27142,10.211572,1.0,0.0,1.0,,,0.0
27143,25.54896,1.0,0.0,1.0,,,0.0
27144,13.851258,1.0,0.0,1.0,,,0.0
27145,7.1464486,1.0,0.007874016,1.0,,,0.0
27146,2.5099163,1.0,0.0021141649,1.0,,,0.0
27147,5.5506616,1.0,0.0,1.0,,,0.0
27148,16.046932,1.0,0.0,1.0,,,0.0
27149,8.192005,1.0,0.0,1.0,,,0.0
27150,27.842503,1.0,0.0,1.0,,,0.0
27151,44.898033,1.0,0.0,1.0,,,0.0
27152,1.7897213,1.0,0.0,1.0,,,0.0
27153,5.346709,1.0,0.0,1.0,,,0.0
27154,18.045158,1.0,0.0,1.0,,,0.0
27155,2.326174,1.0,0.027027028,1.0,,,0.0
27156,30.882236,1.0,0.04347826,1.0,,,0.0
27157,1.6829368,1.0,0.0,1.0,,,0.0
27158,3.509104,1.0,0.0,1.0,,,0.0
27159,32.950615,1.0,0.0,1.0,,,0.0
27160,35.850628,1.0,0.0,1.0,,,0.0
27161,30.414965,1.0,0.0,1.0,,,0.0
27162,3.4815125,1.0,0.0,1.0,,,0.0
27163,9.845825,1.0,0.016666668,1.0,,,0.0
27164,8.406528,1.0,0.0,1.0,,,0.0
27165,6.6256814,1.0,0.0,1.0,,,0.0
27166,20.202394,1.0,0.0,1.0,,,0.0
27167,3.6671035,1.0,0.0,1.0,,,0.0
27168,8.625482,1.0,0.0,1.0,,,0.0
27169,8.187954,1.0,0.037037037,1.0,,,0.0
27170,37.33581,1.0,0.0,1.0,,,0.0
27171,23.567223,1.0,0.0,1.0,,,0.0
27172,27.312698,1.0,0.03448276,1.0,,,0.0
27173,5.087752,1.0,0.0,1.0,,,0.0
27174,8.895789,1.0,0.0,1.0,,,0.0
27175,14.689215,1.0,0.016949153,1.0,,,0.0
27176,11.236727,1.0,0.0,1.0,,,0.0
27177,10.839958,1.0,0.016949153,1.0,,,0.0
27178,34.173973,1.0,0.0,1.0,,,0.0
27179,2.4516516,1.0,0.0,1.0,,,0.0
27180,2.0300744,1.0,0.0013908206,1.0,,,0.0
27181,3.5462048,1.0,0.0,1.0,,,0.0
27182,13.824058,1.0,0.0,1.0,,,0.0
27183,31.488188,1.0,0.0,1.0,,,0.0
27184,5.3062625,1.0,0.0,1.0,,,0.0
27185,8.949516,1.0,0.0,1.0,,,0.0
27186,30.814108,1.0,0.0,1.0,,,0.0
27187,6.1087904,1.0,0.0049751243,1.0,,,0.0
27188,16.523008,1.0,0.0,1.0,,,0.0
27189,15.339009,1.0,0.0,1.0,,,0.0
27190,38.75172,1.0,0.0,1.0,,,0.0
27191,14.328882,1.0,0.0,1.0,,,0.0
27192,13.177993,1.0,0.0,1.0,,,0.0
27193,6.3352084,1.0,0.0,1.0,,,0.0
27194,7.025503,1.0,0.0,1.0,,,0.0
27195,0.30403188,1.0,0.0,1.0,,,0.0
27196,2.420794,1.0,0.0,1.0,,,0.0
27197,13.393465,1.0,0.008130081,1.0,,,0.0
27198,10.436237,1.0,0.0,1.0,,,0.0
27199,12.133333,1.0,0.0013140604,1.0,,,0.0
27200,64.66152,1.0,0.0,1.0,,,0.0
27201,2.8550344,1.0,0.0,1.0,,,0.0
27202,11.341425,1.0,0.0,1.0,,,0.0
27203,16.91928,1.0,0.0,1.0,,,0.0
27204,37.462784,1.0,0.0,1.0,,,0.0
27205,30.223225,1.0,0.0,1.0,,,0.0
27206,23.04875,1.0,0.0,1.0,,,0.0
27207,5.0846367,1.0,0.0,1.0,,,0.0
27208,3.135842,1.0,0.0046948357,1.0,,,0.0
27209,3.7381072,1.0,0.0,1.0,,,0.0
27210,10.801073,1.0,0.0,1.0,,,0.0
27211,6.18406,1.0,0.0,1.0,,,0.0
27212,7.1157026,1.0,0.0,1.0,,,0.0
27213,6.390791,1.0,0.0,1.0,,,0.0
27214,1.2175193,1.0,0.028169014,1.0,,,0.0
27215,15.582333,1.0,0.0,1.0,,,0.0
27216,3.9405944,1.0,0.0,1.0,,,0.0
27217,16.266573,1.0,0.0,1.0,,,0.0
27218,8.601975,1.0,0.0040816325,1.0,,,0.0
27219,1.9511963,1.0,0.0,1.0,,,0.0
27220,27.870445,1.0,0.0,1.0,,,0.0
27221,38.739883,1.0,0.0,1.0,,,0.0
27222,1.5971125,1.0,0.071428575,1.0,,,0.0
27223,37.466564,1.0,0.0,1.0,,,0.0
27224,4.5358353,1.0,0.0,1.0,,,0.0
27225,14.420879,1.0,0.0,1.0,,,0.0
27226,17.082296,1.0,0.0,1.0,,,0.0
27227,9.613472,1.0,0.0,1.0,,,0.0
27228,1.5466472,1.0,0.0,1.0,,,0.0
27229,25.65504,1.0,0.0,1.0,,,0.0
27230,5.343374,1.0,0.0,1.0,,,0.0
27231,4.862775,1.0,0.0,1.0,,,0.0
27232,42.16066,1.0,0.0,1.0,,,0.0
27233,1.9040152,1.0,0.0044247787,1.0,,,0.0
27234,56.67542,1.0,0.0,1.0,,,0.0
27235,9.648828,1.0,0.0,1.0,,,0.0
27236,20.172848,1.0,0.0,1.0,,,0.0
27237,9.371448,1.0,0.0,1.0,,,0.0
27238,21.784966,1.0,0.0,1.0,,,0.0
27239,20.32313,1.0,0.0,1.0,,,0.0
27240,15.10294,1.0,0.0,1.0,,,0.0
27241,6.0663266,1.0,0.0,1.0,,,0.0
27242,5.2349133,1.0,0.0,1.0,,,0.0
27243,6.4580774,1.0,0.0,1.0,,,0.0
27244,4.275246,1.0,0.011494253,1.0,,,0.0
27245,1.4234114,1.0,0.0,1.0,,,0.0
27246,20.606392,1.0,0.0,1.0,,,0.0
27247,16.371914,1.0,0.0,1.0,,,0.0
27248,17.734888,1.0,0.0,1.0,,,0.0
27249,6.0161333,1.0,0.0,1.0,,,0.0
27250,4.392706,1.0,0.0,1.0,,,0.0
27251,6.20008,1.0,0.0,1.0,,,0.0
27252,23.061047,1.0,0.0,1.0,,,0.0
27253,3.3114903,1.0,0.0,1.0,,,0.0
27254,4.8481727,1.0,0.005154639,1.0,,,0.0
27255,59.268467,1.0,0.0,1.0,,,0.0
27256,53.98461,1.0,0.0,1.0,,,0.0
27257,70.6527,1.0,0.0,1.0,,,0.0
27258,13.446834,1.0,0.0,1.0,,,0.0
27259,4.0816708,1.0,0.0,1.0,,,0.0
27260,2.208764,1.0,0.0,1.0,,,0.0
27261,1.3011109,1.0,0.0,1.0,,,0.0
27262,2.550367,1.0,0.0,1.0,,,0.0
27263,3.015241,1.0,0.0,1.0,,,0.0
27264,6.2906284,1.0,0.0,1.0,,,0.0
27265,2.429203,1.0,0.0,1.0,,,0.0
27266,16.695372,1.0,0.0,1.0,,,0.0
27267,2.7114813,1.0,0.0,1.0,,,0.0
27268,4.713627,1.0,0.0,1.0,,,0.0
27269,1.7760984,1.0,0.0,1.0,,,0.0
27270,0.8557256,1.0,0.011299435,1.0,,,0.0
27271,15.30935,1.0,0.0,1.0,,,0.0
27272,5.3768773,1.0,0.0,1.0,,,0.0
27273,13.7164545,1.0,0.0,1.0,,,0.0
27274,24.560867,1.0,0.0,1.0,,,0.0
27275,52.18484,1.0,0.0,1.0,,,0.0
27276,8.031329,1.0,0.0,1.0,,,0.0
27277,9.115721,1.0,0.0,1.0,,,0.0
27278,13.312808,1.0,0.0,1.0,,,0.0
27279,2.742447,1.0,0.010152284,1.0,,,0.0
27280,23.2515,1.0,0.0,1.0,,,0.0
27281,11.411313,1.0,0.0,1.0,,,0.0
27282,4.0972466,1.0,0.0,1.0,,,0.0
27283,25.708672,1.0,0.0,1.0,,,0.0
27284,56.76366,1.0,0.0,1.0,,,0.0
27285,12.663508,1.0,0.0,1.0,,,0.0
27286,7.978052,1.0,0.0,1.0,,,0.0
27287,13.051674,1.0,0.024390243,1.0,,,0.0
27288,2.8359272,1.0,0.0,1.0,,,0.0
27289,0.9677919,1.0,0.004255319,1.0,,,0.0
27290,5.2902713,1.0,0.0,1.0,,,0.0
27291,22.632208,1.0,0.0,1.0,,,0.0
27292,18.752657,1.0,0.004484305,1.0,,,0.0
27293,4.910205,1.0,0.0,1.0,,,0.0
27294,6.0500546,1.0,0.0,1.0,,,0.0
27295,4.8122096,1.0,0.0,1.0,,,0.0
27296,18.356102,1.0,0.0,1.0,,,0.0
27297,6.478575,1.0,0.0,1.0,,,0.0
27298,8.9786625,1.0,0.0,1.0,,,0.0
27299,14.380034,1.0,0.009615385,1.0,,,0.0
27300,22.738113,1.0,0.0,1.0,,,0.0
27301,3.10909,1.0,0.0,1.0,,,0.0
27302,1.8401175,1.0,0.005076142,1.0,,,0.0
27303,2.7138796,1.0,0.0,1.0,,,0.0
27304,7.509491,1.0,0.0,1.0,,,0.0
27305,34.886124,1.0,0.0,1.0,,,0.0
27306,5.3147993,1.0,0.0,1.0,,,0.0
27307,6.046517,1.0,0.0,1.0,,,0.0
27308,11.97726,1.0,0.004237288,1.0,,,0.0
27309,10.075454,1.0,0.0,1.0,,,0.0
27310,6.668465,1.0,0.0,1.0,,,0.0
27311,3.987187,1.0,0.0,1.0,,,0.0
27312,11.01772,1.0,0.0,1.0,,,0.0
27313,2.8936722,1.0,0.0,1.0,,,0.0
27314,14.513131,1.0,0.0,1.0,,,0.0
27315,24.226957,1.0,0.0,1.0,,,0.0
27316,34.237404,1.0,0.0,1.0,,,0.0
27317,8.847596,1.0,0.0,1.0,,,0.0
27318,5.9316473,1.0,0.0,1.0,,,0.0
27319,2.5149288,1.0,0.0,1.0,,,0.0
27320,1.1633496,1.0,0.0,1.0,,,0.0
27321,49.03667,1.0,0.0,1.0,,,0.0
27322,1.8319448,1.0,0.0,1.0,,,0.0
27323,13.854166,1.0,0.0,1.0,,,0.0
27324,1.9648008,1.0,0.0,1.0,,,0.0
27325,16.981762,1.0,0.0,1.0,,,0.0
27326,9.47317,1.0,0.0,1.0,,,0.0
27327,0.7590605,1.0,0.0,1.0,,,0.0
27328,38.48022,1.0,0.0,1.0,,,0.0
27329,14.694734,1.0,0.0,1.0,,,0.0
27330,1.7735065,1.0,0.0051282053,1.0,,,0.0
27331,31.816439,1.0,0.0,1.0,,,0.0
27332,2.8501213,1.0,0.0,1.0,,,0.0
27333,6.589494,1.0,0.0,1.0,,,0.0
27334,1.7859528,1.0,0.0,1.0,,,0.0
27335,8.93778,1.0,0.0,1.0,,,0.0
27336,13.335626,1.0,0.0046296297,1.0,,,0.0
27337,2.8395894,1.0,0.0,1.0,,,0.0
27338,69.13106,1.0,0.005235602,1.0,,,0.0
27339,44.472416,1.0,0.0,1.0,,,0.0
27340,3.0788555,1.0,0.0038610038,1.0,,,0.0
27341,10.069601,1.0,0.0,1.0,,,0.0
27342,7.0856156,1.0,0.0,1.0,,,0.0
27343,9.418209,1.0,0.0,1.0,,,0.0
27344,6.806485,1.0,0.0,1.0,,,0.0
27345,14.041838,1.0,0.0,1.0,,,0.0
27346,19.47356,1.0,0.13333334,1.0,,,0.0
27347,8.076237,1.0,0.0,1.0,,,0.0
27348,7.985372,1.0,0.0,1.0,,,0.0
27349,9.092971,1.0,0.0,1.0,,,0.0
27350,2.0300744,1.0,0.0,1.0,,,0.0
27351,27.649664,1.0,0.0,1.0,,,0.0
27352,6.882447,1.0,0.0,1.0,,,0.0
27353,11.648384,1.0,0.0,1.0,,,0.0
27354,15.292889,1.0,0.0,1.0,,,0.0
27355,11.702458,1.0,0.0,1.0,,,0.0
27356,9.636495,1.0,0.0,1.0,,,0.0
27357,10.556335,1.0,0.0,1.0,,,0.0
27358,2.0039382,1.0,0.0,1.0,,,0.0
27359,35.49267,1.0,0.0,1.0,,,0.0
27360,14.057846,1.0,0.0,1.0,,,0.0
27361,4.5498104,1.0,0.0,1.0,,,0.0
27362,1.5466472,1.0,0.0,1.0,,,0.0
27363,12.849606,1.0,0.0,1.0,,,0.0
27364,30.029192,1.0,0.0,1.0,,,0.0
27365,5.8974752,1.0,0.0,1.0,,,0.0
27366,10.342371,1.0,0.0,1.0,,,0.0
27367,20.50495,1.0,0.0,1.0,,,0.0
27368,1.4233406,1.0,0.0,1.0,,,0.0
27369,9.810234,1.0,0.0,1.0,,,0.0
27370,33.066593,1.0,0.0,1.0,,,0.0
27371,9.725309,1.0,0.0,1.0,,,0.0
27372,0.85564446,1.0,0.030303031,1.0,,,0.0
27373,3.5761013,1.0,0.0,1.0,,,0.0
27374,8.803576,1.0,0.0,1.0,,,0.0
27375,10.252178,1.0,0.0,1.0,,,0.0
27376,64.5618,1.0,0.0,1.0,,,0.0
27377,14.413921,1.0,0.0,1.0,,,0.0
27378,3.0312057,1.0,0.0016313214,1.0,,,0.0
27379,9.480995,1.0,0.0,1.0,,,0.0
27380,3.5365756,1.0,0.0,1.0,,,0.0
27381,1.4230248,1.0,0.0,1.0,,,0.0
27382,12.7714,1.0,0.0,1.0,,,0.0
27383,7.5517673,1.0,0.0,1.0,,,0.0
27384,1.8398014,1.0,0.003215434,1.0,,,0.0
27385,2.8365967,1.0,0.0,1.0,,,0.0
27386,4.359739,1.0,0.0,1.0,,,0.0
27387,6.175145,1.0,0.0,1.0,,,0.0
27388,8.895109,1.0,0.0,1.0,,,0.0
27389,4.6077094,1.0,0.0,1.0,,,0.0
27390,34.165283,1.0,0.0,1.0,,,0.0
27391,14.343285,1.0,0.0,1.0,,,0.0
27392,11.890944,1.0,0.0,1.0,,,0.0
27393,27.482258,1.0,0.0,1.0,,,0.0
27394,4.745665,1.0,0.0,1.0,,,0.0
27395,30.323294,1.0,0.0,1.0,,,0.0
27396,4.118054,1.0,0.0,1.0,,,0.0
27397,15.188851,1.0,0.0,1.0,,,0.0
27398,5.7654405,1.0,0.0,1.0,,,0.0
27399,8.194734,1.0,0.007633588,1.0,,,0.0
27400,20.678915,1.0,0.0,1.0,,,0.0
27401,1.1552655,1.0,0.0,1.0,,,0.0
27402,3.5491424,1.0,0.022727273,1.0,,,0.0
27403,12.762304,1.0,0.0,1.0,,,0.0
27404,42.076538,1.0,0.0,1.0,,,0.0
27405,31.125488,1.0,0.0,1.0,,,0.0
27406,23.234327,1.0,0.0027855153,1.0,,,0.0
27407,1.5603697,1.0,0.0,1.0,,,0.0
27408,36.473244,1.0,0.0,1.0,,,0.0
27409,5.3062625,1.0,0.0,1.0,,,0.0
27410,3.5447893,1.0,0.0,1.0,,,0.0
27411,10.437544,1.0,0.0,1.0,,,0.0
27412,30.586939,1.0,0.0,1.0,,,0.0
27413,37.412365,1.0,0.0,1.0,,,0.0
27414,10.064016,1.0,0.0,1.0,,,0.0
27415,16.790339,1.0,0.0,1.0,,,0.0
27416,24.558334,1.0,0.0,1.0,,,0.0
27417,5.339014,1.0,0.0,1.0,,,0.0
27418,11.257871,1.0,0.0,1.0,,,0.0
27419,7.6309304,1.0,0.0,1.0,,,0.0
27420,41.467304,1.0,0.0,1.0,,,0.0
27421,3.0225735,1.0,0.0,1.0,,,0.0
27422,17.63836,1.0,0.0,1.0,,,0.0
27423,10.573628,1.0,0.0,1.0,,,0.0
27424,4.569524,1.0,0.0,1.0,,,0.0
27425,28.436874,1.0,0.0,1.0,,,0.0
27426,3.0609317,1.0,0.0,1.0,,,0.0
27427,2.8045983,1.0,0.013157895,1.0,,,0.0
27428,26.986645,1.0,0.0,1.0,,,0.0
27429,4.7183027,1.0,0.012987013,1.0,,,0.0
27430,17.425755,1.0,0.0,1.0,,,0.0
27431,10.471442,1.0,0.0,1.0,,,0.0
27432,0.7001048,1.0,0.012578616,1.0,,,0.0
27433,8.024526,1.0,0.0,1.0,,,0.0
27434,11.311873,1.0,0.0,1.0,,,0.0
27435,17.438372,1.0,0.0,1.0,,,0.0
27436,18.019861,1.0,0.0,1.0,,,0.0
27437,36.87608,1.0,0.0,1.0,,,0.0
27438,29.399183,1.0,0.0,1.0,,,0.0
27439,3.4648771,1.0,0.0038314175,1.0,,,0.0
27440,28.975943,1.0,0.0,1.0,,,0.0
27441,7.251807,1.0,0.0,1.0,,,0.0
27442,5.326411,1.0,0.0,1.0,,,0.0
27443,13.07721,1.0,0.0,1.0,,,0.0
27444,7.484024,1.0,0.0,1.0,,,0.0
27445,2.665437,1.0,0.0,1.0,,,0.0
27446,2.7376413,1.0,0.0,1.0,,,0.0
27447,1.7751079,1.0,0.0,1.0,,,0.0
27448,2.064295,1.0,0.0,1.0,,,0.0
27449,1.5316157,1.0,0.0,1.0,,,0.0
27450,15.943446,1.0,0.0,1.0,,,0.0
27451,20.122372,1.0,0.0,1.0,,,0.0
27452,9.789431,1.0,0.0,1.0,,,0.0
27453,23.244978,1.0,0.0,1.0,,,0.0
27454,1.926108,1.0,0.013333334,1.0,,,0.0
27455,1.9251583,1.0,0.0,1.0,,,0.0
27456,1.9553628,1.0,0.0,1.0,,,0.0
27457,11.639606,1.0,0.0,1.0,,,0.0
27458,36.13332,1.0,0.0,1.0,,,0.0
27459,5.2503886,1.0,0.0,1.0,,,0.0
27460,10.569151,1.0,0.0,1.0,,,0.0
27461,12.216004,1.0,0.0,1.0,,,0.0
27462,59.01481,1.0,0.0,1.0,,,0.0
27463,2.033403,1.0,0.0,1.0,,,0.0
27464,5.245907,1.0,0.0,1.0,,,0.0
27465,7.227317,1.0,0.0,1.0,,,0.0
27466,18.124905,1.0,0.0,1.0,,,0.0
27467,5.1106806,1.0,0.0,1.0,,,0.0
27468,43.57231,1.0,0.0,1.0,,,0.0
27469,6.440778,1.0,0.0,1.0,,,0.0
27470,24.169563,1.0,0.0,1.0,,,0.0
27471,8.578171,1.0,0.0,1.0,,,0.0
27472,7.8412213,1.0,0.0,1.0,,,0.0
27473,4.7438345,1.0,0.0,1.0,,,0.0
27474,28.139528,1.0,0.0,1.0,,,0.0
27475,15.0635195,1.0,0.0,1.0,,,0.0
27476,5.2972646,1.0,0.0,1.0,,,0.0
27477,4.918755,1.0,0.0,1.0,,,0.0
27478,26.184046,1.0,0.0,1.0,,,0.0
27479,4.7114096,1.0,0.0,1.0,,,0.0
27480,16.17727,1.0,0.0,1.0,,,0.0
27481,41.92771,1.0,0.022988506,1.0,,,0.0
27482,27.32476,1.0,0.0,1.0,,,0.0
27483,28.74267,1.0,0.0,1.0,,,0.0
27484,8.110114,1.0,0.016949153,1.0,,,0.0
27485,2.0373487,1.0,0.0,1.0,,,0.0
27486,31.961271,1.0,0.0,1.0,,,0.0
27487,1.1609869,1.0,0.0070422534,1.0,,,0.0
27488,18.308645,1.0,0.0,1.0,,,0.0
27489,6.4021378,1.0,0.0,1.0,,,0.0
27490,17.534168,1.0,0.0,1.0,,,0.0
27491,17.740751,1.0,0.0,1.0,,,0.0
27492,6.435821,1.0,0.0,1.0,,,0.0
27493,22.262342,1.0,0.0,1.0,,,0.0
27494,3.5736728,1.0,0.0,1.0,,,0.0
27495,20.503506,1.0,0.0,1.0,,,0.0
27496,2.347286,1.0,0.0,1.0,,,0.0
27497,25.60255,1.0,0.0,1.0,,,0.0
27498,3.3133752,1.0,0.0,1.0,,,0.0
27499,13.844798,1.0,0.0,1.0,,,0.0
27500,2.7738495,1.0,0.004255319,1.0,,,0.0
27501,7.503004,1.0,0.0,1.0,,,0.0
27502,3.6162603,1.0,0.010752688,1.0,,,0.0
27503,1.3781562,1.0,0.0,1.0,,,0.0
27504,5.32438,1.0,0.0,1.0,,,0.0
27505,8.400373,1.0,0.0,1.0,,,0.0
27506,17.99166,1.0,0.0,1.0,,,0.0
27507,12.042864,1.0,0.0,1.0,,,0.0
27508,4.8866935,1.0,0.0,1.0,,,0.0
27509,5.6924424,1.0,0.0,1.0,,,0.0
27510,40.21494,1.0,0.0,1.0,,,0.0
27511,1.399943,1.0,0.0032573289,1.0,,,0.0
27512,17.423351,1.0,0.0,1.0,,,0.0
27513,35.895844,1.0,0.0,1.0,,,0.0
27514,13.948175,1.0,0.0,1.0,,,0.0
27515,2.4949155,1.0,0.0,1.0,,,0.0
27516,13.5160055,1.0,0.0,1.0,,,0.0
27517,6.788494,1.0,0.0,1.0,,,0.0
27518,25.13535,1.0,0.0,1.0,,,0.0
27519,6.5974884,1.0,0.0,1.0,,,0.0
27520,15.725211,1.0,0.0,1.0,,,0.0
27521,27.108444,1.0,0.0,1.0,,,0.0
27522,9.035326,1.0,0.0,1.0,,,0.0
27523,14.642003,1.0,0.0,1.0,,,0.0
27524,2.5406687,1.0,0.011494253,1.0,,,0.0
27525,7.0382304,1.0,0.0,1.0,,,0.0
27526,25.433367,1.0,0.0,1.0,,,0.0
27527,4.9489326,1.0,0.0,1.0,,,0.0
27528,3.7171578,1.0,0.0,1.0,,,0.0
27529,17.292906,1.0,0.0,1.0,,,0.0
27530,12.933343,1.0,0.0,1.0,,,0.0
27531,12.843897,1.0,0.0,1.0,,,0.0
27532,5.3346634,1.0,0.0,1.0,,,0.0
27533,10.052352,1.0,0.0,1.0,,,0.0
27534,17.926872,1.0,0.0,1.0,,,0.0
27535,17.622904,1.0,0.0,1.0,,,0.0
27536,1.431874,1.0,0.0,1.0,,,0.0
27537,18.283062,1.0,0.0,1.0,,,0.0
27538,9.312801,1.0,0.0,1.0,,,0.0
27539,7.283505,1.0,0.0,1.0,,,0.0
27540,1.7716812,1.0,0.0,1.0,,,0.0
27541,11.119258,1.0,0.0,1.0,,,0.0
27542,4.2947416,1.0,0.0,1.0,,,0.0
27543,4.4375677,1.0,0.0,1.0,,,0.0
27544,29.549255,1.0,0.0,1.0,,,0.0
27545,31.216007,1.0,0.0,1.0,,,0.0
27546,22.328156,1.0,0.0,1.0,,,0.0
27547,0.31134018,1.0,0.0,1.0,,,0.0
27548,3.9797435,1.0,0.0,1.0,,,0.0
27549,20.141306,1.0,0.0,1.0,,,0.0
27550,1.5239962,1.0,0.0,1.0,,,0.0
27551,11.291379,1.0,0.0,1.0,,,0.0
27552,1.164511,1.0,0.05263158,1.0,,,0.0
27553,105.337494,1.0,0.0,1.0,,,0.0
27554,11.45926,1.0,0.004608295,1.0,,,0.0
27555,2.5296664,1.0,0.0,1.0,,,0.0
27556,25.03402,1.0,0.0,1.0,,,0.0
27557,6.543331,1.0,0.0,1.0,,,0.0
27558,19.724144,1.0,0.0,1.0,,,0.0
27559,2.208764,1.0,0.006535948,1.0,,,0.0
27560,66.76958,1.0,0.0,1.0,,,0.0
27561,22.303543,1.0,0.0,1.0,,,0.0
27562,21.353092,1.0,0.0,1.0,,,0.0
27563,2.1091695,1.0,0.0,1.0,,,0.0
27564,2.5597029,1.0,0.0,1.0,,,0.0
27565,19.605028,1.0,0.0,1.0,,,0.0
27566,49.87287,1.0,0.0,1.0,,,0.0
27567,3.3754106,1.0,0.0,1.0,,,0.0
27568,11.520963,1.0,0.0,1.0,,,0.0
27569,15.39529,1.0,0.0,1.0,,,0.0
27570,21.516582,1.0,0.0,1.0,,,0.0
27571,2.039171,1.0,0.007751938,1.0,,,0.0
27572,1.9630108,1.0,0.0,1.0,,,0.0
27573,5.576895,1.0,0.0,1.0,,,0.0
27574,1.7897213,1.0,0.0,1.0,,,0.0
27575,13.425987,1.0,0.0,1.0,,,0.0
27576,53.431416,1.0,0.0,1.0,,,0.0
27577,7.495701,1.0,0.0,1.0,,,0.0
27578,31.579874,1.0,0.0,1.0,,,0.0
27579,6.7050133,1.0,0.0,1.0,,,0.0
27580,3.1669083,1.0,0.02631579,1.0,,,0.0
27581,6.3998365,1.0,0.0,1.0,,,0.0
27582,3.8111167,1.0,0.0,1.0,,,0.0
27583,27.431969,1.0,0.0,1.0,,,0.0
27584,6.763303,1.0,0.0,1.0,,,0.0
27585,7.9903,1.0,0.0,1.0,,,0.0
27586,3.556533,1.0,0.0,1.0,,,0.0
27587,21.387712,1.0,0.0,1.0,,,0.0
27588,34.995636,1.0,0.0,1.0,,,0.0
27589,29.758934,1.0,0.0,1.0,,,0.0
27590,14.672816,1.0,0.0,1.0,,,0.0
27591,8.0321455,1.0,0.0,1.0,,,0.0
27592,30.686073,1.0,0.0,1.0,,,0.0
27593,5.666222,1.0,0.0,1.0,,,0.0
27594,24.239767,1.0,0.0,1.0,,,0.0
27595,9.265921,1.0,0.0,1.0,,,0.0
27596,40.93188,1.0,0.0,1.0,,,0.0
27597,6.151502,1.0,0.0,1.0,,,0.0
27598,2.6687162,1.0,0.023809524,1.0,,,0.0
27599,5.1597123,1.0,0.0,1.0,,,0.0
27600,12.865076,1.0,0.0,1.0,,,0.0
27601,38.853474,1.0,0.0,1.0,,,0.0
27602,12.574084,1.0,0.0,1.0,,,0.0
27603,3.1773138,1.0,0.0,1.0,,,0.0
27604,10.000324,1.0,0.0,1.0,,,0.0
27605,3.039952,1.0,0.0,1.0,,,0.0
27606,3.9393091,1.0,0.0,1.0,,,0.0
27607,28.123783,1.0,0.0,1.0,,,0.0
27608,14.330748,1.0,0.0,1.0,,,0.0
27609,25.834217,1.0,0.0,1.0,,,0.0
27610,11.810756,1.0,0.0,1.0,,,0.0
27611,5.9141455,1.0,0.0,1.0,,,0.0
27612,5.4481144,1.0,0.0,1.0,,,0.0
27613,2.8736477,1.0,0.0,1.0,,,0.0
27614,5.0250316,1.0,0.0,1.0,,,0.0
27615,13.583983,1.0,0.0,1.0,,,0.0
27616,53.35954,1.0,0.0,1.0,,,0.0
27617,3.0496647,1.0,0.0035587188,1.0,,,0.0
27618,32.062393,1.0,0.014084507,1.0,,,0.0
27619,9.818149,1.0,0.0,1.0,,,0.0
27620,6.7753344,1.0,0.0,1.0,,,0.0
27621,9.680132,1.0,0.0,1.0,,,0.0
27622,7.9309974,1.0,0.0,1.0,,,0.0
27623,12.77647,1.0,0.0,1.0,,,0.0
27624,7.386337,1.0,0.0,1.0,,,0.0
27625,13.947633,1.0,0.0,1.0,,,0.0
27626,2.331425,1.0,0.0,1.0,,,0.0
27627,4.1511807,1.0,0.005524862,1.0,,,0.0
27628,11.594277,1.0,0.0,1.0,,,0.0
27629,1.3174735,1.0,0.5,1.0,,,0.0
27630,3.169545,1.0,0.0,1.0,,,0.0
27631,11.704723,1.0,0.0,1.0,,,0.0
27632,4.9171677,1.0,0.0,1.0,,,0.0
27633,49.257343,1.0,0.0,1.0,,,0.0
27634,16.458876,1.0,0.0,1.0,,,0.0
27635,23.77975,1.0,0.0,1.0,,,0.0
27636,2.059669,1.0,0.0,1.0,,,0.0
27637,9.493102,1.0,0.0,1.0,,,0.0
27638,6.4518676,1.0,0.0,1.0,,,0.0
27639,7.8824296,1.0,0.0,1.0,,,0.0
27640,2.439343,1.0,0.0,1.0,,,0.0
27641,4.6099844,1.0,0.0,1.0,,,0.0
27642,0.6950276,1.0,0.0,1.0,,,0.0
27643,8.995949,1.0,0.0,1.0,,,0.0
27644,4.7602034,1.0,0.0,1.0,,,0.0
27645,13.531772,1.0,0.0,1.0,,,0.0
27646,5.643752,1.0,0.0,1.0,,,0.0
27647,9.90684,1.0,0.0,1.0,,,0.0
27648,4.5717354,1.0,0.0,1.0,,,0.0
27649,1.5187494,1.0,0.0,1.0,,,0.0
27650,2.64747,1.0,0.01010101,1.0,,,0.0
27651,21.758259,1.0,0.0,1.0,,,0.0
27652,16.107395,1.0,0.0,1.0,,,0.0
27653,9.117581,1.0,0.0,1.0,,,0.0
27654,29.387468,1.0,0.0,1.0,,,0.0
27655,5.942155,1.0,0.0,1.0,,,0.0
27656,3.461385,1.0,0.0,1.0,,,0.0
27657,4.241016,1.0,0.0,1.0,,,0.0
27658,30.997696,1.0,0.0,1.0,,,0.0
27659,28.143562,1.0,0.0,1.0,,,0.0
27660,8.60059,1.0,0.0,1.0,,,0.0
27661,2.6934977,1.0,0.0,1.0,,,0.0
27662,17.404062,1.0,0.0,1.0,,,0.0
27663,2.8612673,1.0,0.0,1.0,,,0.0
27664,5.6672187,1.0,0.0,1.0,,,0.0
27665,4.062497,1.0,0.015384615,1.0,,,0.0
27666,6.3659863,1.0,0.0,1.0,,,0.0
27667,2.6361423,1.0,0.0,1.0,,,0.0
27668,8.890915,1.0,0.0,1.0,,,0.0
27669,4.2561564,1.0,0.0,1.0,,,0.0
27670,3.8257143,1.0,0.0,1.0,,,0.0
27671,2.027073,1.0,0.0,1.0,,,0.0
27672,3.6737773,1.0,0.0,1.0,,,0.0
27673,1.3639388,1.0,0.0,1.0,,,0.0
27674,30.275053,1.0,0.0,1.0,,,0.0
27675,11.783829,1.0,0.0,1.0,,,0.0
27676,3.5166087,1.0,0.0,1.0,,,0.0
27677,7.953129,1.0,0.0,1.0,,,0.0
27678,52.620434,1.0,0.0,1.0,,,0.0
27679,5.481739,1.0,0.0,1.0,,,0.0
27680,1.5198385,1.0,0.0,1.0,,,0.0
27681,3.9131558,1.0,0.0,1.0,,,0.0
27682,6.9082103,1.0,0.0,1.0,,,0.0
27683,19.323217,1.0,0.0,1.0,,,0.0
27684,3.4149964,1.0,0.0,1.0,,,0.0
27685,32.803432,1.0,0.0,1.0,,,0.0
27686,27.39719,1.0,0.0,1.0,,,0.0
27687,2.138216,1.0,0.0,1.0,,,0.0
27688,2.7329285,1.0,0.0,1.0,,,0.0
27689,4.737549,1.0,0.0,1.0,,,0.0
27690,23.596285,1.0,0.0,1.0,,,0.0
27691,28.6966,1.0,0.0,1.0,,,0.0
27692,42.46549,1.0,0.008130081,1.0,,,0.0
27693,12.305426,1.0,0.0,1.0,,,0.0
27694,16.887505,1.0,0.0,1.0,,,0.0
27695,8.250367,1.0,0.0,1.0,,,0.0
27696,14.6768265,1.0,0.0,1.0,,,0.0
27697,8.257441,1.0,0.0,1.0,,,0.0
27698,3.0157094,1.0,0.0,1.0,,,0.0
27699,6.6729765,1.0,0.0,1.0,,,0.0
27700,23.650782,1.0,0.01010101,1.0,,,0.0
27701,23.696447,1.0,0.0,1.0,,,0.0
27702,1.5466472,1.0,0.015625,1.0,,,0.0
27703,4.865698,1.0,0.016666668,1.0,,,0.0
27704,31.774532,1.0,0.0,1.0,,,0.0
27705,41.428894,1.0,0.0,1.0,,,0.0
27706,5.371432,1.0,0.0,1.0,,,0.0
27707,4.677367,1.0,0.0,1.0,,,0.0
27708,76.26888,1.0,0.0,1.0,,,0.0
27709,12.491898,1.0,0.0,1.0,,,0.0
27710,19.631742,1.0,0.0,1.0,,,0.0
27711,14.903159,1.0,0.0,1.0,,,0.0
27712,3.4029453,1.0,0.0,1.0,,,0.0
27713,6.917123,1.0,0.0,1.0,,,0.0
27714,49.982353,1.0,0.0,1.0,,,0.0
27715,17.692375,1.0,0.0,1.0,,,0.0
27716,22.732378,1.0,0.0,1.0,,,0.0
27717,4.199952,1.0,0.0,1.0,,,0.0
27718,19.54268,1.0,0.0,1.0,,,0.0
27719,7.1592436,1.0,0.0,1.0,,,0.0
27720,9.546471,1.0,0.0,1.0,,,0.0
27721,11.927129,1.0,0.0,1.0,,,0.0
27722,32.046597,1.0,0.0,1.0,,,0.0
27723,8.824255,1.0,0.0,1.0,,,0.0
27724,7.196861,1.0,0.0,1.0,,,0.0
27725,9.341925,1.0,0.0,1.0,,,0.0
27726,2.8707602,1.0,0.0,1.0,,,0.0
27727,4.539181,1.0,0.0,1.0,,,0.0
27728,37.244587,1.0,0.0029325513,1.0,,,0.0
27729,17.652925,1.0,0.0,1.0,,,0.0
27730,4.3878164,1.0,0.0,1.0,,,0.0
27731,24.701185,1.0,0.0,1.0,,,0.0
27732,12.660611,1.0,0.0,1.0,,,0.0
27733,17.285507,1.0,0.0,1.0,,,0.0
27734,17.14337,1.0,0.0,1.0,,,0.0
27735,7.715058,1.0,0.006451613,1.0,,,0.0
27736,9.638202,1.0,0.0,1.0,,,0.0
27737,13.413435,1.0,0.0,1.0,,,0.0
27738,6.016154,1.0,0.0,1.0,,,0.0
27739,7.4912186,1.0,0.0,1.0,,,0.0
27740,12.231929,1.0,0.0,1.0,,,0.0
27741,5.10884,1.0,0.0,1.0,,,0.0
27742,17.490185,1.0,0.0,1.0,,,0.0
27743,4.135389,1.0,0.0,1.0,,,0.0
27744,4.786417,1.0,0.0,1.0,,,0.0
27745,13.748638,1.0,0.0,1.0,,,0.0
27746,9.745778,1.0,0.0,1.0,,,0.0
27747,28.77363,1.0,0.0,1.0,,,0.0
27748,12.5657835,1.0,0.0,1.0,,,0.0
27749,6.7237654,1.0,0.0,1.0,,,0.0
27750,1.214461,1.0,0.0,1.0,,,0.0
27751,5.7494993,1.0,0.0,1.0,,,0.0
27752,21.887423,1.0,0.0,1.0,,,0.0
27753,6.222367,1.0,0.0,1.0,,,0.0
27754,11.759631,1.0,0.0,1.0,,,0.0
27755,39.93834,1.0,0.0,1.0,,,0.0
27756,16.232813,1.0,0.0,1.0,,,0.0
27757,1.2133642,1.0,0.032258064,1.0,,,0.0
27758,8.288683,1.0,0.0,1.0,,,0.0
27759,13.239342,1.0,0.0,1.0,,,0.0
27760,32.141586,1.0,0.0,1.0,,,0.0
27761,1.1528833,1.0,0.0,1.0,,,0.0
27762,10.1570215,1.0,0.0,1.0,,,0.0
27763,3.784504,1.0,0.0,1.0,,,0.0
27764,65.055016,1.0,0.0,1.0,,,0.0
27765,4.242505,1.0,0.0,1.0,,,0.0
27766,9.236838,1.0,0.0,1.0,,,0.0
27767,21.220142,1.0,0.0,1.0,,,0.0
27768,6.3650584,1.0,0.0,1.0,,,0.0
27769,2.8896332,1.0,0.0091743115,1.0,,,0.0
27770,0.57943773,1.0,0.0,1.0,,,0.0
27771,39.056892,1.0,0.0,1.0,,,0.0
27772,0.9389911,1.0,0.0,1.0,,,0.0
27773,25.34739,1.0,0.0,1.0,,,0.0
27774,6.7592654,1.0,0.0050251256,1.0,,,0.0
27775,4.774482,1.0,0.0,1.0,,,0.0
27776,8.472506,1.0,0.0,1.0,,,0.0
27777,5.2397676,1.0,0.0,1.0,,,0.0
27778,34.23366,1.0,0.0,1.0,,,0.0
27779,8.639981,1.0,0.0,1.0,,,0.0
27780,20.455837,1.0,0.0,1.0,,,0.0
27781,15.782064,1.0,0.0,1.0,,,0.0
27782,0.30403188,1.0,0.0,1.0,,,0.0
27783,8.911913,1.0,0.0,1.0,,,0.0
27784,36.94473,1.0,0.0,1.0,,,0.0
27785,15.316815,1.0,0.0,1.0,,,0.0
27786,15.254416,1.0,0.0,1.0,,,0.0
27787,12.080007,1.0,0.0,1.0,,,0.0
27788,2.7751076,1.0,0.0,1.0,,,0.0
27789,24.111599,1.0,0.0,1.0,,,0.0
27790,6.1147943,1.0,0.0,1.0,,,0.0
27791,26.945065,1.0,0.0,1.0,,,0.0
27792,16.45866,1.0,0.0,1.0,,,0.0
27793,8.0850725,1.0,0.0,1.0,,,0.0
27794,1.1534349,1.0,0.00877193,1.0,,,0.0
27795,21.283451,1.0,0.0,1.0,,,0.0
27796,3.427253,1.0,0.005154639,1.0,,,0.0
27797,19.725527,1.0,0.0,1.0,,,0.0
27798,5.4784427,1.0,0.0,1.0,,,0.0
27799,7.5386705,1.0,0.0,1.0,,,0.0
27800,10.684292,1.0,0.0,1.0,,,0.0
27801,50.636543,1.0,0.0,1.0,,,0.0
27802,4.3080688,1.0,0.002570694,1.0,,,0.0
27803,48.02623,1.0,0.0,1.0,,,0.0
27804,2.8670123,1.0,0.0,1.0,,,0.0
27805,2.999584,1.0,0.0,1.0,,,0.0
27806,6.0700474,1.0,0.0,1.0,,,0.0
27807,5.8579707,1.0,0.0,1.0,,,0.0
27808,3.2935104,1.0,0.0,1.0,,,0.0
27809,3.1510324,1.0,0.0,1.0,,,0.0
27810,9.89372,1.0,0.0,1.0,,,0.0
27811,18.612242,1.0,0.0,1.0,,,0.0
27812,6.442922,1.0,0.0,1.0,,,0.0
27813,5.0251384,1.0,0.0,1.0,,,0.0
27814,14.568743,1.0,0.0,1.0,,,0.0
27815,4.2084904,1.0,0.0,1.0,,,0.0
27816,4.8866935,1.0,0.0,1.0,,,0.0
27817,26.926294,1.0,0.0,1.0,,,0.0
27818,9.6340065,1.0,0.0,1.0,,,0.0
27819,52.354046,1.0,0.0,1.0,,,0.0
27820,25.239292,1.0,0.0,1.0,,,0.0
27821,12.165277,1.0,0.0,1.0,,,0.0
27822,25.421911,1.0,0.0,1.0,,,0.0
27823,2.3583777,1.0,0.0,1.0,,,0.0
27824,17.752924,1.0,0.0,1.0,,,0.0
27825,13.889755,1.0,0.0,1.0,,,0.0
27826,25.360474,1.0,0.0,1.0,,,0.0
27827,3.4746416,1.0,0.0,1.0,,,0.0
27828,3.6679072,1.0,0.0,1.0,,,0.0
27829,23.719578,1.0,0.0,1.0,,,0.0
27830,3.4304967,1.0,0.0,1.0,,,0.0
27831,9.158983,1.0,0.0,1.0,,,0.0
27832,4.295778,1.0,0.0,1.0,,,0.0
27833,2.8136072,1.0,0.0,1.0,,,0.0
27834,78.44947,1.0,0.0,1.0,,,0.0
27835,3.3925757,1.0,0.007246377,1.0,,,0.0
27836,21.312826,1.0,0.0,1.0,,,0.0
27837,12.459053,1.0,0.0,1.0,,,0.0
27838,8.474555,1.0,0.0,1.0,,,0.0
27839,36.694,1.0,0.0,1.0,,,0.0
27840,14.292107,1.0,0.0,1.0,,,0.0
27841,55.82813,1.0,0.0,1.0,,,0.0
27842,6.618381,1.0,0.0,1.0,,,0.0
27843,0.7678236,1.0,0.0,1.0,,,0.0
27844,22.359537,1.0,0.0,1.0,,,0.0
27845,25.539309,1.0,0.0,1.0,,,0.0
27846,2.6085758,1.0,0.0,1.0,,,0.0
27847,3.7039967,1.0,0.0,1.0,,,0.0
27848,7.324265,1.0,0.0,1.0,,,0.0
27849,1.6375316,1.0,0.0,1.0,,,0.0
27850,5.8181586,1.0,0.0,1.0,,,0.0
27851,2.0580165,1.0,0.0,1.0,,,0.0
27852,3.652785,1.0,0.0,1.0,,,0.0
27853,2.873482,1.0,0.00456621,1.0,,,0.0
27854,30.833414,1.0,0.0,1.0,,,0.0
27855,17.85232,1.0,0.0,1.0,,,0.0
27856,32.108692,1.0,0.012987013,1.0,,,0.0
27857,28.070202,1.0,0.0,1.0,,,0.0
27858,13.813731,1.0,0.0,1.0,,,0.0
27859,11.487784,1.0,0.0,1.0,,,0.0
27860,0.3263631,1.0,0.0,1.0,,,0.0
27861,4.6317916,1.0,0.0,1.0,,,0.0
27862,28.742403,1.0,0.0,1.0,,,0.0
27863,7.2882085,1.0,0.0,1.0,,,0.0
27864,13.783918,1.0,0.0,1.0,,,0.0
27865,2.5744913,1.0,0.0,1.0,,,0.0
27866,3.3165948,1.0,0.0040816325,1.0,,,0.0
27867,19.779072,1.0,0.0,1.0,,,0.0
27868,1.7059594,1.0,0.03125,1.0,,,0.0
27869,18.082464,1.0,0.0,1.0,,,0.0
27870,22.58951,1.0,0.0,1.0,,,0.0
27871,23.442951,1.0,0.0,1.0,,,0.0
27872,11.166318,1.0,0.0,1.0,,,0.0
27873,7.8225074,1.0,0.004608295,1.0,,,0.0
27874,20.803036,1.0,0.0,1.0,,,0.0
27875,6.410686,1.0,0.0,1.0,,,0.0
27876,1.5152965,1.0,0.0,1.0,,,0.0
27877,3.191405,1.0,0.0,1.0,,,0.0
27878,2.4534159,1.0,0.006535948,1.0,,,0.0
27879,4.0321054,1.0,0.0,1.0,,,0.0
27880,2.6767268,1.0,0.02247191,1.0,,,0.0
27881,10.839813,1.0,0.0,1.0,,,0.0
27882,25.666433,1.0,0.0,1.0,,,0.0
27883,21.59903,1.0,0.0,1.0,,,0.0
27884,3.644667,1.0,0.0,1.0,,,0.0
27885,3.4497848,1.0,0.0,1.0,,,0.0
27886,5.856108,1.0,0.0,1.0,,,0.0
27887,41.428894,1.0,0.0,1.0,,,0.0
27888,35.73018,1.0,0.0,1.0,,,0.0
27889,1.5935489,1.0,0.0,1.0,,,0.0
27890,4.6291604,1.0,0.0,1.0,,,0.0
27891,27.398802,1.0,0.0,1.0,,,0.0
27892,11.019407,1.0,0.0,1.0,,,0.0
27893,2.7312253,1.0,0.023255814,1.0,,,0.0
27894,4.279351,1.0,0.0,1.0,,,0.0
27895,8.451652,1.0,0.0,1.0,,,0.0
27896,19.90162,1.0,0.0,1.0,,,0.0
27897,16.55163,1.0,0.0,1.0,,,0.0
27898,16.126528,1.0,0.0,1.0,,,0.0
27899,38.037964,1.0,0.0,1.0,,,0.0
27900,10.31442,1.0,0.0,1.0,,,0.0
27901,5.326541,1.0,0.0,1.0,,,0.0
27902,1.3008004,1.0,0.0,1.0,,,0.0
27903,4.8466344,1.0,0.0,1.0,,,0.0
27904,9.119812,1.0,0.0,1.0,,,0.0
27905,5.39616,1.0,0.0,1.0,,,0.0
27906,0.9780625,1.0,0.0,1.0,,,0.0
27907,40.332603,1.0,0.0,1.0,,,0.0
27908,3.6809664,1.0,0.0,1.0,,,0.0
27909,25.240108,1.0,0.0,1.0,,,0.0
27910,34.17879,1.0,0.0,1.0,,,0.0
27911,3.9177175,1.0,0.0,1.0,,,0.0
27912,4.295778,1.0,0.0,1.0,,,0.0
27913,9.513192,1.0,0.0,1.0,,,0.0
27914,1.3425238,1.0,0.004524887,1.0,,,0.0
27915,17.733772,1.0,0.0,1.0,,,0.0
27916,13.677582,1.0,0.0,1.0,,,0.0
27917,7.2815895,1.0,0.0,1.0,,,0.0
27918,125.9227,1.0,0.0,1.0,,,0.0
27919,0.6950276,1.0,0.0,1.0,,,0.0
27920,3.5323424,1.0,0.0,1.0,,,0.0
27921,41.70995,1.0,0.0,1.0,,,0.0
27922,20.618395,1.0,0.0,1.0,,,0.0
27923,9.068495,1.0,0.0,1.0,,,0.0
27924,1.5864698,1.0,0.0,1.0,,,0.0
27925,12.925233,1.0,0.0,1.0,,,0.0
27926,9.145792,1.0,0.0,1.0,,,0.0
27927,7.5134873,1.0,0.0,1.0,,,0.0
27928,5.7203946,1.0,0.0,1.0,,,0.0
27929,10.180346,1.0,0.0,1.0,,,0.0
27930,19.824242,1.0,0.0,1.0,,,0.0
27931,19.45859,1.0,0.0,1.0,,,0.0
27932,4.73961,1.0,0.003921569,1.0,,,0.0
27933,28.493706,1.0,0.016393442,1.0,,,0.0
27934,3.8321712,1.0,0.0,1.0,,,0.0
27935,10.547261,1.0,0.0,1.0,,,0.0
27936,14.701804,1.0,0.0,1.0,,,0.0
27937,9.074958,1.0,0.0,1.0,,,0.0
27938,21.657558,1.0,0.018867925,1.0,,,0.0
27939,32.301422,1.0,0.0042918455,1.0,,,0.0
27940,28.118639,1.0,0.01010101,1.0,,,0.0
27941,6.3613997,1.0,0.0043290043,1.0,,,0.0
27942,5.877296,1.0,0.0,1.0,,,0.0
27943,2.881962,1.0,0.0,1.0,,,0.0
27944,4.112271,1.0,0.0,1.0,,,0.0
27945,1.0471485,1.0,0.009009009,1.0,,,0.0
27946,7.5157003,1.0,0.003215434,1.0,,,0.0
27947,27.067041,1.0,0.0,1.0,,,0.0
27948,2.9382298,1.0,0.0,1.0,,,0.0
27949,5.777744,1.0,0.0,1.0,,,0.0
27950,26.552628,1.0,0.0,1.0,,,0.0
27951,8.505965,1.0,0.0,1.0,,,0.0
27952,14.70687,1.0,0.0,1.0,,,0.0
27953,7.5410466,1.0,0.0,1.0,,,0.0
27954,21.973814,1.0,0.0,1.0,,,0.0
27955,8.162673,1.0,0.0,1.0,,,0.0
27956,7.6732078,1.0,0.020833334,1.0,,,0.0
27957,4.8309617,1.0,0.0,1.0,,,0.0
27958,7.4634967,1.0,0.0,1.0,,,0.0
27959,2.7376413,1.0,0.0,1.0,,,0.0
27960,31.198116,1.0,0.0,1.0,,,0.0
27961,10.5581,1.0,0.0,1.0,,,0.0
27962,9.647222,1.0,0.0,1.0,,,0.0
27963,4.8832397,1.0,0.0,1.0,,,0.0
27964,4.7218275,1.0,0.0,1.0,,,0.0
27965,11.312524,1.0,0.0,1.0,,,0.0
27966,3.6741636,1.0,0.0,1.0,,,0.0
27967,6.0283275,1.0,0.0,1.0,,,0.0
27968,14.907578,1.0,0.0,1.0,,,0.0
27969,0.9642609,1.0,0.0,1.0,,,0.0
27970,12.005582,1.0,0.0,1.0,,,0.0
27971,67.456924,1.0,0.0,1.0,,,0.0
27972,27.46519,1.0,0.0,1.0,,,0.0
27973,11.354346,1.0,0.0,1.0,,,0.0
27974,18.965199,1.0,0.0,1.0,,,0.0
27975,6.411835,1.0,0.0,1.0,,,0.0
27976,13.695322,1.0,0.0,1.0,,,0.0
27977,19.000923,1.0,0.0,1.0,,,0.0
27978,0.4852223,1.0,0.0,1.0,,,0.0
27979,6.0805225,1.0,0.0,1.0,,,0.0
27980,20.268408,1.0,0.0,1.0,,,0.0
27981,9.94973,1.0,0.0,1.0,,,0.0
27982,4.219427,1.0,0.0,1.0,,,0.0
27983,18.271093,1.0,0.009803922,1.0,,,0.0
27984,27.569906,1.0,0.0,1.0,,,0.0
27985,3.652785,1.0,0.0,1.0,,,0.0
27986,13.411798,1.0,0.0,1.0,,,0.0
27987,15.255453,1.0,0.0,1.0,,,0.0
27988,49.570225,1.0,0.0,1.0,,,0.0
27989,6.2906284,1.0,0.0,1.0,,,0.0
